Date,Daily Followers Gained,Total Follower Count,Daily Followed Users,Total Followed Users,Daily Tweets Posted,Total Tweets Posted,Name
2016-06-22,8700,2630146,1,1491,12,8855,BernieSanders
2016-06-23,8300,2638446,0,1491,17,8872,BernieSanders
2016-06-24,9113,2647559,0,1491,11,8883,BernieSanders
2016-06-25,8067,2655626,0,1491,5,8888,BernieSanders
2016-06-26,7116,2662742,0,1491,10,8898,BernieSanders
2016-06-27,7752,2670494,0,1491,7,8905,BernieSanders
2016-06-28,8143,2678637,0,1491,13,8918,BernieSanders
2016-06-29,4552,2683189,0,1491,4,8922,BernieSanders
2016-06-30,11669,2694858,0,1491,11,8933,BernieSanders
2016-07-01,7364,2702222,-1,1490,9,8942,BernieSanders
2016-07-02,6156,2708378,0,1490,8,8950,BernieSanders
2016-07-03,6792,2715170,0,1490,9,8959,BernieSanders
2016-07-04,8090,2723260,0,1490,5,8964,BernieSanders
2016-07-05,9228,2732488,0,1490,18,8982,BernieSanders
2016-07-06,7050,2739538,1,1491,12,8994,BernieSanders
2016-07-07,11076,2750614,-2,1489,14,9008,BernieSanders
2016-07-08,12096,2762710,0,1489,9,9017,BernieSanders
2016-07-09,7094,2769804,0,1489,14,9031,BernieSanders
2016-07-10,6566,2776370,0,1489,10,9041,BernieSanders
2016-07-11,6509,2782879,0,1489,6,9047,BernieSanders
2016-07-12,8907,2791786,1,1490,15,9062,BernieSanders
2016-07-13,5715,2797501,0,1490,11,9073,BernieSanders
2016-07-14,7841,2805342,0,1490,8,9081,BernieSanders
2016-07-15,7637,2812979,0,1490,5,9086,BernieSanders
2016-07-16,7470,2820449,0,1490,6,9092,BernieSanders
2016-07-17,7495,2827944,0,1490,3,9095,BernieSanders
2016-07-18,-370,2827574,0,1490,6,9101,BernieSanders
2016-07-19,13709,2841283,0,1490,7,9108,BernieSanders
2016-07-20,15017,2856300,0,1490,8,9116,BernieSanders
2016-07-21,10884,2867184,0,1490,7,9123,BernieSanders
2016-07-22,38590,2905774,1,1491,27,9150,BernieSanders
2016-07-23,14355,2920129,0,1491,5,9155,BernieSanders
2016-07-24,14784,2934913,-1,1490,7,9162,BernieSanders
2016-07-25,19825,2954738,0,1490,7,9169,BernieSanders
2016-07-26,56273,3011011,0,1490,21,9190,BernieSanders
2016-07-27,23056,3034067,1,1491,6,9196,BernieSanders
2016-07-28,27668,3061735,0,1491,4,9200,BernieSanders
2016-07-29,33875,3095610,0,1491,4,9204,BernieSanders
2016-07-30,13602,3109212,0,1491,4,9208,BernieSanders
2016-07-31,13310,3122522,0,1491,6,9214,BernieSanders
2016-08-01,12925,3135447,0,1491,6,9220,BernieSanders
2016-08-02,8587,3144034,1,1492,6,9226,BernieSanders
2016-08-03,6972,3151006,0,1492,6,9232,BernieSanders
2016-08-04,6080,3157086,1,1493,6,9238,BernieSanders
2016-08-05,5774,3162860,-1,1492,5,9243,BernieSanders
2016-08-06,6954,3169814,0,1492,8,9251,BernieSanders
2016-08-07,6992,3176806,0,1492,6,9257,BernieSanders
2016-08-08,6711,3183517,-1,1491,3,9260,BernieSanders
2016-08-09,7287,3190804,1,1492,11,9271,BernieSanders
2016-08-10,7419,3198223,0,1492,11,9282,BernieSanders
2016-08-11,9368,3207591,1,1493,9,9291,BernieSanders
2016-08-12,9053,3216644,0,1493,20,9311,BernieSanders
2016-08-13,8240,3224884,0,1493,8,9319,BernieSanders
2016-08-14,7853,3232737,0,1493,7,9326,BernieSanders
2016-08-15,7929,3240666,0,1493,8,9334,BernieSanders
2016-08-16,6752,3247418,0,1493,14,9348,BernieSanders
2016-08-17,5484,3252902,-1,1492,5,9353,BernieSanders
2016-08-18,5392,3258294,-1,1491,7,9360,BernieSanders
2016-08-19,5010,3263304,0,1491,4,9364,BernieSanders
2016-08-20,4647,3267951,-1,1490,5,9369,BernieSanders
2016-08-21,4307,3272258,0,1490,8,9377,BernieSanders
2016-08-22,5048,3277306,0,1490,6,9383,BernieSanders
2016-08-23,5643,3282949,0,1490,5,9388,BernieSanders
2016-08-24,5246,3288195,0,1490,7,9395,BernieSanders
2016-08-25,4785,3292980,2,1492,26,9421,BernieSanders
2016-08-26,5414,3298394,0,1492,1,9422,BernieSanders
2016-08-27,5126,3303520,0,1492,4,9426,BernieSanders
2016-08-28,5127,3308647,0,1492,6,9432,BernieSanders
2016-08-29,5318,3313965,1,1493,8,9440,BernieSanders
2016-08-30,5025,3318990,0,1493,9,9449,BernieSanders
2016-08-31,2320,3321310,0,1493,0,9449,BernieSanders
2016-09-01,5252,3326562,0,1493,10,9459,BernieSanders
2016-09-02,6524,3333086,0,1493,1,9460,BernieSanders
2016-09-03,5882,3338968,0,1493,5,9465,BernieSanders
2016-09-04,4916,3343884,1,1494,3,9468,BernieSanders
2016-09-05,5435,3349319,0,1494,7,9475,BernieSanders
2016-09-06,5041,3354360,0,1494,7,9482,BernieSanders
2016-09-07,5406,3359766,0,1494,5,9487,BernieSanders
2016-09-08,3952,3363718,0,1494,4,9491,BernieSanders
2016-09-09,5789,3369507,0,1494,6,9497,BernieSanders
2016-09-10,5305,3374812,0,1494,4,9501,BernieSanders
2016-09-11,5666,3380478,0,1494,4,9505,BernieSanders
2016-09-12,5813,3386291,0,1494,5,9510,BernieSanders
2016-09-13,6020,3392311,0,1494,5,9515,BernieSanders
2016-09-14,7733,3400044,0,1494,5,9520,BernieSanders
2016-09-15,5572,3405616,1,1495,4,9524,BernieSanders
2016-09-16,5797,3411413,3,1498,7,9531,BernieSanders
2016-09-17,6154,3417567,2,1500,13,9544,BernieSanders
2016-09-18,7561,3425128,0,1500,3,9547,BernieSanders
2016-09-19,6691,3431819,1,1501,3,9550,BernieSanders
2016-09-20,5334,3437153,0,1501,3,9553,BernieSanders
2016-09-21,6340,3443493,0,1501,1,9554,BernieSanders
2016-09-22,4738,3448231,-1,1500,7,9561,BernieSanders
2016-09-23,4604,3452835,0,1500,1,9562,BernieSanders
2016-09-24,4243,3457078,1,1501,4,9566,BernieSanders
2016-09-25,4579,3461657,1,1502,4,9570,BernieSanders
2016-09-26,8078,3469735,0,1502,3,9573,BernieSanders
2016-09-27,40344,3510079,0,1502,38,9611,BernieSanders
2016-09-28,9134,3519213,0,1502,14,9625,BernieSanders
2016-09-29,4814,3524027,0,1502,2,9627,BernieSanders
2016-09-30,8079,3532106,0,1502,5,9632,BernieSanders
2016-10-01,7542,3539648,0,1502,-1,9631,BernieSanders
2016-10-02,6069,3545717,0,1502,4,9635,BernieSanders
2016-10-03,4980,3550697,0,1502,8,9643,BernieSanders
2016-10-04,6403,3557100,2,1504,19,9662,BernieSanders
2016-10-05,11875,3568975,0,1504,15,9677,BernieSanders
2016-10-06,5699,3574674,1,1505,14,9691,BernieSanders
2016-10-07,5882,3580556,0,1505,11,9702,BernieSanders
2016-10-08,10294,3590850,0,1505,1,9703,BernieSanders
2016-10-09,9915,3600765,1,1506,1,9704,BernieSanders
2016-10-10,18755,3619520,0,1506,0,9704,BernieSanders
2016-10-11,11595,3631115,1,1507,7,9711,BernieSanders
2016-10-12,11379,3642494,0,1507,6,9717,BernieSanders
2016-10-13,9512,3652006,1,1508,5,9722,BernieSanders
2016-10-14,6171,3658177,1,1509,9,9731,BernieSanders
2016-10-15,6937,3665114,0,1509,3,9734,BernieSanders
2016-10-16,9146,3674260,0,1509,12,9746,BernieSanders
2016-10-17,10259,3684519,0,1509,17,9763,BernieSanders
2016-10-18,9610,3694129,0,1509,5,9768,BernieSanders
2016-10-19,11464,3705593,0,1509,15,9783,BernieSanders
2016-10-20,23597,3729190,0,1509,15,9798,BernieSanders
2016-10-21,8539,3737729,0,1509,7,9805,BernieSanders
2016-10-22,7860,3745589,0,1509,2,9807,BernieSanders
2016-10-23,6707,3752296,0,1509,1,9808,BernieSanders
2016-10-24,7068,3759364,0,1509,15,9823,BernieSanders
2016-10-25,4850,3764214,0,1509,4,9827,BernieSanders
2016-10-26,6054,3770268,1,1510,2,9829,BernieSanders
2016-10-27,4881,3775149,0,1510,7,9836,BernieSanders
2016-10-28,5543,3780692,0,1510,5,9841,BernieSanders
2016-10-29,5522,3786214,0,1510,2,9843,BernieSanders
2016-10-30,5310,3791524,0,1510,6,9849,BernieSanders
2016-10-31,5525,3797049,0,1510,5,9854,BernieSanders
2016-11-01,4814,3801863,0,1510,12,9866,BernieSanders
2016-11-02,6627,3808490,0,1510,7,9873,BernieSanders
2016-11-03,6390,3814880,0,1510,5,9878,BernieSanders
2016-11-04,7501,3822381,0,1510,13,9891,BernieSanders
2016-11-05,10326,3832707,0,1510,10,9901,BernieSanders
2016-11-06,7398,3840105,1,1511,16,9917,BernieSanders
2016-11-07,14606,3854711,0,1511,11,9928,BernieSanders
2016-11-08,39030,3893741,2,1513,21,9949,BernieSanders
2016-11-09,104858,3998599,-1,1512,0,9949,BernieSanders
2016-11-10,44741,4043340,0,1512,0,9949,BernieSanders
2016-11-11,53044,4096384,1,1513,10,9959,BernieSanders
2016-11-12,26622,4123006,0,1513,4,9963,BernieSanders
2016-11-13,25098,4148104,0,1513,7,9970,BernieSanders
2016-11-14,22090,4170194,0,1513,5,9975,BernieSanders
2016-11-15,16994,4187188,0,1513,6,9981,BernieSanders
2016-11-16,17095,4204283,0,1513,3,9984,BernieSanders
2016-11-17,13718,4218001,0,1513,6,9990,BernieSanders
2016-11-18,11381,4229382,0,1513,2,9992,BernieSanders
2016-11-19,14372,4243754,0,1513,1,9993,BernieSanders
2016-11-20,15924,4259678,0,1513,1,9994,BernieSanders
2016-11-21,12397,4272075,1,1514,3,9997,BernieSanders
2016-11-22,12290,4284365,1,1515,5,10002,BernieSanders
2016-11-23,13648,4298013,0,1515,3,10005,BernieSanders
2016-11-24,10372,4308385,0,1515,1,10006,BernieSanders
2016-11-25,10081,4318466,0,1515,0,10006,BernieSanders
2016-11-26,10508,4328974,0,1515,6,10012,BernieSanders
2016-11-27,12717,4341691,0,1515,4,10016,BernieSanders
2016-11-28,11442,4353133,0,1515,5,10021,BernieSanders
2016-11-29,12869,4366002,0,1515,2,10023,BernieSanders
2016-11-30,14713,4380715,-1,1514,4,10027,BernieSanders
2016-12-01,10799,4391514,-1,1513,4,10031,BernieSanders
2016-12-02,10115,4401629,0,1513,2,10033,BernieSanders
2016-12-03,10235,4411864,0,1513,3,10036,BernieSanders
2016-12-04,14471,4426335,0,1513,5,10041,BernieSanders
2016-12-05,13198,4439533,0,1513,1,10042,BernieSanders
2016-12-06,10689,4450222,0,1513,2,10044,BernieSanders
2016-12-07,11846,4462068,0,1513,5,10049,BernieSanders
2016-12-08,6999,4469067,1,1514,4,10053,BernieSanders
2016-12-09,6794,4475861,1,1515,2,10055,BernieSanders
2016-12-10,6898,4482759,0,1515,7,10062,BernieSanders
2016-12-11,5992,4488751,0,1515,4,10066,BernieSanders
2016-12-12,5052,4493803,0,1515,8,10074,BernieSanders
2016-12-13,1839,4495642,0,1515,3,10077,BernieSanders
2016-12-14,3770,4499412,0,1515,5,10082,BernieSanders
2016-12-15,1437,4500849,0,1515,1,10083,BernieSanders
2016-12-16,6385,4507234,0,1515,-1,10082,BernieSanders
2016-12-17,5857,4513091,0,1515,5,10087,BernieSanders
2016-12-18,6418,4519509,0,1515,3,10090,BernieSanders
2016-12-19,7119,4526628,2,1517,2,10092,BernieSanders
2016-12-20,6159,4532787,0,1517,3,10095,BernieSanders
2016-12-21,9047,4541834,0,1517,0,10095,BernieSanders
2016-12-22,4993,4546827,-1,1516,4,10099,BernieSanders
2016-12-23,4494,4551321,1,1517,5,10104,BernieSanders
2016-12-24,6402,4557723,0,1517,1,10105,BernieSanders
2016-12-25,5319,4563042,0,1517,0,10105,BernieSanders
2016-12-26,5405,4568447,0,1517,4,10109,BernieSanders
2016-12-27,7185,4575632,0,1517,4,10113,BernieSanders
2016-12-28,11148,4586780,0,1517,4,10117,BernieSanders
2016-12-29,6204,4592984,0,1517,3,10120,BernieSanders
2016-12-30,6857,4599841,1,1518,7,10127,BernieSanders
2016-12-31,7891,4607732,0,1518,4,10131,BernieSanders
2017-01-01,7849,4615581,0,1518,7,10138,BernieSanders
2017-01-02,7963,4623544,1,1519,6,10144,BernieSanders
2017-01-03,9535,4633079,0,1519,3,10147,BernieSanders
2017-01-04,7611,4640690,0,1519,5,10152,BernieSanders
2017-01-05,17448,4658138,0,1519,3,10155,BernieSanders
2017-01-06,14022,4672160,0,1519,6,10161,BernieSanders
2017-01-07,13376,4685536,-2,1517,0,10161,BernieSanders
2017-01-08,11490,4697026,0,1517,5,10166,BernieSanders
2017-01-09,18685,4715711,0,1517,3,10169,BernieSanders
2017-01-10,12855,4728566,0,1517,4,10173,BernieSanders
2017-01-11,24677,4753243,0,1517,1,10174,BernieSanders
2017-01-12,16456,4769699,0,1517,2,10176,BernieSanders
2017-01-13,12337,4782036,0,1517,0,10176,BernieSanders
2017-01-14,11995,4794031,0,1517,5,10181,BernieSanders
2017-01-15,13046,4807077,0,1517,53,10234,BernieSanders
2017-01-16,13768,4820845,1,1518,3,10237,BernieSanders
2017-01-17,14014,4834859,1,1519,1,10238,BernieSanders
2017-01-18,19959,4854818,0,1519,0,10238,BernieSanders
2017-01-19,15597,4870415,0,1519,1,10239,BernieSanders
2017-01-20,39346,4909761,0,1519,2,10241,BernieSanders
2017-01-21,51229,4960990,3,1522,2,10243,BernieSanders
2017-01-22,35042,4996032,0,1522,3,10246,BernieSanders
2017-01-23,38382,5034414,0,1522,3,10249,BernieSanders
2017-01-24,26453,5060867,0,1522,3,10252,BernieSanders
2017-01-25,29322,5090189,0,1522,2,10254,BernieSanders
2017-01-26,39316,5129505,0,1522,3,10257,BernieSanders
2017-01-27,26397,5155902,0,1522,3,10260,BernieSanders
2017-01-28,18270,5174172,1,1523,2,10262,BernieSanders
2017-01-29,34392,5208564,0,1523,0,10262,BernieSanders
2017-01-30,36485,5245049,0,1523,1,10263,BernieSanders
2017-01-31,31039,5276088,0,1523,4,10267,BernieSanders
2017-02-01,20791,5296879,0,1523,2,10269,BernieSanders
2017-02-02,16580,5313459,0,1523,1,10270,BernieSanders
2017-02-03,13451,5326910,0,1523,2,10272,BernieSanders
2017-02-04,19799,5346709,0,1523,2,10274,BernieSanders
2017-02-05,22826,5369535,0,1523,1,10275,BernieSanders
2017-02-06,19807,5389342,0,1523,3,10278,BernieSanders
2017-02-07,16946,5406288,0,1523,4,10282,BernieSanders
2017-02-08,21612,5427900,0,1523,11,10293,BernieSanders
2017-02-09,25335,5453235,-1,1522,3,10296,BernieSanders
2017-02-10,24324,5477559,0,1522,2,10298,BernieSanders
2017-02-11,14786,5492345,0,1522,0,10298,BernieSanders
2017-02-12,15648,5507993,0,1522,0,10298,BernieSanders
2017-02-13,16269,5524262,0,1522,5,10303,BernieSanders
2017-02-14,8568,5532830,0,1522,2,10305,BernieSanders
2017-02-15,12825,5545655,0,1522,0,10305,BernieSanders
2017-02-16,13107,5558762,-1,1521,5,10310,BernieSanders
2017-02-17,14581,5573343,0,1521,2,10312,BernieSanders
2017-02-18,11964,5585307,0,1521,1,10313,BernieSanders
2017-02-19,12574,5597881,0,1521,5,10318,BernieSanders
2017-02-20,12582,5610463,0,1521,5,10323,BernieSanders
2017-02-21,11529,5621992,0,1521,5,10328,BernieSanders
2017-02-22,9726,5631718,0,1521,5,10333,BernieSanders
2017-02-23,8077,5639795,0,1521,7,10340,BernieSanders
2017-02-24,12930,5652725,0,1521,2,10342,BernieSanders
2017-02-25,10827,5663552,0,1521,1,10343,BernieSanders
2017-02-26,20781,5684333,-1,1520,4,10347,BernieSanders
2017-02-27,15582,5699915,0,1520,6,10353,BernieSanders
2017-02-28,12225,5712140,0,1520,2,10355,BernieSanders
2017-03-01,12356,5724496,0,1520,1,10356,BernieSanders
2017-03-02,9667,5734163,0,1520,2,10358,BernieSanders
2017-03-03,15213,5749376,0,1520,1,10359,BernieSanders
2017-03-04,13038,5762414,0,1520,1,10360,BernieSanders
2017-03-05,15009,5777423,0,1520,2,10362,BernieSanders
2017-03-06,13143,5790566,0,1520,0,10362,BernieSanders
2017-03-07,12751,5803317,0,1520,2,10364,BernieSanders
2017-03-08,12867,5816184,0,1520,0,10364,BernieSanders
2017-03-09,18701,5834885,0,1520,2,10366,BernieSanders
2017-03-10,10729,5845614,0,1520,3,10369,BernieSanders
2017-03-11,8989,5854603,0,1520,1,10370,BernieSanders
2017-03-12,8400,5863003,0,1520,1,10371,BernieSanders
2017-03-13,9212,5872215,1,1521,6,10377,BernieSanders
2017-03-14,10303,5882518,1,1522,-2,10375,BernieSanders
2017-03-15,9495,5892013,0,1522,3,10378,BernieSanders
2017-03-16,8929,5900942,0,1522,1,10379,BernieSanders
2017-03-17,15816,5916758,1,1523,0,10379,BernieSanders
2017-03-18,9565,5926323,0,1523,8,10387,BernieSanders
2017-03-19,10047,5936370,0,1523,4,10391,BernieSanders
2017-03-20,9519,5945889,0,1523,3,10394,BernieSanders
2017-03-21,10178,5956067,0,1523,2,10396,BernieSanders
2017-03-22,8392,5964459,0,1523,2,10398,BernieSanders
2017-03-23,3100,5967559,0,1523,3,10401,BernieSanders
2017-03-24,15410,5982969,0,1523,3,10404,BernieSanders
2017-03-25,10883,5993852,0,1523,7,10411,BernieSanders
2017-03-26,8262,6002114,0,1523,0,10411,BernieSanders
2017-03-27,8261,6010375,0,1523,0,10411,BernieSanders
2017-03-28,7431,6017806,0,1523,0,10411,BernieSanders
2017-03-29,8595,6026401,0,1523,2,10413,BernieSanders
2017-03-30,7398,6033799,0,1523,0,10413,BernieSanders
2017-03-31,-422,6033377,0,1523,0,10413,BernieSanders
2017-04-01,9242,6042619,-1,1522,5,10418,BernieSanders
2017-04-02,6421,6049040,0,1522,6,10424,BernieSanders
2017-04-03,6391,6055431,1,1523,1,10425,BernieSanders
2017-04-04,6138,6061569,1,1524,8,10433,BernieSanders
2017-04-05,6381,6067950,0,1524,3,10436,BernieSanders
2017-04-06,-1787,6066163,0,1524,2,10438,BernieSanders
2017-04-07,11361,6077524,1,1525,1,10439,BernieSanders
2017-04-08,6513,6084037,0,1525,1,10440,BernieSanders
2017-04-09,5986,6090023,0,1525,0,10440,BernieSanders
2017-04-10,5692,6095715,0,1525,1,10441,BernieSanders
2017-04-11,6293,6102008,0,1525,3,10444,BernieSanders
2017-04-12,5928,6107936,0,1525,0,10444,BernieSanders
2017-04-13,-1412,6106524,1,1526,4,10448,BernieSanders
2017-04-14,7129,6113653,0,1526,1,10449,BernieSanders
2017-04-15,6335,6119988,0,1526,0,10449,BernieSanders
2017-04-16,5948,6125936,0,1526,0,10449,BernieSanders
2017-04-17,5841,6131777,0,1526,1,10450,BernieSanders
2017-04-18,5567,6137344,0,1526,2,10452,BernieSanders
2017-04-19,5083,6142427,1,1527,15,10467,BernieSanders
2017-04-20,5139,6147566,0,1527,1,10468,BernieSanders
2017-04-21,2246,6149812,0,1527,3,10471,BernieSanders
2017-04-22,3456,6153268,0,1527,3,10474,BernieSanders
2017-04-23,8404,6161672,0,1527,5,10479,BernieSanders
2017-04-24,7927,6169599,0,1527,0,10479,BernieSanders
2017-04-25,8147,6177746,0,1527,3,10482,BernieSanders
2017-04-26,7866,6185612,0,1527,0,10482,BernieSanders
2017-04-27,2214,6187826,0,1527,4,10486,BernieSanders
2017-04-28,7823,6195649,0,1527,4,10490,BernieSanders
2017-04-29,7786,6203435,0,1527,2,10492,BernieSanders
2017-04-30,7688,6211123,0,1527,1,10493,BernieSanders
2017-05-01,7833,6218956,0,1527,0,10493,BernieSanders
2017-05-02,8140,6227096,0,1527,1,10494,BernieSanders
2017-05-03,8675,6235771,1,1528,0,10494,BernieSanders
2017-05-04,10182,6245953,0,1528,2,10496,BernieSanders
2017-05-05,15126,6261079,0,1528,5,10501,BernieSanders
2017-05-06,11155,6272234,0,1528,0,10501,BernieSanders
2017-05-07,9926,6282160,0,1528,0,10501,BernieSanders
2017-05-08,13972,6296132,0,1528,2,10503,BernieSanders
2017-05-09,8614,6304746,0,1528,0,10503,BernieSanders
2017-05-10,9282,6314028,0,1528,1,10504,BernieSanders
2017-05-11,9777,6323805,1,1529,2,10506,BernieSanders
2017-05-12,9873,6333678,0,1529,0,10506,BernieSanders
2017-05-13,9946,6343624,0,1529,-1,10505,BernieSanders
2017-05-14,9313,6352937,0,1529,1,10506,BernieSanders
2017-05-15,9214,6362151,0,1529,0,10506,BernieSanders
2017-05-16,10088,6372239,0,1529,1,10507,BernieSanders
2017-05-17,11437,6383676,0,1529,8,10515,BernieSanders
2017-05-18,7083,6390759,0,1529,1,10516,BernieSanders
2017-05-19,14773,6405532,0,1529,1,10517,BernieSanders
2017-05-20,6196,6411728,0,1529,1,10518,BernieSanders
2017-05-21,8247,6419975,0,1529,1,10519,BernieSanders
2017-05-22,8708,6428683,0,1529,2,10521,BernieSanders
2017-05-23,9519,6438202,0,1529,3,10524,BernieSanders
2017-05-24,9412,6447614,0,1529,2,10526,BernieSanders
2017-05-25,3645,6451259,0,1529,2,10528,BernieSanders
2017-05-26,12612,6463871,0,1529,0,10528,BernieSanders
2017-05-27,6520,6470391,0,1529,1,10529,BernieSanders
2017-05-28,5899,6476290,0,1529,0,10529,BernieSanders
2017-05-29,5944,6482234,0,1529,1,10530,BernieSanders
2017-05-30,6516,6488750,0,1529,1,10531,BernieSanders
2017-05-31,7249,6495999,-1,1528,0,10531,BernieSanders
2017-06-01,9146,6505145,0,1528,1,10532,BernieSanders
2017-06-02,11986,6517131,0,1528,2,10534,BernieSanders
2017-06-03,9293,6526424,0,1528,0,10534,BernieSanders
2017-06-04,10226,6536650,0,1528,0,10534,BernieSanders
2017-06-05,10444,6547094,0,1528,3,10537,BernieSanders
2017-06-06,10045,6557139,0,1528,0,10537,BernieSanders
2017-06-07,9776,6566915,0,1528,3,10540,BernieSanders
2017-06-08,10034,6576949,0,1528,2,10542,BernieSanders
2017-06-09,10682,6587631,0,1528,4,10546,BernieSanders
2017-06-10,9156,6596787,0,1528,0,10546,BernieSanders
2017-06-11,7670,6604457,0,1528,6,10552,BernieSanders
2017-06-12,8446,6612903,0,1528,1,10553,BernieSanders
2017-06-13,8115,6621018,0,1528,2,10555,BernieSanders
2017-06-14,8970,6629988,0,1528,3,10558,BernieSanders
2017-06-15,8007,6637995,0,1528,0,10558,BernieSanders
2017-06-16,7770,6645765,0,1528,0,10558,BernieSanders
2017-06-17,11314,6657079,0,1528,0,10558,BernieSanders
2017-06-18,10493,6667572,0,1528,2,10560,BernieSanders
2017-06-19,12808,6680380,0,1528,0,10560,BernieSanders
2017-06-20,11524,6691904,1,1529,1,10561,BernieSanders
2017-06-21,11800,6703704,0,1529,0,10561,BernieSanders
2017-06-22,11606,6715310,0,1529,3,10564,BernieSanders
2017-06-23,17180,6732490,0,1529,1,10565,BernieSanders
2017-06-24,13036,6745526,0,1529,4,10569,BernieSanders
2017-06-25,11754,6757280,-1,1528,9,10578,BernieSanders
2017-06-26,12033,6769313,0,1528,2,10580,BernieSanders
2017-06-27,11174,6780487,0,1528,3,10583,BernieSanders
2017-06-28,6913,6787400,-1,1527,0,10583,BernieSanders
2017-06-29,11473,6798873,0,1527,0,10583,BernieSanders
2017-06-30,12497,6811370,0,1527,2,10585,BernieSanders
2017-07-01,10646,6822016,0,1527,1,10586,BernieSanders
2017-07-02,10041,6832057,0,1527,0,10586,BernieSanders
2017-07-03,10582,6842639,0,1527,2,10588,BernieSanders
2017-07-04,10684,6853323,0,1527,0,10588,BernieSanders
2017-07-05,11111,6864434,0,1527,3,10591,BernieSanders
2017-07-06,18381,6882815,0,1527,0,10591,BernieSanders
2017-07-07,15213,6898028,1,1528,1,10592,BernieSanders
2017-07-08,14889,6912917,0,1528,4,10596,BernieSanders
2017-07-09,13683,6926600,0,1528,1,10597,BernieSanders
2017-07-10,14463,6941063,1,1529,12,10609,BernieSanders
2017-07-11,16487,6957550,-1,1528,0,10609,BernieSanders
2017-07-12,16136,6973686,0,1528,2,10611,BernieSanders
2017-07-13,15213,6988899,0,1528,4,10615,BernieSanders
2017-07-14,16781,7005680,0,1528,0,10615,BernieSanders
2017-07-15,16971,7022651,0,1528,1,10616,BernieSanders
2017-07-16,17221,7039872,0,1528,0,10616,BernieSanders
2017-07-17,17980,7057852,-1,1527,0,10616,BernieSanders
2017-07-18,18801,7076653,0,1527,0,10616,BernieSanders
2017-07-19,18803,7095456,0,1527,2,10618,BernieSanders
2017-07-20,17293,7112749,0,1527,1,10619,BernieSanders
2017-07-21,17362,7130111,0,1527,0,10619,BernieSanders
2017-07-22,16053,7146164,1,1528,0,10619,BernieSanders
2017-07-23,15966,7162130,0,1528,0,10619,BernieSanders
2017-07-24,16361,7178491,0,1528,1,10620,BernieSanders
2017-07-25,17028,7195519,0,1528,0,10620,BernieSanders
2017-07-26,17515,7213034,0,1528,1,10621,BernieSanders
2017-07-27,16018,7229052,0,1528,0,10621,BernieSanders
2017-07-28,20273,7249325,0,1528,1,10622,BernieSanders
2017-07-29,17300,7266625,0,1528,0,10622,BernieSanders
2017-07-30,17039,7283664,1,1529,1,10623,BernieSanders
2017-07-31,17194,7300858,0,1529,0,10623,BernieSanders
2017-08-01,18150,7319008,0,1529,1,10624,BernieSanders
2017-08-02,19239,7338247,0,1529,1,10625,BernieSanders
2017-08-03,18492,7356739,0,1529,0,10625,BernieSanders
2017-08-04,14793,7371532,-1,1528,0,10625,BernieSanders
2017-08-05,13723,7385255,0,1528,1,10626,BernieSanders
2017-08-06,13158,7398413,0,1528,0,10626,BernieSanders
2017-08-07,13724,7412137,0,1528,0,10626,BernieSanders
2017-08-08,15283,7427420,0,1528,0,10626,BernieSanders
2017-08-09,15475,7442895,1,1529,0,10626,BernieSanders
2017-08-10,11117,7454012,0,1529,0,10626,BernieSanders
2017-08-11,11892,7465904,0,1529,0,10626,BernieSanders
2017-08-12,11372,7477276,0,1529,0,10626,BernieSanders
2017-08-13,17749,7495025,0,1529,3,10629,BernieSanders
2017-08-14,16583,7511608,0,1529,3,10632,BernieSanders
2017-08-15,21934,7533542,0,1529,1,10633,BernieSanders
2017-08-16,28156,7561698,0,1529,1,10634,BernieSanders
2017-08-17,19852,7581550,0,1529,0,10634,BernieSanders
2017-08-18,12655,7594205,0,1529,2,10636,BernieSanders
2017-08-19,10644,7604849,0,1529,0,10636,BernieSanders
2017-08-20,9831,7614680,0,1529,0,10636,BernieSanders
2017-08-21,9383,7624063,0,1529,3,10639,BernieSanders
2017-08-22,8948,7633011,0,1529,6,10645,BernieSanders
2017-08-23,9430,7642441,0,1529,0,10645,BernieSanders
2017-08-24,11029,7653470,0,1529,0,10645,BernieSanders
2017-08-25,10030,7663500,0,1529,0,10645,BernieSanders
2017-08-26,9345,7672845,0,1529,4,10649,BernieSanders
2017-08-27,10322,7683167,1,1530,0,10649,BernieSanders
2017-08-28,9226,7692393,0,1530,0,10649,BernieSanders
2017-08-29,8099,7700492,-1,1529,3,10652,BernieSanders
2017-08-30,16314,7716806,0,1529,0,10652,BernieSanders
2017-08-31,22457,7739263,-1,1528,0,10652,BernieSanders
2017-09-01,15708,7754971,0,1528,1,10653,BernieSanders
2017-09-02,14311,7769282,0,1528,0,10653,BernieSanders
2017-09-03,14081,7783363,0,1528,0,10653,BernieSanders
2017-09-04,14851,7798214,0,1528,0,10653,BernieSanders
2017-09-05,15490,7813704,0,1528,1,10654,BernieSanders
2017-09-06,18478,7832182,0,1528,0,10654,BernieSanders
2017-09-07,20909,7853091,0,1528,2,10656,BernieSanders
2017-09-08,15255,7868346,-1,1527,0,10656,BernieSanders
2017-09-09,14518,7882864,0,1527,0,10656,BernieSanders
2017-09-10,13236,7896100,0,1527,0,10656,BernieSanders
2017-09-11,11926,7908026,0,1527,0,10656,BernieSanders
2017-09-12,12186,7920212,0,1527,3,10659,BernieSanders
2017-09-13,10919,7931131,0,1527,5,10664,BernieSanders
2017-09-14,14950,7946081,1,1528,29,10693,BernieSanders
2017-09-15,8773,7954854,0,1528,0,10693,BernieSanders
2017-09-16,5430,7960284,0,1528,3,10696,BernieSanders
2017-09-17,5327,7965611,0,1528,1,10697,BernieSanders
2017-09-18,7541,7973152,0,1528,0,10697,BernieSanders
2017-09-19,6683,7979835,0,1528,4,10701,BernieSanders
2017-09-20,6993,7986828,0,1528,2,10703,BernieSanders
2017-09-21,11523,7998351,0,1528,0,10703,BernieSanders
2017-09-22,7817,8006168,0,1528,0,10703,BernieSanders
2017-09-23,7652,8013820,0,1528,2,10705,BernieSanders
2017-09-24,8451,8022271,0,1528,0,10705,BernieSanders
2017-09-25,9399,8031670,0,1528,0,10705,BernieSanders
2017-09-26,9265,8040935,0,1528,8,10713,BernieSanders
2017-09-27,9639,8050574,1,1529,0,10713,BernieSanders
2017-09-28,12611,8063185,-1,1528,0,10713,BernieSanders
2017-09-29,8764,8071949,0,1528,1,10714,BernieSanders
2017-09-30,7653,8079602,0,1528,5,10719,BernieSanders
2017-10-01,5513,8085115,0,1528,1,10720,BernieSanders
2017-10-02,9216,8094331,0,1528,1,10721,BernieSanders
2017-10-03,9786,8104117,0,1528,2,10723,BernieSanders
2017-10-04,7935,8112052,0,1528,3,10726,BernieSanders
2017-10-05,-1530,8110522,0,1528,3,10729,BernieSanders
2017-10-06,7643,8118165,-1,1527,2,10731,BernieSanders
2017-10-07,10569,8128734,0,1527,2,10733,BernieSanders
2017-10-08,11672,8140406,0,1527,0,10733,BernieSanders
2017-10-09,12909,8153315,1,1528,1,10734,BernieSanders
2017-10-10,13157,8166472,0,1528,0,10734,BernieSanders
2017-10-11,13140,8179612,0,1528,1,10735,BernieSanders
2017-10-12,12291,8191903,0,1528,0,10735,BernieSanders
2017-10-13,10306,8202209,0,1528,1,10736,BernieSanders
2017-10-14,7921,8210130,0,1528,1,10737,BernieSanders
2017-10-15,7576,8217706,0,1528,0,10737,BernieSanders
2017-10-16,7383,8225089,0,1528,0,10737,BernieSanders
2017-10-17,6101,8231190,0,1528,0,10737,BernieSanders
2017-10-18,8295,8239485,0,1528,0,10737,BernieSanders
2017-10-19,11409,8250894,0,1528,2,10739,BernieSanders
2017-10-20,11632,8262526,0,1528,0,10739,BernieSanders
2017-10-21,12163,8274689,0,1528,0,10739,BernieSanders
2017-10-22,11826,8286515,1,1529,0,10739,BernieSanders
2017-10-23,12411,8298926,0,1529,0,10739,BernieSanders
2017-10-24,15119,8314045,1,1530,0,10739,BernieSanders
2017-10-25,26773,8340818,0,1530,2,10741,BernieSanders
2017-10-26,4046,8344864,0,1530,0,10741,BernieSanders
2017-10-27,9632,8354496,0,1530,0,10741,BernieSanders
2017-10-28,11864,8366360,1,1531,1,10742,BernieSanders
2017-10-29,10529,8376889,0,1531,1,10743,BernieSanders
2017-10-30,6459,8383348,0,1531,0,10743,BernieSanders
2017-10-31,2092,8385440,0,1531,2,10745,BernieSanders
2017-11-01,2099,8387539,0,1531,2,10747,BernieSanders
2017-11-02,14911,8402450,0,1531,3,10750,BernieSanders
2017-11-03,2409,8404859,0,1531,0,10750,BernieSanders
2017-11-04,9708,8414567,0,1531,0,10750,BernieSanders
2017-11-05,9552,8424119,0,1531,0,10750,BernieSanders
2017-11-06,10924,8435043,0,1531,2,10752,BernieSanders
2017-11-07,11259,8446302,0,1531,6,10758,BernieSanders
2017-11-08,12551,8458853,0,1531,0,10758,BernieSanders
2017-11-09,14847,8473700,0,1531,4,10762,BernieSanders
2017-11-10,2775,8476475,0,1531,2,10764,BernieSanders
2017-11-11,1855,8478330,0,1531,0,10764,BernieSanders
2017-11-12,122,8478452,0,1531,0,10764,BernieSanders
2017-11-13,1241,8479693,0,1531,1,10765,BernieSanders
2017-11-14,2058,8481751,0,1531,3,10768,BernieSanders
2017-11-15,2853,8484604,0,1531,1,10769,BernieSanders
2017-11-16,8182,8492786,0,1531,1,10770,BernieSanders
2017-11-17,2999,8495785,0,1531,1,10771,BernieSanders
2017-11-18,1495,8497280,0,1531,0,10771,BernieSanders
2017-11-19,943,8498223,0,1531,0,10771,BernieSanders
2017-11-20,3129,8501352,-1,1530,0,10771,BernieSanders
2017-11-21,8482,8509834,1,1531,1,10772,BernieSanders
2017-11-22,9361,8519195,0,1531,0,10772,BernieSanders
2017-11-23,7565,8526760,0,1531,0,10772,BernieSanders
2017-11-24,6826,8533586,0,1531,0,10772,BernieSanders
2017-11-25,6846,8540432,0,1531,0,10772,BernieSanders
2017-11-26,5291,8545723,0,1531,0,10772,BernieSanders
2017-11-27,3569,8549292,0,1531,0,10772,BernieSanders
2017-11-28,4142,8553434,0,1531,0,10772,BernieSanders
2017-11-29,3748,8557182,0,1531,1,10773,BernieSanders
2017-11-30,3211,8560393,0,1531,0,10773,BernieSanders
2017-12-01,3050,8563443,0,1531,0,10773,BernieSanders
2017-12-02,11097,8574540,-1,1530,0,10773,BernieSanders
2017-12-03,18547,8593087,0,1530,1,10774,BernieSanders
2017-12-04,5215,8598302,-1,1529,0,10774,BernieSanders
2017-12-05,5790,8604092,0,1529,0,10774,BernieSanders
2017-12-06,4399,8608491,1,1530,0,10774,BernieSanders
2017-12-07,5202,8613693,-1,1529,0,10774,BernieSanders
2017-12-08,1517,8615210,0,1529,-1,10773,BernieSanders
2017-12-09,1342,8616552,0,1529,0,10773,BernieSanders
2017-12-10,1519,8618071,0,1529,1,10774,BernieSanders
2017-12-11,2545,8620616,0,1529,0,10774,BernieSanders
2017-12-12,3267,8623883,0,1529,1,10775,BernieSanders
2017-12-13,8229,8632112,0,1529,2,10777,BernieSanders
2017-12-14,26320,8658432,0,1529,3,10780,BernieSanders
2017-12-15,4860,8663292,0,1529,0,10780,BernieSanders
2017-12-16,4490,8667782,0,1529,0,10780,BernieSanders
2017-12-17,2556,8670338,0,1529,-1,10779,BernieSanders
2017-12-18,4800,8675138,0,1529,1,10780,BernieSanders
2017-12-19,5018,8680156,-1,1528,0,10780,BernieSanders
2017-12-20,5033,8685189,-1,1527,0,10780,BernieSanders
2017-12-21,13768,8698957,1,1528,1,10781,BernieSanders
2017-12-22,7813,8706770,-1,1527,0,10781,BernieSanders
2017-12-23,6009,8712779,0,1527,0,10781,BernieSanders
2017-12-24,7162,8719941,0,1527,1,10782,BernieSanders
2017-12-25,7499,8727440,1,1528,0,10782,BernieSanders
2017-12-26,8369,8735809,0,1528,0,10782,BernieSanders
2017-12-27,9738,8745547,0,1528,0,10782,BernieSanders
2017-12-28,20463,8766010,0,1528,0,10782,BernieSanders
2017-12-29,13582,8779592,0,1528,1,10783,BernieSanders
2017-12-30,4425,8784017,0,1528,0,10783,BernieSanders
2017-12-31,4557,8788574,0,1528,3,10786,BernieSanders
2018-01-01,4653,8793227,0,1528,-2,10784,BernieSanders
2018-01-02,6167,8799394,0,1528,0,10784,BernieSanders
2018-01-03,9141,8808535,0,1528,0,10784,BernieSanders
2018-01-04,15435,8823970,-1,1527,0,10784,BernieSanders
2018-01-05,18682,8842652,0,1527,0,10784,BernieSanders
2018-01-06,5578,8848230,0,1527,0,10784,BernieSanders
2018-01-07,6099,8854329,0,1527,0,10784,BernieSanders
2018-01-08,6002,8860331,0,1527,0,10784,BernieSanders
2018-01-09,683,8861014,1,1528,0,10784,BernieSanders
2018-01-10,396,8861410,-1,1527,2,10786,BernieSanders
2018-01-11,3145,8864555,1,1528,0,10786,BernieSanders
2018-01-12,7231,8871786,0,1528,0,10786,BernieSanders
2018-01-13,-2654,8869132,0,1528,1,10787,BernieSanders
2018-01-14,-474,8868658,0,1528,0,10787,BernieSanders
2018-01-15,-829,8867829,-1,1527,1,10788,BernieSanders
2018-01-16,-669,8867160,0,1527,0,10788,BernieSanders
2018-01-17,-865,8866295,0,1527,0,10788,BernieSanders
2018-01-18,-424,8865871,0,1527,0,10788,BernieSanders
2018-01-19,595,8866466,0,1527,1,10789,BernieSanders
2018-01-20,-4157,8862309,0,1527,1,10790,BernieSanders
2018-01-21,-1759,8860550,0,1527,1,10791,BernieSanders
2018-01-22,-1481,8859069,0,1527,0,10791,BernieSanders
2018-01-23,-3039,8856030,0,1527,0,10791,BernieSanders
2018-01-24,-1052,8854978,0,1527,0,10791,BernieSanders
2018-01-25,2727,8857705,0,1527,0,10791,BernieSanders
2018-01-26,841,8858546,0,1527,2,10793,BernieSanders
2018-01-27,778,8859324,0,1527,3,10796,BernieSanders
2018-01-28,-585,8858739,0,1527,0,10796,BernieSanders
2018-01-29,-2803,8855936,0,1527,0,10796,BernieSanders
2018-01-30,-9547,8846389,0,1527,5,10801,BernieSanders
2018-01-31,-5512,8840877,-1,1526,1,10802,BernieSanders
2018-02-01,-2294,8838583,0,1526,3,10805,BernieSanders
2018-02-02,-13472,8825111,0,1526,0,10805,BernieSanders
2018-02-03,5252,8830363,0,1526,0,10805,BernieSanders
2018-02-04,3027,8833390,0,1526,0,10805,BernieSanders
2018-02-05,1768,8835158,0,1526,0,10805,BernieSanders
2018-02-06,1884,8837042,0,1526,0,10805,BernieSanders
2018-02-07,1691,8838733,0,1526,0,10805,BernieSanders
2018-02-08,1369,8840102,0,1526,1,10806,BernieSanders
2018-02-09,1740,8841842,-1,1525,0,10806,BernieSanders
2018-02-10,-1149,8840693,1,1526,0,10806,BernieSanders
2018-02-11,9308,8850001,0,1526,1,10807,BernieSanders
2018-02-12,1625,8851626,0,1526,0,10807,BernieSanders
2018-02-13,-1919,8849707,0,1526,0,10807,BernieSanders
2018-02-14,520,8850227,0,1526,1,10808,BernieSanders
2018-02-15,-914,8849313,0,1526,0,10808,BernieSanders
2018-02-16,-6191,8843122,0,1526,-1,10807,BernieSanders
2018-02-17,-333,8842789,0,1526,2,10809,BernieSanders
2018-02-18,-3575,8839214,0,1526,0,10809,BernieSanders
2018-02-19,766,8839980,0,1526,0,10809,BernieSanders
2018-02-20,1432,8841412,0,1526,0,10809,BernieSanders
2018-02-21,108,8841520,0,1526,0,10809,BernieSanders
2018-02-22,1378,8842898,0,1526,7,10816,BernieSanders
2018-02-23,2290,8845188,-1,1525,0,10816,BernieSanders
2018-02-24,2810,8847998,0,1525,0,10816,BernieSanders
2018-02-25,2888,8850886,0,1525,2,10818,BernieSanders
2018-02-26,2337,8853223,0,1525,2,10820,BernieSanders
2018-02-27,1990,8855213,0,1525,2,10822,BernieSanders
2018-02-28,2139,8857352,0,1525,0,10822,BernieSanders
2018-03-01,4447,8861799,0,1525,1,10823,BernieSanders
2018-03-02,4230,8866029,1,1526,0,10823,BernieSanders
2018-03-03,4952,8870981,0,1526,0,10823,BernieSanders
2018-03-04,4480,8875461,0,1526,0,10823,BernieSanders
2018-03-05,6928,8882389,0,1526,0,10823,BernieSanders
2018-03-06,6887,8889276,0,1526,0,10823,BernieSanders
2018-03-07,6474,8895750,0,1526,-1,10822,BernieSanders
2018-03-08,1261,8897011,0,1526,1,10823,BernieSanders
2018-03-09,-239,8896772,0,1526,0,10823,BernieSanders
2018-03-10,-588,8896184,0,1526,4,10827,BernieSanders
2018-03-11,729,8896913,0,1526,3,10830,BernieSanders
2018-03-12,-52,8896861,0,1526,5,10835,BernieSanders
2018-03-13,906,8897767,-1,1525,0,10835,BernieSanders
2018-03-14,1354,8899121,0,1525,0,10835,BernieSanders
2018-03-15,1249,8900370,0,1525,1,10836,BernieSanders
2018-03-16,830,8901200,0,1525,1,10837,BernieSanders
2018-03-17,1650,8902850,0,1525,0,10837,BernieSanders
2018-03-18,1957,8904807,0,1525,0,10837,BernieSanders
2018-03-19,1725,8906532,0,1525,1,10838,BernieSanders
2018-03-20,542,8907074,0,1525,1,10839,BernieSanders
2018-03-21,1005,8908079,-1,1524,1,10840,BernieSanders
2018-03-22,2157,8910236,-2,1522,0,10840,BernieSanders
2018-03-23,6639,8916875,-1,1521,2,10842,BernieSanders
2018-03-24,6419,8923294,1,1522,0,10842,BernieSanders
2018-03-25,7215,8930509,0,1522,0,10842,BernieSanders
2018-03-26,6675,8937184,0,1522,0,10842,BernieSanders
2018-03-27,4703,8941887,0,1522,0,10842,BernieSanders
2018-03-28,1390,8943277,0,1522,-2,10840,BernieSanders
2018-03-29,1191,8944468,0,1522,1,10841,BernieSanders
2018-03-30,1413,8945881,0,1522,0,10841,BernieSanders
2018-03-31,1880,8947761,0,1522,0,10841,BernieSanders
2018-04-01,1716,8949477,0,1522,-1,10840,BernieSanders
2018-04-02,2102,8951579,0,1522,0,10840,BernieSanders
2018-04-03,2211,8953790,1,1523,0,10840,BernieSanders
2018-04-04,1711,8955501,0,1523,2,10842,BernieSanders
2018-04-05,2196,8957697,0,1523,3,10845,BernieSanders
2018-04-06,2170,8959867,0,1523,1,10846,BernieSanders
2018-04-07,4119,8963986,0,1523,0,10846,BernieSanders
2018-04-08,4068,8968054,0,1523,0,10846,BernieSanders
2018-04-09,4403,8972457,1,1524,0,10846,BernieSanders
2018-04-10,4821,8977278,0,1524,0,10846,BernieSanders
2018-04-11,5392,8982670,0,1524,0,10846,BernieSanders
2018-04-12,5350,8988020,0,1524,1,10847,BernieSanders
2018-04-13,1892,8989912,0,1524,2,10849,BernieSanders
2018-04-14,3839,8993751,-1,1523,0,10849,BernieSanders
2018-04-15,4143,8997894,0,1523,0,10849,BernieSanders
2018-04-16,4022,9001916,0,1523,0,10849,BernieSanders
2018-04-17,2839,9004755,0,1523,0,10849,BernieSanders
2018-04-18,207,9004962,0,1523,-1,10848,BernieSanders
2018-04-19,-2430,9002532,0,1523,1,10849,BernieSanders
2018-04-20,-128,9002404,0,1523,1,10850,BernieSanders
2018-04-21,232,9002636,0,1523,0,10850,BernieSanders
2018-04-22,-56,9002580,0,1523,1,10851,BernieSanders
2018-04-23,-264,9002316,0,1523,1,10852,BernieSanders
2018-04-24,466,9002782,-1,1522,1,10853,BernieSanders
2018-04-25,216,9002998,1,1523,1,10854,BernieSanders
2018-04-26,-352,9002646,0,1523,1,10855,BernieSanders
2018-04-27,-336,9002310,0,1523,1,10856,BernieSanders
2018-04-28,-298,9002012,0,1523,0,10856,BernieSanders
2018-04-29,-364,9001648,0,1523,2,10858,BernieSanders
2018-04-30,794,9002442,0,1523,0,10858,BernieSanders
2018-05-01,2879,9005321,0,1523,4,10862,BernieSanders
2018-05-02,-520,9004801,0,1523,2,10864,BernieSanders
2018-05-03,-1240,9003561,0,1523,0,10864,BernieSanders
2018-05-04,-3892,8999669,0,1523,2,10866,BernieSanders
2018-05-05,-1078,8998591,1,1524,3,10869,BernieSanders
2018-05-06,-533,8998058,-1,1523,1,10870,BernieSanders
2018-05-07,-452,8997606,0,1523,3,10873,BernieSanders
2018-05-08,-537,8997069,0,1523,0,10873,BernieSanders
2018-05-09,664,8997733,0,1523,0,10873,BernieSanders
2018-05-10,558,8998291,0,1523,0,10873,BernieSanders
2018-05-11,251,8998542,0,1523,0,10873,BernieSanders
2018-05-12,-1646,8996896,0,1523,1,10874,BernieSanders
2018-05-13,1748,8998644,0,1523,0,10874,BernieSanders
2018-05-14,766,8999410,0,1523,0,10874,BernieSanders
2018-05-15,-2511,8996899,0,1523,2,10876,BernieSanders
2018-05-16,659,8997558,0,1523,0,10876,BernieSanders
2018-05-17,-207,8997351,0,1523,1,10877,BernieSanders
2018-05-18,-2151,8995200,0,1523,4,10881,BernieSanders
2018-05-19,528,8995728,0,1523,0,10881,BernieSanders
2018-05-20,339,8996067,0,1523,0,10881,BernieSanders
2018-05-21,359,8996426,0,1523,6,10887,BernieSanders
2018-05-22,309,8996735,-2,1521,0,10887,BernieSanders
2018-05-23,-1072,8995663,0,1521,1,10888,BernieSanders
2018-05-24,355,8996018,0,1521,0,10888,BernieSanders
2018-05-25,-5423,8990595,-1,1520,0,10888,BernieSanders
2018-05-26,287,8990882,0,1520,0,10888,BernieSanders
2018-05-27,-76,8990806,0,1520,1,10889,BernieSanders
2018-05-28,-672,8990134,0,1520,0,10889,BernieSanders
2018-05-29,-861,8989273,0,1520,0,10889,BernieSanders
2018-05-30,-577,8988696,0,1520,-3,10886,BernieSanders
2018-05-31,-2109,8986587,0,1520,-5,10881,BernieSanders
2018-06-01,102,8986689,0,1520,0,10881,BernieSanders
2018-06-02,613,8987302,0,1520,0,10881,BernieSanders
2018-06-03,947,8988249,5,1525,15,10896,BernieSanders
2018-06-04,1080,8989329,0,1525,3,10899,BernieSanders
2018-06-05,778,8990107,0,1525,0,10899,BernieSanders
2018-06-06,340,8990447,0,1525,0,10899,BernieSanders
2018-06-07,-507,8989940,0,1525,0,10899,BernieSanders
2018-06-08,966,8990906,1,1526,1,10900,BernieSanders
2018-06-09,-70,8990836,0,1526,0,10900,BernieSanders
2018-06-10,267,8991103,0,1526,0,10900,BernieSanders
2018-06-11,477,8991580,0,1526,0,10900,BernieSanders
2018-06-12,1752,8993332,0,1526,0,10900,BernieSanders
2018-06-13,478,8993810,0,1526,0,10900,BernieSanders
2018-06-14,1072,8994882,-1,1525,0,10900,BernieSanders
2018-06-15,1726,8996608,0,1525,-1,10899,BernieSanders
2018-06-16,1177,8997785,0,1525,0,10899,BernieSanders
2018-06-17,365,8998150,0,1525,1,10900,BernieSanders
2018-06-18,1240,8999390,1,1526,0,10900,BernieSanders
2018-06-19,1574,9000964,-1,1525,1,10901,BernieSanders
2018-06-20,1646,9002610,-1,1524,2,10903,BernieSanders
2018-06-21,1559,9004169,0,1524,0,10903,BernieSanders
2018-06-22,1112,9005281,0,1524,0,10903,BernieSanders
2018-06-23,-3760,9001521,0,1524,2,10905,BernieSanders
2018-06-24,19,9001540,0,1524,3,10908,BernieSanders
2018-06-25,78,9001618,0,1524,2,10910,BernieSanders
2018-06-26,805,9002423,0,1524,0,10910,BernieSanders
2018-06-27,351,9002774,1,1525,4,10914,BernieSanders
2018-06-28,-17170,8985604,0,1525,0,10914,BernieSanders
2018-06-29,395,8985999,0,1525,-1,10913,BernieSanders
2018-06-30,673,8986672,0,1525,1,10914,BernieSanders
2018-07-01,391,8987063,0,1525,1,10915,BernieSanders
2018-07-02,194,8987257,0,1525,4,10919,BernieSanders
2018-07-03,1797,8989054,0,1525,0,10919,BernieSanders
2018-07-04,-680,8988374,0,1525,1,10920,BernieSanders
2018-07-05,74,8988448,0,1525,3,10923,BernieSanders
2018-07-06,1002,8989450,-1,1524,0,10923,BernieSanders
2018-07-07,1059,8990509,0,1524,0,10923,BernieSanders
2018-07-08,792,8991301,0,1524,0,10923,BernieSanders
2018-07-09,696,8991997,0,1524,0,10923,BernieSanders
2018-07-10,367,8992364,1,1525,2,10925,BernieSanders
2018-07-11,-1146,8991218,0,1525,3,10928,BernieSanders
2018-07-12,419,8991637,-3,1522,5,10933,BernieSanders
2018-07-13,-49021,8942616,-20,1502,14,10947,BernieSanders
2018-07-14,-243,8942373,3,1505,29,10976,BernieSanders
2018-07-15,-330,8942043,2,1507,14,10990,BernieSanders
2018-07-16,-393,8941650,-15,1492,13,11003,BernieSanders
2018-07-17,1587,8943237,-4,1488,6,11009,BernieSanders
2018-07-18,-14354,8928883,1,1489,10,11019,BernieSanders
2018-07-19,-12995,8915888,0,1489,9,11028,BernieSanders
2018-07-20,-1734,8914154,-3,1486,13,11041,BernieSanders
2018-07-21,-2108,8912046,-1,1485,18,11059,BernieSanders
2018-07-22,-325,8911721,0,1485,-2,11057,BernieSanders
2018-07-23,-1479,8910242,-2,1483,1,11058,BernieSanders
2018-07-24,-2004,8908238,0,1483,8,11066,BernieSanders
2018-07-25,-4241,8903997,-1,1482,2,11068,BernieSanders
2018-07-26,-235,8903762,-2,1480,9,11077,BernieSanders
2018-07-27,85,8903847,1,1481,4,11081,BernieSanders
2018-07-28,131,8903978,0,1481,1,11082,BernieSanders
2018-07-29,3,8903981,-2,1479,6,11088,BernieSanders
2018-07-30,-20,8903961,-2,1477,2,11090,BernieSanders
2018-07-31,-219,8903742,-1,1476,2,11092,BernieSanders
2018-08-01,-201,8903541,-1,1475,8,11100,BernieSanders
2018-08-02,382,8903923,-1,1474,5,11105,BernieSanders
2018-08-03,123,8904046,-1,1473,6,11111,BernieSanders
2018-08-04,48,8904094,1,1474,9,11120,BernieSanders
2018-08-05,927,8905021,-2,1472,1,11121,BernieSanders
2018-08-06,868,8905889,0,1472,12,11133,BernieSanders
2018-08-07,136,8906025,0,1472,13,11146,BernieSanders
2018-08-08,224,8906249,0,1472,7,11153,BernieSanders
2018-08-09,-276,8905973,-1,1471,7,11160,BernieSanders
2018-08-10,423,8906396,-1,1470,6,11166,BernieSanders
2018-08-11,664,8907060,0,1470,3,11169,BernieSanders
2018-08-12,336,8907396,-2,1468,4,11173,BernieSanders
2018-08-13,-299,8907097,0,1468,0,11173,BernieSanders
2018-08-14,-909,8906188,0,1468,5,11178,BernieSanders
2018-08-15,-29,8906159,3,1471,9,11187,BernieSanders
2018-08-16,-586,8905573,0,1471,10,11197,BernieSanders
2018-08-17,183,8905756,-1,1470,6,11203,BernieSanders
2018-08-18,107,8905863,-1,1469,9,11212,BernieSanders
2018-08-19,802,8906665,-1,1468,0,11212,BernieSanders
2018-08-20,207,8906872,-7,1461,5,11217,BernieSanders
2018-08-21,371,8907243,-11,1450,6,11223,BernieSanders
2018-08-22,242,8907485,-3,1447,6,11229,BernieSanders
2018-08-23,-73,8907412,-1,1446,7,11236,BernieSanders
2018-08-24,-570,8906842,0,1446,8,11244,BernieSanders
2018-08-25,-272,8906570,-1,1445,7,11251,BernieSanders
2018-08-26,1178,8907748,-1,1444,2,11253,BernieSanders
2018-08-27,399,8908147,0,1444,0,11253,BernieSanders
2018-08-28,59,8908206,0,1444,10,11263,BernieSanders
2018-08-29,55,8908261,-1,1443,3,11266,BernieSanders
2018-08-30,1380,8909641,1,1444,7,11273,BernieSanders
2018-08-31,479,8910120,2,1446,5,11278,BernieSanders
2018-09-01,-161,8909959,0,1446,5,11283,BernieSanders
2018-09-02,661,8910620,-4,1442,5,11288,BernieSanders
2018-09-03,535,8911155,0,1442,2,11290,BernieSanders
2018-09-04,399,8911554,-2,1440,5,11295,BernieSanders
2018-09-05,712,8912266,0,1440,4,11299,BernieSanders
2018-09-06,844,8913110,-3,1437,8,11307,BernieSanders
2018-09-07,-1421,8911689,-2,1435,7,11314,BernieSanders
2018-09-08,1158,8912847,1,1436,4,11318,BernieSanders
2018-09-09,786,8913633,3,1439,6,11324,BernieSanders
2018-09-10,529,8914162,-8,1431,7,11331,BernieSanders
2018-09-11,645,8914807,0,1431,8,11339,BernieSanders
2018-09-12,644,8915451,-4,1427,5,11344,BernieSanders
2018-09-13,754,8916205,0,1427,11,11355,BernieSanders
2018-09-14,784,8916989,-1,1426,1,11356,BernieSanders
2018-09-15,678,8917667,1,1427,6,11362,BernieSanders
2018-09-16,563,8918230,-1,1426,1,11363,BernieSanders
2018-09-17,474,8918704,-1,1425,4,11367,BernieSanders
2018-09-18,135,8918839,-1,1424,1,11368,BernieSanders
2018-09-19,140,8918979,0,1424,12,11380,BernieSanders
2018-09-20,193,8919172,-1,1423,5,11385,BernieSanders
2018-09-21,139,8919311,0,1423,4,11389,BernieSanders
2018-09-22,497,8919808,0,1423,2,11391,BernieSanders
2018-09-23,306,8920114,0,1423,6,11397,BernieSanders
2018-09-24,187,8920301,0,1423,1,11398,BernieSanders
2018-09-25,242,8920543,-1,1422,2,11400,BernieSanders
2018-09-26,-180,8920363,0,1422,3,11403,BernieSanders
2018-09-27,448,8920811,-1,1421,6,11409,BernieSanders
2018-09-28,1545,8922356,0,1421,0,11409,BernieSanders
2018-09-29,1164,8923520,-2,1419,0,11409,BernieSanders
2018-09-30,697,8924217,1,1420,1,11410,BernieSanders
2018-10-01,426,8924643,1,1421,2,11412,BernieSanders
2018-10-02,103,8924746,-2,1419,7,11419,BernieSanders
2018-10-03,886,8925632,0,1419,4,11423,BernieSanders
2018-10-04,1550,8927182,0,1419,3,11426,BernieSanders
2018-10-05,2569,8929751,-1,1418,9,11435,BernieSanders
2018-10-06,2172,8931923,0,1418,4,11439,BernieSanders
2018-10-07,3310,8935233,1,1419,4,11443,BernieSanders
2018-10-08,1401,8936634,0,1419,0,11443,BernieSanders
2018-10-09,-4938,8931696,0,1419,3,11446,BernieSanders
2018-10-10,-230,8931466,-1,1418,9,11455,BernieSanders
2018-10-11,2133,8933599,0,1418,9,11464,BernieSanders
2018-10-12,3260,8936859,1,1419,9,11473,BernieSanders
2018-10-13,440,8937299,2,1421,9,11482,BernieSanders
2018-10-14,-3001,8934298,-1,1420,1,11483,BernieSanders
2018-10-15,181,8934479,0,1420,9,11492,BernieSanders
2018-10-16,696,8935175,0,1420,7,11499,BernieSanders
2018-10-17,-3111,8932064,0,1420,9,11508,BernieSanders
2018-10-18,-703,8931361,1,1421,8,11516,BernieSanders
2018-10-19,-735,8930626,0,1421,11,11527,BernieSanders
2018-10-20,415,8931041,-1,1420,20,11547,BernieSanders
2018-10-21,136,8931177,0,1420,11,11558,BernieSanders
2018-10-22,698,8931875,1,1421,8,11566,BernieSanders
2018-10-23,-1314,8930561,1,1422,12,11578,BernieSanders
2018-10-24,-1698,8928863,3,1425,15,11593,BernieSanders
2018-10-25,-686,8928177,1,1426,16,11609,BernieSanders
2018-10-26,-93,8928084,0,1426,6,11615,BernieSanders
2018-10-27,7823,8935907,0,1426,19,11634,BernieSanders
2018-10-28,729,8936636,1,1427,3,11637,BernieSanders
2018-10-29,336,8936972,0,1427,13,11650,BernieSanders
2018-10-30,484,8937456,1,1428,7,11657,BernieSanders
2018-10-31,787,8938243,0,1428,11,11668,BernieSanders
2018-11-01,313,8938556,0,1428,14,11682,BernieSanders
2018-11-02,472,8939028,0,1428,9,11691,BernieSanders
2018-11-03,828,8939856,0,1428,11,11702,BernieSanders
2018-11-04,-10470,8929386,2,1430,9,11711,BernieSanders
2018-11-05,-8442,8920944,1,1431,7,11718,BernieSanders
2018-11-06,1086,8922030,0,1431,19,11737,BernieSanders
2018-11-07,-6741,8915289,0,1431,19,11756,BernieSanders
2018-11-08,1356,8916645,0,1431,2,11758,BernieSanders
2018-11-09,-11337,8905308,0,1431,7,11765,BernieSanders
2018-11-10,-1521,8903787,0,1431,2,11767,BernieSanders
2018-11-11,1066,8904853,0,1431,9,11776,BernieSanders
2018-11-12,1648,8906501,0,1431,3,11779,BernieSanders
2018-11-13,1616,8908117,0,1431,-1,11778,BernieSanders
2018-11-14,1818,8909935,0,1431,1,11779,BernieSanders
2018-11-15,2166,8912101,0,1431,1,11780,BernieSanders
2018-11-16,2356,8914457,0,1431,5,11785,BernieSanders
2018-11-17,1497,8915954,1,1432,9,11794,BernieSanders
2018-11-18,1468,8917422,0,1432,2,11796,BernieSanders
2018-11-19,1129,8918551,0,1432,4,11800,BernieSanders
2018-11-20,1120,8919671,-2,1430,6,11806,BernieSanders
2018-11-21,2185,8921856,0,1430,1,11807,BernieSanders
2018-11-22,1506,8923362,0,1430,3,11810,BernieSanders
2018-11-23,824,8924186,0,1430,2,11812,BernieSanders
2018-11-24,1158,8925344,0,1430,4,11816,BernieSanders
2018-11-25,843,8926187,1,1431,7,11823,BernieSanders
2018-11-26,1185,8927372,0,1431,5,11828,BernieSanders
2018-11-27,1520,8928892,0,1431,6,11834,BernieSanders
2018-11-28,706,8929598,0,1431,5,11839,BernieSanders
2018-12-01,3603,8933201,1,1432,13,11852,BernieSanders
2018-12-02,1128,8934329,0,1432,3,11855,BernieSanders
2018-12-03,1689,8936018,0,1432,0,11855,BernieSanders
2018-12-04,929,8936947,0,1432,9,11864,BernieSanders
2018-12-05,-659,8936288,0,1432,6,11870,BernieSanders
2018-12-06,-3573,8932715,0,1432,5,11875,BernieSanders
2018-12-07,-3881,8928834,0,1432,8,11883,BernieSanders
2018-12-08,-3794,8925040,0,1432,8,11891,BernieSanders
2018-12-09,1585,8926625,0,1432,0,11891,BernieSanders
2018-12-10,917,8927542,0,1432,0,11891,BernieSanders
2018-12-11,0,8927542,0,1432,0,11891,BernieSanders
2018-12-12,1091,8928633,-2,1430,1,11892,BernieSanders
2018-12-13,814,8929447,-118,1312,2,11894,BernieSanders
2018-12-14,742,8930189,1,1313,6,11900,BernieSanders
2018-12-15,439,8930628,14,1327,3,11903,BernieSanders
2018-12-16,701,8931329,0,1327,3,11906,BernieSanders
2018-12-17,680,8932009,-2,1325,0,11906,BernieSanders
2018-12-18,361,8932370,0,1325,4,11910,BernieSanders
2018-12-19,553,8932923,0,1325,2,11912,BernieSanders
2018-12-20,493,8933416,1,1326,2,11914,BernieSanders
2018-12-21,505,8933921,0,1326,0,11914,BernieSanders
2018-12-22,771,8934692,-1,1325,0,11914,BernieSanders
2018-12-23,1136,8935828,-1,1324,0,11914,BernieSanders
2018-12-24,880,8936708,0,1324,0,11914,BernieSanders
2018-12-25,686,8937394,0,1324,0,11914,BernieSanders
2018-12-26,1062,8938456,0,1324,0,11914,BernieSanders
2018-12-27,627,8939083,1,1325,3,11917,BernieSanders
2018-12-28,957,8940040,0,1325,3,11920,BernieSanders
2018-12-29,946,8940986,0,1325,-2,11918,BernieSanders
2018-12-30,820,8941806,0,1325,3,11921,BernieSanders
2018-12-31,544,8942350,0,1325,-2,11919,BernieSanders
2019-01-01,603,8942953,0,1325,5,11924,BernieSanders
2019-01-02,657,8943610,0,1325,6,11930,BernieSanders
2019-01-03,817,8944427,1,1326,0,11930,BernieSanders
2019-01-04,2227,8946654,0,1326,0,11930,BernieSanders
2019-01-05,5157,8951811,0,1326,0,11930,BernieSanders
2019-01-06,4297,8956108,0,1326,0,11930,BernieSanders
2019-01-07,3604,8959712,0,1326,0,11930,BernieSanders
2019-01-08,1699,8961411,-1,1325,3,11933,BernieSanders
2019-01-09,2126,8963537,0,1325,1,11934,BernieSanders
2019-01-10,1788,8965325,0,1325,7,11941,BernieSanders
2019-01-11,1612,8966937,0,1325,1,11942,BernieSanders
2019-01-12,1963,8968900,1,1326,1,11943,BernieSanders
2019-01-13,1970,8970870,0,1326,0,11943,BernieSanders
2019-01-14,1398,8972268,0,1326,0,11943,BernieSanders
2019-01-15,-2579,8969689,0,1326,2,11945,BernieSanders
2019-01-16,1131,8970820,0,1326,-1,11944,BernieSanders
2019-01-17,1096,8971916,0,1326,2,11946,BernieSanders
2019-01-18,1131,8973047,0,1326,3,11949,BernieSanders
2019-01-19,1175,8974222,0,1326,6,11955,BernieSanders
2019-01-20,996,8975218,-1,1325,5,11960,BernieSanders
2019-01-21,1348,8976566,0,1325,1,11961,BernieSanders
2019-01-22,674,8977240,9,1334,10,11971,BernieSanders
2019-01-23,1124,8978364,4,1338,3,11974,BernieSanders
2019-01-24,1156,8979520,0,1338,3,11977,BernieSanders
2019-01-25,1063,8980583,0,1338,1,11978,BernieSanders
2019-01-26,1552,8982135,0,1338,0,11978,BernieSanders
2019-01-27,1463,8983598,0,1338,4,11982,BernieSanders
2019-01-28,1272,8984870,0,1338,0,11982,BernieSanders
2019-01-29,740,8985610,0,1338,0,11982,BernieSanders
2019-01-30,-3862,8981748,0,1338,3,11985,BernieSanders
2019-01-31,596,8982344,0,1338,0,11985,BernieSanders
2019-02-01,37,8982381,0,1338,4,11989,BernieSanders
2019-02-02,626,8983007,0,1338,-1,11988,BernieSanders
2019-02-03,600,8983607,0,1338,-1,11987,BernieSanders
2019-02-04,497,8984104,0,1338,0,11987,BernieSanders
2019-02-05,195,8984299,0,1338,5,11992,BernieSanders
2019-02-06,1886,8986185,0,1338,0,11992,BernieSanders
2019-02-07,-108,8986077,0,1338,0,11992,BernieSanders
2019-02-10,2659,8988736,-1,1337,6,11998,BernieSanders
2019-02-11,1943,8990679,0,1337,0,11998,BernieSanders
2019-02-12,678,8991357,0,1337,5,12003,BernieSanders
2019-02-13,-2253,8989104,1,1338,3,12006,BernieSanders
2019-02-14,1199,8990303,0,1338,4,12010,BernieSanders
2019-02-15,1544,8991847,0,1338,3,12013,BernieSanders
2019-02-16,2340,8994187,-14,1324,4,12017,BernieSanders
2019-02-17,1637,8995824,0,1324,1,12018,BernieSanders
2019-02-18,1395,8997219,0,1324,1,12019,BernieSanders
2019-02-19,1038,8998257,0,1324,0,12019,BernieSanders
2019-02-20,31877,9030134,1,1325,17,12036,BernieSanders
2019-02-21,18396,9048530,1,1326,10,12046,BernieSanders
2019-02-22,9782,9058312,0,1326,12,12058,BernieSanders
2019-02-23,5939,9064251,1,1327,8,12066,BernieSanders
2019-02-24,5081,9069332,0,1327,2,12068,BernieSanders
2019-02-25,4184,9073516,0,1327,5,12073,BernieSanders
2019-02-26,5545,9079061,0,1327,29,12102,BernieSanders
2019-02-27,4801,9083862,2,1329,7,12109,BernieSanders
2019-02-28,4709,9088571,1,1330,7,12116,BernieSanders
2019-03-01,3326,9091897,2,1332,6,12122,BernieSanders
2019-03-02,2703,9094600,1,1333,10,12132,BernieSanders
2019-03-03,4195,9098795,1,1334,39,12171,BernieSanders
2019-03-04,3460,9102255,-1,1333,30,12201,BernieSanders
2019-03-05,3680,9105935,1,1334,3,12204,BernieSanders
2019-03-06,3394,9109329,0,1334,3,12207,BernieSanders
2019-03-07,3329,9112658,-1,1333,2,12209,BernieSanders
2019-03-08,2741,9115399,0,1333,16,12225,BernieSanders
2019-03-09,2980,9118379,1,1334,15,12240,BernieSanders
2019-03-10,2465,9120844,0,1334,9,12249,BernieSanders
2019-03-11,2186,9123030,0,1334,14,12263,BernieSanders
2019-03-12,1209,9124239,-1,1333,6,12269,BernieSanders
2019-03-13,1872,9126111,0,1333,4,12273,BernieSanders
2019-03-14,2682,9128793,0,1333,7,12280,BernieSanders
2019-03-15,2902,9131695,0,1333,2,12282,BernieSanders
2019-03-16,4309,9136004,0,1333,8,12290,BernieSanders
2019-03-17,3086,9139090,0,1333,7,12297,BernieSanders
2019-03-18,2552,9141642,0,1333,3,12300,BernieSanders
2019-03-19,3036,9144678,0,1333,4,12304,BernieSanders
2019-03-20,2726,9147404,0,1333,10,12314,BernieSanders
2019-03-21,2906,9150310,0,1333,12,12326,BernieSanders
2019-03-22,3625,9153935,0,1333,8,12334,BernieSanders
2019-03-23,3095,9157030,0,1333,8,12342,BernieSanders
2019-03-24,2540,9159570,0,1333,14,12356,BernieSanders
2019-03-25,3112,9162682,0,1333,6,12362,BernieSanders
2019-03-26,2058,9164740,0,1333,8,12370,BernieSanders
2019-03-27,2101,9166841,1,1334,10,12380,BernieSanders
2019-03-28,3224,9170065,0,1334,8,12388,BernieSanders
2019-03-29,2861,9172926,0,1334,15,12403,BernieSanders
2019-03-30,2858,9175784,0,1334,6,12409,BernieSanders
2019-03-31,2557,9178341,0,1334,5,12414,BernieSanders
2019-04-01,2357,9180698,0,1334,12,12426,BernieSanders
2019-04-02,2124,9182822,1,1335,10,12436,BernieSanders
2019-04-03,2744,9185566,0,1335,11,12447,BernieSanders
2019-04-04,2604,9188170,0,1335,7,12454,BernieSanders
2019-04-05,2116,9190286,0,1335,7,12461,BernieSanders
2019-04-06,3171,9193457,0,1335,11,12472,BernieSanders
2019-04-07,2808,9196265,-1,1334,9,12481,BernieSanders
2019-04-08,1880,9198145,0,1334,9,12490,BernieSanders
2019-04-09,1494,9199639,0,1334,11,12501,BernieSanders
2019-04-10,1078,9200717,0,1334,5,12506,BernieSanders
2019-04-11,1431,9202148,0,1334,7,12513,BernieSanders
2019-04-12,774,9202922,0,1334,9,12522,BernieSanders
2019-04-13,2484,9205406,0,1334,1,12523,BernieSanders
2019-04-14,3248,9208654,0,1334,12,12535,BernieSanders
2019-04-15,1666,9210320,0,1334,10,12545,BernieSanders
2019-04-16,3015,9213335,-1,1333,18,12563,BernieSanders
2019-04-17,4512,9217847,1,1334,13,12576,BernieSanders
2019-04-18,4213,9222060,-1,1333,7,12583,BernieSanders
2019-04-19,2309,9224369,0,1333,11,12594,BernieSanders
2019-04-20,2425,9226794,2,1335,17,12611,BernieSanders
2019-04-21,2132,9228926,1,1336,10,12621,BernieSanders
2019-04-22,2173,9231099,0,1336,2,12623,BernieSanders
2019-04-23,2196,9233295,0,1336,16,12639,BernieSanders
2019-04-24,2740,9236035,0,1336,6,12645,BernieSanders
2019-04-25,2525,9238560,0,1336,12,12657,BernieSanders
2019-04-26,3865,9242425,0,1336,10,12667,BernieSanders
2019-04-27,1977,9244402,0,1336,12,12679,BernieSanders
2019-04-28,292,9244694,2,1338,38,12717,BernieSanders
2019-04-29,1778,9246472,0,1338,5,12722,BernieSanders
2019-04-30,1921,9248393,0,1338,7,12729,BernieSanders
2019-05-01,1290,9249683,0,1338,12,12741,BernieSanders
2019-05-02,1428,9251111,0,1338,12,12753,BernieSanders
2019-05-03,1626,9252737,0,1338,7,12760,BernieSanders
2019-05-04,856,9253593,0,1338,12,12772,BernieSanders
2019-05-05,788,9254381,1,1339,18,12790,BernieSanders
2019-05-06,920,9255301,0,1339,16,12806,BernieSanders
2019-05-07,1135,9256436,-2,1337,6,12812,BernieSanders
2019-05-08,1217,9257653,3,1340,10,12822,BernieSanders
2019-05-09,1519,9259172,1,1341,14,12836,BernieSanders
2019-05-10,1355,9260527,0,1341,10,12846,BernieSanders
2019-05-11,1175,9261702,0,1341,8,12854,BernieSanders
2019-05-12,1582,9263284,-1,1340,3,12857,BernieSanders
2019-05-14,1772,9265056,0,1340,14,12871,BernieSanders
2019-05-15,1006,9266062,0,1340,11,12882,BernieSanders
2019-05-16,4743,9270805,0,1340,11,12893,BernieSanders
2019-05-17,4886,9275691,0,1340,10,12903,BernieSanders
2019-05-18,1931,9277622,0,1340,17,12920,BernieSanders
2019-05-19,1720,9279342,0,1340,16,12936,BernieSanders
2019-05-20,2087,9281429,0,1340,7,12943,BernieSanders
2019-05-21,1729,9283158,0,1340,10,12953,BernieSanders
2019-05-22,1254,9284412,1,1341,6,12959,BernieSanders
2019-05-23,1751,9286163,1,1342,10,12969,BernieSanders
2019-05-24,1653,9287816,0,1342,15,12984,BernieSanders
2019-05-25,1361,9289177,0,1342,8,12992,BernieSanders
2019-05-26,1543,9290720,0,1342,12,13004,BernieSanders
2019-05-27,1783,9292503,0,1342,3,13007,BernieSanders
2019-05-28,1251,9293754,2,1344,4,13011,BernieSanders
2019-05-29,709,9294463,0,1344,6,13017,BernieSanders
2019-05-30,1168,9295631,0,1344,13,13030,BernieSanders
2019-05-31,1161,9296792,0,1344,13,13043,BernieSanders
2019-06-01,994,9297786,0,1344,9,13052,BernieSanders
2019-06-02,1210,9298996,0,1344,8,13060,BernieSanders
2019-06-03,1759,9300755,0,1344,30,13090,BernieSanders
2019-06-04,1737,9302492,1,1345,8,13098,BernieSanders
2019-06-05,1362,9303854,0,1345,16,13114,BernieSanders
2019-06-06,1505,9305359,0,1345,34,13148,BernieSanders
2019-06-07,794,9306153,0,1345,17,13165,BernieSanders
2019-06-08,480,9306633,0,1345,12,13177,BernieSanders
2019-06-09,735,9307368,0,1345,9,13186,BernieSanders
2019-06-10,1189,9308557,0,1345,14,13200,BernieSanders
2019-06-11,1948,9310505,0,1345,18,13218,BernieSanders
2019-06-12,1182,9311687,0,1345,9,13227,BernieSanders
2019-06-13,1126,9312813,0,1345,46,13273,BernieSanders
2019-06-14,834,9313647,0,1345,20,13293,BernieSanders
2019-06-15,833,9314480,1,1346,10,13303,BernieSanders
2019-06-16,1075,9315555,0,1346,6,13309,BernieSanders
2019-06-17,1203,9316758,0,1346,8,13317,BernieSanders
2019-06-18,465,9317223,0,1346,10,13327,BernieSanders
2019-06-19,806,9318029,0,1346,31,13358,BernieSanders
2019-06-20,1699,9319728,1,1347,11,13369,BernieSanders
2019-06-21,1698,9321426,1,1348,17,13386,BernieSanders
2019-06-22,1277,9322703,-1,1347,23,13409,BernieSanders
2019-06-23,1488,9324191,0,1347,8,13417,BernieSanders
2019-06-24,1683,9325874,0,1347,7,13424,BernieSanders
2019-06-25,5274,9331148,0,1347,33,13457,BernieSanders
2019-06-26,2678,9333826,1,1348,11,13468,BernieSanders
2019-06-27,5277,9339103,0,1348,16,13484,BernieSanders
2019-06-28,6760,9345863,0,1348,64,13548,BernieSanders
2019-06-29,5298,9351161,0,1348,7,13555,BernieSanders
2019-06-30,4524,9355685,0,1348,14,13569,BernieSanders
2019-07-01,3482,9359167,0,1348,9,13578,BernieSanders
2019-07-02,2739,9361906,0,1348,6,13584,BernieSanders
2019-07-03,2376,9364282,0,1348,19,13603,BernieSanders
2019-07-04,2017,9366299,0,1348,11,13614,BernieSanders
2019-07-05,1676,9367975,0,1348,5,13619,BernieSanders
2019-07-06,2103,9370078,0,1348,17,13636,BernieSanders
2019-07-07,1700,9371778,0,1348,10,13646,BernieSanders
2019-07-08,2082,9373860,0,1348,5,13651,BernieSanders
2019-07-09,1967,9375827,0,1348,9,13660,BernieSanders
2019-07-10,1551,9377378,0,1348,12,13672,BernieSanders
2019-07-11,2090,9379468,0,1348,26,13698,BernieSanders
2019-07-12,1351,9380819,2,1350,26,13724,BernieSanders
2019-07-13,1941,9382760,1,1351,25,13749,BernieSanders
2019-07-14,1383,9384143,2,1353,12,13761,BernieSanders
2019-07-15,3346,9387489,0,1353,7,13768,BernieSanders
2019-07-16,2894,9390383,0,1353,34,13802,BernieSanders
2019-07-17,3910,9394293,0,1353,14,13816,BernieSanders
2019-07-18,4211,9398504,0,1353,32,13848,BernieSanders
2019-07-19,3671,9402175,0,1353,15,13863,BernieSanders
2019-07-20,3066,9405241,1,1354,13,13876,BernieSanders
2019-07-21,3090,9408331,0,1354,14,13890,BernieSanders
2019-07-22,2897,9411228,0,1354,6,13896,BernieSanders
2019-07-23,2233,9413461,0,1354,7,13903,BernieSanders
2019-07-24,1419,9414880,0,1354,11,13914,BernieSanders
2019-07-25,2223,9417103,1,1355,12,13926,BernieSanders
2019-07-26,1674,9418777,1,1356,24,13950,BernieSanders
2019-07-27,1123,9419900,2,1358,27,13977,BernieSanders
2019-07-28,1579,9421479,0,1358,6,13983,BernieSanders
2019-07-29,1671,9423150,2,1360,19,14002,BernieSanders
2019-07-30,1880,9425030,1,1361,12,14014,BernieSanders
2019-07-31,6841,9431871,0,1361,31,14045,BernieSanders
2019-08-01,9494,9441365,0,1361,9,14054,BernieSanders
2019-08-02,4780,9446145,1,1362,9,14063,BernieSanders
2019-08-03,4499,9450644,0,1362,10,14073,BernieSanders
