Date,Daily Followers Gained,Total Follower Count,Daily Followed Users,Total Followed Users,Daily Tweets Posted,Total Tweets Posted,Name
2016-12-04,114,97812,-6,66441,4,4863,amyklobuchar
2016-12-05,44,97856,21,66462,1,4864,amyklobuchar
2016-12-06,139,97995,49,66511,3,4867,amyklobuchar
2016-12-07,119,98114,46,66557,2,4869,amyklobuchar
2016-12-08,180,98294,128,66685,5,4874,amyklobuchar
2016-12-09,94,98388,7,66692,3,4877,amyklobuchar
2016-12-10,106,98494,72,66764,3,4880,amyklobuchar
2016-12-11,214,98708,-21,66743,5,4885,amyklobuchar
2016-12-12,321,99029,236,66979,2,4887,amyklobuchar
2016-12-13,202,99231,112,67091,7,4894,amyklobuchar
2016-12-14,25,99256,0,67091,1,4895,amyklobuchar
2016-12-15,283,99539,113,67204,7,4902,amyklobuchar
2016-12-16,148,99687,59,67263,1,4903,amyklobuchar
2016-12-17,123,99810,99,67362,2,4905,amyklobuchar
2016-12-18,110,99920,4,67366,2,4907,amyklobuchar
2016-12-19,131,100051,98,67464,2,4909,amyklobuchar
2016-12-20,82,100133,17,67481,2,4911,amyklobuchar
2016-12-21,102,100235,28,67509,4,4915,amyklobuchar
2016-12-22,29,100264,21,67530,2,4917,amyklobuchar
2016-12-23,73,100337,12,67542,1,4918,amyklobuchar
2016-12-24,123,100460,-4,67538,3,4921,amyklobuchar
2016-12-25,42,100502,16,67554,3,4924,amyklobuchar
2016-12-26,116,100618,14,67568,2,4926,amyklobuchar
2016-12-27,21,100639,-3,67565,0,4926,amyklobuchar
2016-12-28,166,100805,47,67612,1,4927,amyklobuchar
2016-12-29,174,100979,49,67661,3,4930,amyklobuchar
2016-12-30,136,101115,141,67802,3,4933,amyklobuchar
2016-12-31,461,101576,38,67840,3,4936,amyklobuchar
2017-01-01,88,101664,-5,67835,0,4936,amyklobuchar
2017-01-02,130,101794,117,67952,0,4936,amyklobuchar
2017-01-03,458,102252,167,68119,12,4948,amyklobuchar
2017-01-04,81,102333,-6,68113,3,4951,amyklobuchar
2017-01-05,1035,103368,212,68325,4,4955,amyklobuchar
2017-01-06,228,103596,55,68380,4,4959,amyklobuchar
2017-01-07,235,103831,119,68499,4,4963,amyklobuchar
2017-01-08,231,104062,-6,68493,0,4963,amyklobuchar
2017-01-09,243,104305,12,68505,1,4964,amyklobuchar
2017-01-10,919,105224,344,68849,7,4971,amyklobuchar
2017-01-11,301,105525,111,68960,4,4975,amyklobuchar
2017-01-12,274,105799,67,69027,2,4977,amyklobuchar
2017-01-13,825,106624,244,69271,5,4982,amyklobuchar
2017-01-14,252,106876,-3,69268,0,4982,amyklobuchar
2017-01-15,268,107144,52,69320,1,4983,amyklobuchar
2017-01-16,372,107516,-8,69312,1,4984,amyklobuchar
2017-01-17,386,107902,319,69631,8,4992,amyklobuchar
2017-01-18,435,108337,159,69790,1,4993,amyklobuchar
2017-01-19,470,108807,120,69910,3,4996,amyklobuchar
2017-01-20,333,109140,113,70023,5,5001,amyklobuchar
2017-01-21,1494,110634,164,70187,4,5005,amyklobuchar
2017-01-22,657,111291,1,70188,2,5007,amyklobuchar
2017-01-23,1157,112448,284,70472,4,5011,amyklobuchar
2017-01-24,1985,114433,1424,71896,4,5015,amyklobuchar
2017-01-25,1024,115457,582,72478,6,5021,amyklobuchar
2017-01-26,1051,116508,478,72956,4,5025,amyklobuchar
2017-01-27,905,117413,438,73394,2,5027,amyklobuchar
2017-01-28,831,118244,402,73796,9,5036,amyklobuchar
2017-01-29,1470,119714,208,74004,6,5042,amyklobuchar
2017-01-30,1398,121112,621,74625,3,5045,amyklobuchar
2017-01-31,1340,122452,582,75207,2,5047,amyklobuchar
2017-02-01,1137,123589,669,75876,4,5051,amyklobuchar
2017-02-02,861,124450,522,76398,4,5055,amyklobuchar
2017-02-03,619,125069,147,76545,3,5058,amyklobuchar
2017-02-04,595,125664,299,76844,2,5060,amyklobuchar
2017-02-05,641,126305,60,76904,3,5063,amyklobuchar
2017-02-06,578,126883,293,77197,7,5070,amyklobuchar
2017-02-07,717,127600,253,77450,10,5080,amyklobuchar
2017-02-08,1005,128605,449,77899,4,5084,amyklobuchar
2017-02-09,750,129355,310,78209,3,5087,amyklobuchar
2017-02-10,644,129999,254,78463,3,5090,amyklobuchar
2017-02-11,433,130432,126,78589,7,5097,amyklobuchar
2017-02-12,491,130923,-5,78584,3,5100,amyklobuchar
2017-02-13,548,131471,318,78902,7,5107,amyklobuchar
2017-02-14,318,131789,102,79004,5,5112,amyklobuchar
2017-02-15,529,132318,309,79313,8,5120,amyklobuchar
2017-02-16,745,133063,230,79543,3,5123,amyklobuchar
2017-02-17,660,133723,291,79834,5,5128,amyklobuchar
2017-02-18,367,134090,167,80001,4,5132,amyklobuchar
2017-02-19,337,134427,58,80059,2,5134,amyklobuchar
2017-02-20,377,134804,124,80183,5,5139,amyklobuchar
2017-02-21,377,135181,137,80320,7,5146,amyklobuchar
2017-02-22,427,135608,157,80477,5,5151,amyklobuchar
2017-02-23,385,135993,148,80625,5,5156,amyklobuchar
2017-02-24,370,136363,108,80733,3,5159,amyklobuchar
2017-02-25,469,136832,50,80783,9,5168,amyklobuchar
2017-02-26,509,137341,146,80929,4,5172,amyklobuchar
2017-02-27,810,138151,301,81230,12,5184,amyklobuchar
2017-02-28,333,138484,165,81395,5,5189,amyklobuchar
2017-03-01,485,138969,209,81604,8,5197,amyklobuchar
2017-03-02,470,139439,78,81682,7,5204,amyklobuchar
2017-03-03,541,139980,385,82067,4,5208,amyklobuchar
2017-03-04,512,140492,-20,82047,1,5209,amyklobuchar
2017-03-05,411,140903,24,82071,2,5211,amyklobuchar
2017-03-06,362,141265,304,82375,4,5215,amyklobuchar
2017-03-07,404,141669,175,82550,3,5218,amyklobuchar
2017-03-08,451,142120,186,82736,4,5222,amyklobuchar
2017-03-09,374,142494,129,82865,5,5227,amyklobuchar
2017-03-10,395,142889,129,82994,3,5230,amyklobuchar
2017-03-11,349,143238,34,83028,5,5235,amyklobuchar
2017-03-12,238,143476,110,83138,4,5239,amyklobuchar
2017-03-13,254,143730,137,83275,1,5240,amyklobuchar
2017-03-14,286,144016,121,83396,2,5242,amyklobuchar
2017-03-15,365,144381,106,83502,1,5243,amyklobuchar
2017-03-16,253,144634,167,83669,7,5250,amyklobuchar
2017-03-17,363,144997,110,83779,6,5256,amyklobuchar
2017-03-18,304,145301,119,83898,3,5259,amyklobuchar
2017-03-19,294,145595,73,83971,1,5260,amyklobuchar
2017-03-20,309,145904,102,84073,4,5264,amyklobuchar
2017-03-21,387,146291,232,84305,5,5269,amyklobuchar
2017-03-22,1082,147373,507,84812,4,5273,amyklobuchar
2017-03-23,370,147743,65,84877,5,5278,amyklobuchar
2017-03-24,384,148127,299,85176,4,5282,amyklobuchar
2017-03-25,464,148591,37,85213,2,5284,amyklobuchar
2017-03-26,375,148966,119,85332,2,5286,amyklobuchar
2017-03-27,408,149374,220,85552,1,5287,amyklobuchar
2017-03-28,449,149823,65,85617,2,5289,amyklobuchar
2017-03-29,409,150232,221,85838,10,5299,amyklobuchar
2017-03-30,322,150554,113,85951,6,5305,amyklobuchar
2017-03-31,176,150730,147,86098,4,5309,amyklobuchar
2017-04-01,389,151119,102,86200,5,5314,amyklobuchar
2017-04-02,318,151437,-7,86193,3,5317,amyklobuchar
2017-04-03,341,151778,192,86385,7,5324,amyklobuchar
2017-04-04,323,152101,156,86541,5,5329,amyklobuchar
2017-04-05,320,152421,151,86692,4,5333,amyklobuchar
2017-04-06,254,152675,98,86790,4,5337,amyklobuchar
2017-04-07,336,153011,106,86896,2,5339,amyklobuchar
2017-04-08,295,153306,16,86912,0,5339,amyklobuchar
2017-04-09,198,153504,63,86975,6,5345,amyklobuchar
2017-04-10,236,153740,130,87105,3,5348,amyklobuchar
2017-04-11,251,153991,37,87142,4,5352,amyklobuchar
2017-04-12,221,154212,116,87258,6,5358,amyklobuchar
2017-04-13,40,154252,83,87341,5,5363,amyklobuchar
2017-04-14,349,154601,73,87414,3,5366,amyklobuchar
2017-04-15,240,154841,75,87489,5,5371,amyklobuchar
2017-04-16,171,155012,-6,87483,3,5374,amyklobuchar
2017-04-17,150,155162,136,87619,3,5377,amyklobuchar
2017-04-18,209,155371,79,87698,6,5383,amyklobuchar
2017-04-19,236,155607,71,87769,4,5387,amyklobuchar
2017-04-20,320,155927,-4,87765,2,5389,amyklobuchar
2017-04-21,381,156308,98,87863,6,5395,amyklobuchar
2017-04-22,207,156515,19,87882,3,5398,amyklobuchar
2017-04-23,242,156757,-2,87880,2,5400,amyklobuchar
2017-04-24,108,156865,149,88029,3,5403,amyklobuchar
2017-04-25,215,157080,93,88122,5,5408,amyklobuchar
2017-04-26,243,157323,78,88200,3,5411,amyklobuchar
2017-04-27,329,157652,74,88274,4,5415,amyklobuchar
2017-04-28,207,157859,76,88350,5,5420,amyklobuchar
2017-04-29,256,158115,1,88351,6,5426,amyklobuchar
2017-04-30,207,158322,-2,88349,3,5429,amyklobuchar
2017-05-01,191,158513,219,88568,2,5431,amyklobuchar
2017-05-02,463,158976,65,88633,2,5433,amyklobuchar
2017-05-03,436,159412,276,88909,3,5436,amyklobuchar
2017-05-04,415,159827,180,89089,5,5441,amyklobuchar
2017-05-05,529,160356,-4,89085,3,5444,amyklobuchar
2017-05-06,371,160727,66,89151,2,5446,amyklobuchar
2017-05-07,337,161064,150,89301,3,5449,amyklobuchar
2017-05-08,400,161464,64,89365,5,5454,amyklobuchar
2017-05-09,1009,162473,217,89582,6,5460,amyklobuchar
2017-05-10,618,163091,337,89919,4,5464,amyklobuchar
2017-05-11,680,163771,124,90043,4,5468,amyklobuchar
2017-05-12,487,164258,115,90158,7,5475,amyklobuchar
2017-05-13,469,164727,56,90214,5,5480,amyklobuchar
2017-05-14,315,165042,-2,90212,4,5484,amyklobuchar
2017-05-15,253,165295,147,90359,5,5489,amyklobuchar
2017-05-16,381,165676,61,90420,4,5493,amyklobuchar
2017-05-17,475,166151,69,90489,4,5497,amyklobuchar
2017-05-18,397,166548,217,90706,7,5504,amyklobuchar
2017-05-19,280,166828,-3,90703,4,5508,amyklobuchar
2017-05-20,138,166966,95,90798,3,5511,amyklobuchar
2017-05-21,172,167138,65,90863,1,5512,amyklobuchar
2017-05-22,182,167320,-5,90858,2,5514,amyklobuchar
2017-05-23,185,167505,139,90997,1,5515,amyklobuchar
2017-05-24,335,167840,-7,90990,4,5519,amyklobuchar
2017-05-25,217,168057,10,91000,3,5522,amyklobuchar
2017-05-26,7,168064,103,91103,5,5527,amyklobuchar
2017-05-27,296,168360,107,91210,5,5532,amyklobuchar
2017-05-28,198,168558,-6,91204,3,5535,amyklobuchar
2017-05-29,189,168747,50,91254,3,5538,amyklobuchar
2017-05-30,158,168905,67,91321,5,5543,amyklobuchar
2017-05-31,264,169169,-7,91314,4,5547,amyklobuchar
2017-06-01,328,169497,15,91329,3,5550,amyklobuchar
2017-06-02,347,169844,35,91364,5,5555,amyklobuchar
2017-06-03,219,170063,289,91653,4,5559,amyklobuchar
2017-06-04,209,170272,0,91653,4,5563,amyklobuchar
2017-06-05,224,170496,-6,91647,0,5563,amyklobuchar
2017-06-06,219,170715,104,91751,4,5567,amyklobuchar
2017-06-07,294,171009,103,91854,6,5573,amyklobuchar
2017-06-08,350,171359,197,92051,5,5578,amyklobuchar
2017-06-09,387,171746,122,92173,3,5581,amyklobuchar
2017-06-10,468,172214,29,92202,4,5585,amyklobuchar
2017-06-11,385,172599,-1,92201,3,5588,amyklobuchar
2017-06-12,450,173049,181,92382,6,5594,amyklobuchar
2017-06-13,1047,174096,16,92398,8,5602,amyklobuchar
2017-06-14,1704,175800,-8,92390,5,5607,amyklobuchar
2017-06-15,205,176005,473,92863,2,5609,amyklobuchar
2017-06-16,349,176354,-2,92861,5,5614,amyklobuchar
2017-06-17,466,176820,226,93087,2,5616,amyklobuchar
2017-06-18,380,177200,-10,93077,2,5618,amyklobuchar
2017-06-19,385,177585,232,93309,3,5621,amyklobuchar
2017-06-20,602,178187,86,93395,7,5628,amyklobuchar
2017-06-21,437,178624,305,93700,3,5631,amyklobuchar
2017-06-22,383,179007,-5,93695,5,5636,amyklobuchar
2017-06-23,438,179445,143,93838,3,5639,amyklobuchar
2017-06-24,408,179853,94,93932,4,5643,amyklobuchar
2017-06-25,345,180198,-6,93926,4,5647,amyklobuchar
2017-06-26,366,180564,119,94045,7,5654,amyklobuchar
2017-06-27,489,181053,109,94154,5,5659,amyklobuchar
2017-06-28,422,181475,174,94328,3,5662,amyklobuchar
2017-06-29,531,182006,6,94334,4,5666,amyklobuchar
2017-06-30,374,182380,156,94490,4,5670,amyklobuchar
2017-07-01,575,182955,169,94659,4,5674,amyklobuchar
2017-07-02,256,183211,-1,94658,3,5677,amyklobuchar
2017-07-03,272,183483,195,94853,3,5680,amyklobuchar
2017-07-04,524,184007,25,94878,2,5682,amyklobuchar
2017-07-05,395,184402,156,95034,6,5688,amyklobuchar
2017-07-06,688,185090,124,95158,8,5696,amyklobuchar
2017-07-07,690,185780,106,95264,2,5698,amyklobuchar
2017-07-08,544,186324,8,95272,3,5701,amyklobuchar
2017-07-09,593,186917,-2,95270,2,5703,amyklobuchar
2017-07-10,651,187568,267,95537,2,5705,amyklobuchar
2017-07-11,771,188339,42,95579,6,5711,amyklobuchar
2017-07-12,877,189216,249,95828,2,5713,amyklobuchar
2017-07-13,923,190139,173,96001,4,5717,amyklobuchar
2017-07-14,741,190880,114,96115,4,5721,amyklobuchar
2017-07-15,645,191525,46,96161,2,5723,amyklobuchar
2017-07-16,620,192145,-4,96157,2,5725,amyklobuchar
2017-07-17,717,192862,210,96367,2,5727,amyklobuchar
2017-07-18,840,193702,154,96521,6,5733,amyklobuchar
2017-07-19,877,194579,-4,96517,4,5737,amyklobuchar
2017-07-20,821,195400,195,96712,5,5742,amyklobuchar
2017-07-21,507,195907,116,96828,0,5742,amyklobuchar
2017-07-22,896,196803,70,96898,3,5745,amyklobuchar
2017-07-23,410,197213,0,96898,2,5747,amyklobuchar
2017-07-24,613,197826,208,97106,3,5750,amyklobuchar
2017-07-25,1014,198840,221,97327,5,5755,amyklobuchar
2017-07-26,1034,199874,223,97550,4,5759,amyklobuchar
2017-07-27,1051,200925,253,97803,2,5761,amyklobuchar
2017-07-28,1865,202790,543,98346,6,5767,amyklobuchar
2017-07-29,1042,203832,100,98446,2,5769,amyklobuchar
2017-07-30,799,204631,-6,98440,2,5771,amyklobuchar
2017-07-31,807,205438,337,98777,3,5774,amyklobuchar
2017-08-01,798,206236,136,98913,0,5774,amyklobuchar
2017-08-02,904,207140,-9,98904,3,5777,amyklobuchar
2017-08-03,1169,208309,192,99096,3,5780,amyklobuchar
2017-08-04,547,208856,244,99340,3,5783,amyklobuchar
2017-08-05,440,209296,21,99361,4,5787,amyklobuchar
2017-08-06,515,209811,-4,99357,0,5787,amyklobuchar
2017-08-08,996,210807,263,99620,1,5788,amyklobuchar
2017-08-09,522,211329,93,99713,0,5788,amyklobuchar
2017-08-10,1504,212833,297,100010,2,5790,amyklobuchar
2017-08-11,847,213680,124,100134,3,5793,amyklobuchar
2017-08-12,657,214337,20,100154,1,5794,amyklobuchar
2017-08-13,958,215295,-7,100147,2,5796,amyklobuchar
2017-08-14,765,216060,311,100458,1,5797,amyklobuchar
2017-08-15,731,216791,101,100559,2,5799,amyklobuchar
2017-08-16,1556,218347,35,100594,1,5800,amyklobuchar
2017-08-17,2011,220358,207,100801,2,5802,amyklobuchar
2017-08-18,1040,221398,123,100924,3,5805,amyklobuchar
2017-08-19,884,222282,10,100934,2,5807,amyklobuchar
2017-08-20,814,223096,-1,100933,4,5811,amyklobuchar
2017-08-21,779,223875,247,101180,2,5813,amyklobuchar
2017-08-22,963,224838,129,101309,4,5817,amyklobuchar
2017-08-23,832,225670,123,101432,8,5825,amyklobuchar
2017-08-24,1450,227120,55,101487,3,5828,amyklobuchar
2017-08-25,679,227799,263,101750,1,5829,amyklobuchar
2017-08-26,786,228585,93,101843,4,5833,amyklobuchar
2017-08-27,712,229297,-3,101840,3,5836,amyklobuchar
2017-08-28,655,229952,216,102056,6,5842,amyklobuchar
2017-08-29,613,230565,191,102247,1,5843,amyklobuchar
2017-08-30,653,231218,127,102374,2,5845,amyklobuchar
2017-08-31,989,232207,97,102471,6,5851,amyklobuchar
2017-09-01,612,232819,76,102547,1,5852,amyklobuchar
2017-09-02,580,233399,-9,102538,2,5854,amyklobuchar
2017-09-03,522,233921,-9,102529,3,5857,amyklobuchar
2017-09-04,454,234375,-16,102513,5,5862,amyklobuchar
2017-09-05,622,234997,174,102687,1,5863,amyklobuchar
2017-09-06,878,235875,-3,102684,3,5866,amyklobuchar
2017-09-07,870,236745,211,102895,4,5870,amyklobuchar
2017-09-08,733,237478,20,102915,2,5872,amyklobuchar
2017-09-09,606,238084,49,102964,4,5876,amyklobuchar
2017-09-10,619,238703,-1,102963,3,5879,amyklobuchar
2017-09-11,591,239294,29,102992,5,5884,amyklobuchar
2017-09-12,-157,239137,71,103063,5,5889,amyklobuchar
2017-09-13,372,239509,82,103145,4,5893,amyklobuchar
2017-09-14,543,240052,55,103200,4,5897,amyklobuchar
2017-09-15,424,240476,9,103209,2,5899,amyklobuchar
2017-09-16,829,241305,49,103258,3,5902,amyklobuchar
2017-09-17,539,241844,57,103315,3,5905,amyklobuchar
2017-09-18,360,242204,64,103379,2,5907,amyklobuchar
2017-09-19,495,242699,52,103431,3,5910,amyklobuchar
2017-09-20,609,243308,154,103585,5,5915,amyklobuchar
2017-09-21,1609,244917,63,103648,1,5916,amyklobuchar
2017-09-22,912,245829,122,103770,3,5919,amyklobuchar
2017-09-23,684,246513,62,103832,4,5923,amyklobuchar
2017-09-24,794,247307,-2,103830,3,5926,amyklobuchar
2017-09-25,865,248172,191,104021,1,5927,amyklobuchar
2017-09-26,2040,250212,288,104309,2,5929,amyklobuchar
2017-09-27,1009,251221,250,104559,2,5931,amyklobuchar
2017-09-28,887,252108,100,104659,3,5934,amyklobuchar
2017-09-29,824,252932,81,104740,4,5938,amyklobuchar
2017-09-30,772,253704,21,104761,4,5942,amyklobuchar
2017-10-01,816,254520,-3,104758,4,5946,amyklobuchar
2017-10-02,1116,255636,77,104835,1,5947,amyklobuchar
2017-10-03,881,256517,137,104972,3,5950,amyklobuchar
2017-10-04,830,257347,120,105092,2,5952,amyklobuchar
2017-10-05,585,257932,77,105169,5,5957,amyklobuchar
2017-10-06,613,258545,-2,105167,1,5958,amyklobuchar
2017-10-07,586,259131,63,105230,0,5958,amyklobuchar
2017-10-08,566,259697,0,105230,4,5962,amyklobuchar
2017-10-09,406,260103,-10,105220,3,5965,amyklobuchar
2017-10-10,918,261021,300,105520,11,5976,amyklobuchar
2017-10-11,575,261596,87,105607,3,5979,amyklobuchar
2017-10-12,599,262195,47,105654,6,5985,amyklobuchar
2017-10-13,494,262689,14,105668,3,5988,amyklobuchar
2017-10-14,421,263110,84,105752,6,5994,amyklobuchar
2017-10-15,406,263516,-1,105751,3,5997,amyklobuchar
2017-10-16,479,263995,153,105904,5,6002,amyklobuchar
2017-10-17,1,263996,89,105993,8,6010,amyklobuchar
2017-10-18,237,264233,102,106095,5,6015,amyklobuchar
2017-10-19,974,265207,141,106236,6,6021,amyklobuchar
2017-10-20,927,266134,126,106362,6,6027,amyklobuchar
2017-10-21,685,266819,-10,106352,13,6040,amyklobuchar
2017-10-22,694,267513,54,106406,4,6044,amyklobuchar
2017-10-23,779,268292,-6,106400,6,6050,amyklobuchar
2017-10-24,794,269086,129,106529,1,6051,amyklobuchar
2017-10-25,1636,270722,15,106544,6,6057,amyklobuchar
2017-10-26,-41,270681,65,106609,3,6060,amyklobuchar
2017-10-27,906,271587,13,106622,5,6065,amyklobuchar
2017-10-28,947,272534,82,106704,12,6077,amyklobuchar
2017-10-29,564,273098,67,106771,6,6083,amyklobuchar
2017-10-30,765,273863,-7,106764,2,6085,amyklobuchar
2017-10-31,481,274344,5,106769,8,6093,amyklobuchar
2017-11-01,798,275142,32,106801,7,6100,amyklobuchar
2017-11-02,1673,276815,75,106876,5,6105,amyklobuchar
2017-11-03,374,277189,-2,106874,4,6109,amyklobuchar
2017-11-04,-318,276871,38,106912,8,6117,amyklobuchar
2017-11-05,575,277446,64,106976,4,6121,amyklobuchar
2017-11-06,614,278060,75,107051,2,6123,amyklobuchar
2017-11-07,849,278909,48,107099,3,6126,amyklobuchar
2017-11-08,1212,280121,106,107205,8,6134,amyklobuchar
2017-11-09,2200,282321,55,107260,3,6137,amyklobuchar
2017-11-10,1920,284241,-10,107250,27,6164,amyklobuchar
2017-11-11,2019,286260,204,107454,5,6169,amyklobuchar
2017-11-12,2002,288262,-12,107442,4,6173,amyklobuchar
2017-11-13,1775,290037,21,107463,8,6181,amyklobuchar
2017-11-14,2036,292073,153,107616,1,6182,amyklobuchar
2017-11-15,2332,294405,62,107678,10,6192,amyklobuchar
2017-11-16,2630,297035,72,107750,4,6196,amyklobuchar
2017-11-17,3198,300233,160,107910,1,6197,amyklobuchar
2017-11-18,2452,302685,-20,107890,1,6198,amyklobuchar
2017-11-19,2438,305123,-11,107879,7,6205,amyklobuchar
2017-11-20,2753,307876,22,107901,7,6212,amyklobuchar
2017-11-21,2511,310387,131,108032,2,6214,amyklobuchar
2017-11-22,1335,311722,17,108049,4,6218,amyklobuchar
2017-11-23,3944,315666,-9,108040,8,6226,amyklobuchar
2017-11-24,2438,318104,62,108102,4,6230,amyklobuchar
2017-11-25,2204,320308,36,108138,0,6230,amyklobuchar
2017-11-26,2250,322558,-8,108130,1,6231,amyklobuchar
2017-11-27,1662,324220,47,108177,3,6234,amyklobuchar
2017-11-28,1194,325414,60,108237,3,6237,amyklobuchar
2017-11-29,1134,326548,2,108239,4,6241,amyklobuchar
2017-11-30,1245,327793,49,108288,4,6245,amyklobuchar
2017-12-01,949,328742,131,108419,10,6255,amyklobuchar
2017-12-02,1858,330600,24,108443,6,6261,amyklobuchar
2017-12-03,10335,340935,-8,108435,2,6263,amyklobuchar
2017-12-04,281,341216,264,108699,4,6267,amyklobuchar
2017-12-05,928,342144,29,108728,5,6272,amyklobuchar
2017-12-06,824,342968,24,108752,4,6276,amyklobuchar
2017-12-07,5535,348503,-16,108736,2,6278,amyklobuchar
2017-12-08,614,349117,-5,108731,0,6278,amyklobuchar
2017-12-09,454,349571,1,108732,3,6281,amyklobuchar
2017-12-10,691,350262,-1,108731,3,6284,amyklobuchar
2017-12-12,1642,351904,110,108841,10,6294,amyklobuchar
2017-12-16,12869,364773,142,108983,24,6318,amyklobuchar
2017-12-17,28,364801,-3,108980,2,6320,amyklobuchar
2017-12-18,-304,364497,1,108981,4,6324,amyklobuchar
2017-12-19,-319,364178,23,109004,0,6324,amyklobuchar
2017-12-20,-566,363612,9,109013,5,6329,amyklobuchar
2017-12-21,4610,368222,47,109060,0,6329,amyklobuchar
2017-12-22,2032,370254,20,109080,7,6336,amyklobuchar
2017-12-23,272,370526,13,109093,2,6338,amyklobuchar
2017-12-24,615,371141,-9,109084,7,6345,amyklobuchar
2017-12-25,482,371623,-3,109081,1,6346,amyklobuchar
2017-12-26,381,372004,-1,109080,1,6347,amyklobuchar
2017-12-27,301,372305,38,109118,7,6354,amyklobuchar
2017-12-28,5204,377509,29,109147,3,6357,amyklobuchar
2017-12-29,3041,380550,-1,109146,2,6359,amyklobuchar
2017-12-30,-379,380171,52,109198,2,6361,amyklobuchar
2017-12-31,-48,380123,4,109202,4,6365,amyklobuchar
2018-01-01,93,380216,-9,109193,6,6371,amyklobuchar
2018-01-02,669,380885,-11,109182,0,6371,amyklobuchar
2018-01-03,-1685,379200,40,109222,2,6373,amyklobuchar
2018-01-04,4323,383523,4,109226,4,6377,amyklobuchar
2018-01-05,5059,388582,-11,109215,2,6379,amyklobuchar
2018-01-06,-1223,387359,-5,109210,5,6384,amyklobuchar
2018-01-07,-448,386911,-11,109199,3,6387,amyklobuchar
2018-01-08,1015,387926,31,109230,5,6392,amyklobuchar
2018-01-09,-558,387368,-1,109229,2,6394,amyklobuchar
2018-01-10,901,388269,3,109232,4,6398,amyklobuchar
2018-01-11,6303,394572,20,109252,4,6402,amyklobuchar
2018-01-12,5182,399754,58,109310,6,6408,amyklobuchar
2018-01-13,-158,399596,32,109342,7,6415,amyklobuchar
2018-01-14,88,399684,-8,109334,6,6421,amyklobuchar
2018-01-15,372,400056,-3,109331,13,6434,amyklobuchar
2018-01-16,172,400228,43,109374,3,6437,amyklobuchar
2018-01-17,299,400527,29,109403,1,6438,amyklobuchar
2018-01-18,512,401039,11,109414,4,6442,amyklobuchar
2018-01-19,5472,406511,-6,109408,0,6442,amyklobuchar
2018-01-20,-820,405691,-10,109398,2,6444,amyklobuchar
2018-01-21,-802,404889,59,109457,1,6445,amyklobuchar
2018-01-22,213,405102,22,109479,6,6451,amyklobuchar
2018-01-23,-3898,401204,16,109495,-1,6450,amyklobuchar
2018-01-24,-1799,399405,10,109505,2,6452,amyklobuchar
2018-01-25,-64,399341,-3,109502,2,6454,amyklobuchar
2018-01-26,1783,401124,-8,109494,4,6458,amyklobuchar
2018-01-27,159,401283,32,109526,4,6462,amyklobuchar
2018-01-28,163,401446,-10,109516,5,6467,amyklobuchar
2018-01-29,218,401664,-8,109508,4,6471,amyklobuchar
2018-01-30,-1848,399816,14,109522,4,6475,amyklobuchar
2018-01-31,-1789,398027,44,109566,7,6482,amyklobuchar
2018-02-01,1101,399128,-1,109565,5,6487,amyklobuchar
2018-02-02,-1493,397635,-16,109549,14,6501,amyklobuchar
2018-02-03,2384,400019,-2,109547,1,6502,amyklobuchar
2018-02-04,3589,403608,-10,109537,6,6508,amyklobuchar
2018-02-05,389,403997,-5,109532,5,6513,amyklobuchar
2018-02-06,841,404838,-4,109528,3,6516,amyklobuchar
2018-02-07,672,405510,6,109534,2,6518,amyklobuchar
2018-02-08,674,406184,15,109549,6,6524,amyklobuchar
2018-02-09,431,406615,-2,109547,4,6528,amyklobuchar
2018-02-10,-805,405810,-18,109529,6,6534,amyklobuchar
2018-02-11,2762,408572,121,109650,7,6541,amyklobuchar
2018-02-12,1193,409765,180,109830,5,6546,amyklobuchar
2018-02-13,-1157,408608,21,109851,6,6552,amyklobuchar
2018-02-14,-329,408279,-7,109844,8,6560,amyklobuchar
2018-02-15,-591,407688,27,109871,2,6562,amyklobuchar
2018-02-16,-2689,404999,-17,109854,1,6563,amyklobuchar
2018-02-17,-126,404873,-8,109846,4,6567,amyklobuchar
2018-02-18,-543,404330,-14,109832,5,6572,amyklobuchar
2018-02-19,286,404616,21,109853,2,6574,amyklobuchar
2018-02-20,1837,406453,7,109860,5,6579,amyklobuchar
2018-02-21,-567,405886,99,109959,3,6582,amyklobuchar
2018-02-22,237,406123,20,109979,9,6591,amyklobuchar
2018-02-23,481,406604,23,110002,4,6595,amyklobuchar
2018-02-24,465,407069,2,110004,15,6610,amyklobuchar
2018-02-25,841,407910,-7,109997,2,6612,amyklobuchar
2018-02-26,144,408054,10,110007,4,6616,amyklobuchar
2018-02-27,651,408705,51,110058,4,6620,amyklobuchar
2018-02-28,151,408856,-3,110055,10,6630,amyklobuchar
2018-03-01,851,409707,40,110095,2,6632,amyklobuchar
2018-03-02,-1041,408666,-5,110090,2,6634,amyklobuchar
2018-03-03,654,409320,-6,110084,8,6642,amyklobuchar
2018-03-04,938,410258,-12,110072,2,6644,amyklobuchar
2018-03-05,599,410857,29,110101,6,6650,amyklobuchar
2018-03-06,742,411599,2,110103,1,6651,amyklobuchar
2018-03-07,736,412335,-12,110091,5,6656,amyklobuchar
2018-03-08,340,412675,14,110105,5,6661,amyklobuchar
2018-03-09,468,413143,25,110130,6,6667,amyklobuchar
2018-03-10,347,413490,-10,110120,2,6669,amyklobuchar
2018-03-11,343,413833,-4,110116,3,6672,amyklobuchar
2018-03-12,435,414268,-6,110110,1,6673,amyklobuchar
2018-03-13,565,414833,59,110169,5,6678,amyklobuchar
2018-03-14,455,415288,27,110196,8,6686,amyklobuchar
2018-03-15,437,415725,24,110220,9,6695,amyklobuchar
2018-03-16,429,416154,-4,110216,4,6699,amyklobuchar
2018-03-17,418,416572,-6,110210,6,6705,amyklobuchar
2018-03-18,658,417230,-7,110203,4,6709,amyklobuchar
2018-03-19,616,417846,107,110310,7,6716,amyklobuchar
2018-03-20,517,418363,-6,110304,2,6718,amyklobuchar
2018-03-21,549,418912,47,110351,4,6722,amyklobuchar
2018-03-22,648,419560,-9,110342,9,6731,amyklobuchar
2018-03-23,596,420156,113,110455,8,6739,amyklobuchar
2018-03-24,332,420488,-22,110433,9,6748,amyklobuchar
2018-03-25,226,420714,-38,110395,-1,6747,amyklobuchar
2018-03-26,270,420984,-3,110392,2,6749,amyklobuchar
2018-03-27,270,421254,89,110481,7,6756,amyklobuchar
2018-03-28,173,421427,-9,110472,5,6761,amyklobuchar
2018-03-29,250,421677,43,110515,10,6771,amyklobuchar
2018-03-30,292,421969,29,110544,3,6774,amyklobuchar
2018-03-31,303,422272,-7,110537,1,6775,amyklobuchar
2018-04-01,242,422514,4,110541,2,6777,amyklobuchar
2018-04-02,275,422789,-14,110527,2,6779,amyklobuchar
2018-04-03,387,423176,38,110565,7,6786,amyklobuchar
2018-04-04,130,423306,9,110574,4,6790,amyklobuchar
2018-04-05,274,423580,8,110582,3,6793,amyklobuchar
2018-04-06,289,423869,-4,110578,7,6800,amyklobuchar
2018-04-07,379,424248,33,110611,8,6808,amyklobuchar
2018-04-08,254,424502,-3,110608,4,6812,amyklobuchar
2018-04-09,342,424844,15,110623,3,6815,amyklobuchar
2018-04-10,488,425332,-2,110621,7,6822,amyklobuchar
2018-04-11,712,426044,95,110716,13,6835,amyklobuchar
2018-04-12,506,426550,23,110739,5,6840,amyklobuchar
2018-04-13,440,426990,-10,110729,9,6849,amyklobuchar
2018-04-14,-213,426777,17,110746,4,6853,amyklobuchar
2018-04-15,215,426992,-7,110739,1,6854,amyklobuchar
2018-04-16,539,427531,24,110763,6,6860,amyklobuchar
2018-04-17,297,427828,29,110792,5,6865,amyklobuchar
2018-04-18,97,427925,67,110859,9,6874,amyklobuchar
2018-04-19,128,428053,-6,110853,7,6881,amyklobuchar
2018-04-20,191,428244,88,110941,7,6888,amyklobuchar
2018-04-21,94,428338,-5,110936,3,6891,amyklobuchar
2018-04-22,122,428460,-6,110930,4,6895,amyklobuchar
2018-04-23,124,428584,-8,110922,3,6898,amyklobuchar
2018-04-24,285,428869,59,110981,2,6900,amyklobuchar
2018-04-25,107,428976,-9,110972,6,6906,amyklobuchar
2018-04-26,90,429066,41,111013,6,6912,amyklobuchar
2018-04-27,59,429125,-14,110999,0,6912,amyklobuchar
2018-04-28,170,429295,15,111014,5,6917,amyklobuchar
2018-04-29,135,429430,-4,111010,4,6921,amyklobuchar
2018-04-30,102,429532,-11,110999,4,6925,amyklobuchar
2018-05-01,-1515,428017,29,111028,7,6932,amyklobuchar
2018-05-02,-1653,426364,-7,111021,3,6935,amyklobuchar
2018-05-03,137,426501,-3,111018,5,6940,amyklobuchar
2018-05-04,30,426531,24,111042,7,6947,amyklobuchar
2018-05-05,84,426615,-4,111038,4,6951,amyklobuchar
2018-05-06,24,426639,-7,111031,6,6957,amyklobuchar
2018-05-07,53,426692,22,111053,5,6962,amyklobuchar
2018-05-08,67,426759,-10,111043,5,6967,amyklobuchar
2018-05-09,47,426806,-2,111041,7,6974,amyklobuchar
2018-05-10,73,426879,-8,111033,7,6981,amyklobuchar
2018-05-11,198,427077,-16,111017,8,6989,amyklobuchar
2018-05-12,-191,426886,59,111076,10,6999,amyklobuchar
2018-05-13,2113,428999,-9,111067,6,7005,amyklobuchar
2018-05-14,531,429530,-10,111057,6,7011,amyklobuchar
2018-05-15,-531,428999,37,111094,5,7016,amyklobuchar
2018-05-16,-360,428639,2,111096,7,7023,amyklobuchar
2018-05-17,-161,428478,45,111141,3,7026,amyklobuchar
2018-05-18,-226,428252,-14,111127,7,7033,amyklobuchar
2018-05-19,84,428336,3,111130,2,7035,amyklobuchar
2018-05-20,220,428556,-38,111092,2,7037,amyklobuchar
2018-05-21,24,428580,-11,111081,5,7042,amyklobuchar
2018-05-22,57,428637,-10,111071,6,7048,amyklobuchar
2018-05-23,-804,427833,-11,111060,8,7056,amyklobuchar
2018-05-24,-9,427824,-14,111046,5,7061,amyklobuchar
2018-05-25,61,427885,-1,111045,6,7067,amyklobuchar
2018-05-26,80,427965,-9,111036,4,7071,amyklobuchar
2018-05-27,76,428041,-9,111027,5,7076,amyklobuchar
2018-05-28,80,428121,-5,111022,3,7079,amyklobuchar
2018-05-29,62,428183,-7,111015,5,7084,amyklobuchar
2018-05-30,102,428285,41,111056,3,7087,amyklobuchar
2018-05-31,41,428326,-8,111048,4,7091,amyklobuchar
2018-06-01,90,428416,-13,111035,1,7092,amyklobuchar
2018-06-02,159,428575,-16,111019,8,7100,amyklobuchar
2018-06-03,99,428674,-8,111011,2,7102,amyklobuchar
2018-06-04,161,428835,-9,111002,3,7105,amyklobuchar
2018-06-05,148,428983,-11,110991,3,7108,amyklobuchar
2018-06-06,66,429049,-6,110985,2,7110,amyklobuchar
2018-06-07,73,429122,-8,110977,5,7115,amyklobuchar
2018-06-08,194,429316,-12,110965,5,7120,amyklobuchar
2018-06-09,60,429376,-6,110959,5,7125,amyklobuchar
2018-06-10,22,429398,-11,110948,7,7132,amyklobuchar
2018-06-11,34,429432,-6,110942,5,7137,amyklobuchar
2018-06-12,64,429496,15,110957,5,7142,amyklobuchar
2018-06-13,-55,429441,-9,110948,10,7152,amyklobuchar
2018-06-14,59,429500,129,111077,6,7158,amyklobuchar
2018-06-15,108,429608,430,111507,8,7166,amyklobuchar
2018-06-16,49,429657,790,112297,4,7170,amyklobuchar
2018-06-17,108,429765,492,112789,5,7175,amyklobuchar
2018-06-18,48,429813,-3,112786,8,7183,amyklobuchar
2018-06-19,107,429920,549,113335,5,7188,amyklobuchar
2018-06-20,188,430108,993,114328,3,7191,amyklobuchar
2018-06-21,107,430215,806,115134,8,7199,amyklobuchar
2018-06-22,67,430282,541,115675,6,7205,amyklobuchar
2018-06-23,-180,430102,82,115757,1,7206,amyklobuchar
2018-06-24,66,430168,67,115824,5,7211,amyklobuchar
2018-06-25,43,430211,231,116055,9,7220,amyklobuchar
2018-06-26,94,430305,-16,116039,7,7227,amyklobuchar
2018-06-27,78,430383,186,116225,5,7232,amyklobuchar
2018-06-28,-1177,429206,157,116382,4,7236,amyklobuchar
2018-06-29,188,429394,-7,116375,7,7243,amyklobuchar
2018-06-30,95,429489,155,116530,3,7246,amyklobuchar
2018-07-01,100,429589,112,116642,4,7250,amyklobuchar
2018-07-02,43,429632,82,116724,4,7254,amyklobuchar
2018-07-03,87,429719,82,116806,0,7254,amyklobuchar
2018-07-04,-56,429663,-3,116803,8,7262,amyklobuchar
2018-07-05,55,429718,-6,116797,12,7274,amyklobuchar
2018-07-06,143,429861,149,116946,5,7279,amyklobuchar
2018-07-07,144,430005,-10,116936,2,7281,amyklobuchar
2018-07-08,81,430086,-20,116916,2,7283,amyklobuchar
2018-07-09,114,430200,73,116989,4,7287,amyklobuchar
2018-07-10,179,430379,158,117147,7,7294,amyklobuchar
2018-07-11,129,430508,233,117380,6,7300,amyklobuchar
2018-07-12,50,430558,182,117562,5,7305,amyklobuchar
2018-07-13,-2743,427815,51,117613,5,7310,amyklobuchar
2018-07-14,149,427964,133,117746,5,7315,amyklobuchar
2018-07-15,131,428095,310,118056,4,7319,amyklobuchar
2018-07-16,10,428105,268,118324,5,7324,amyklobuchar
2018-07-17,249,428354,14,118338,6,7330,amyklobuchar
2018-07-18,-1014,427340,739,119077,1,7331,amyklobuchar
2018-07-19,-2760,424580,8,119085,4,7335,amyklobuchar
2018-07-20,-1177,423403,440,119525,9,7344,amyklobuchar
2018-07-21,-31,423372,197,119722,3,7347,amyklobuchar
2018-07-22,-26,423346,17,119739,5,7352,amyklobuchar
2018-07-23,-181,423165,92,119831,2,7354,amyklobuchar
2018-07-24,-305,422860,70,119901,4,7358,amyklobuchar
2018-07-25,-823,422037,146,120047,6,7364,amyklobuchar
2018-07-26,64,422101,34,120081,3,7367,amyklobuchar
2018-07-27,70,422171,136,120217,5,7372,amyklobuchar
2018-07-28,19,422190,110,120327,8,7380,amyklobuchar
2018-07-29,25,422215,-4,120323,5,7385,amyklobuchar
2018-07-30,18,422233,132,120455,1,7386,amyklobuchar
2018-07-31,9,422242,153,120608,3,7389,amyklobuchar
2018-08-01,78,422320,167,120775,7,7396,amyklobuchar
2018-08-02,63,422383,21,120796,9,7405,amyklobuchar
2018-08-03,34,422417,163,120959,5,7410,amyklobuchar
2018-08-04,-27,422390,-13,120946,6,7416,amyklobuchar
2018-08-05,28,422418,57,121003,7,7423,amyklobuchar
2018-08-06,86,422504,260,121263,4,7427,amyklobuchar
2018-08-07,73,422577,132,121395,3,7430,amyklobuchar
2018-08-08,104,422681,-9,121386,4,7434,amyklobuchar
2018-08-09,10,422691,57,121443,6,7440,amyklobuchar
2018-08-10,415,423106,12,121455,8,7448,amyklobuchar
2018-08-11,193,423299,489,121944,6,7454,amyklobuchar
2018-08-12,213,423512,125,122069,5,7459,amyklobuchar
2018-08-13,77,423589,248,122317,4,7463,amyklobuchar
2018-08-14,-127,423462,287,122604,6,7469,amyklobuchar
2018-08-15,607,424069,382,122986,8,7477,amyklobuchar
2018-08-16,146,424215,108,123094,7,7484,amyklobuchar
2018-08-17,112,424327,257,123351,1,7485,amyklobuchar
2018-08-18,60,424387,83,123434,6,7491,amyklobuchar
2018-08-19,117,424504,133,123567,7,7498,amyklobuchar
2018-08-20,81,424585,211,123778,9,7507,amyklobuchar
2018-08-21,62,424647,73,123851,2,7509,amyklobuchar
2018-08-22,253,424900,-6,123845,1,7510,amyklobuchar
2018-08-23,187,425087,457,124302,5,7515,amyklobuchar
2018-08-24,77,425164,169,124471,0,7515,amyklobuchar
2018-08-25,171,425335,171,124642,3,7518,amyklobuchar
2018-08-26,317,425652,-4,124638,5,7523,amyklobuchar
2018-08-27,170,425822,186,124824,5,7528,amyklobuchar
2018-08-28,61,425883,242,125066,4,7532,amyklobuchar
2018-08-29,83,425966,215,125281,8,7540,amyklobuchar
2018-08-30,127,426093,283,125564,8,7548,amyklobuchar
2018-08-31,78,426171,88,125652,4,7552,amyklobuchar
2018-09-01,73,426244,-17,125635,3,7555,amyklobuchar
2018-09-02,182,426426,117,125752,5,7560,amyklobuchar
2018-09-03,175,426601,285,126037,2,7562,amyklobuchar
2018-09-04,347,426948,-4,126033,6,7568,amyklobuchar
2018-09-05,1597,428545,935,126968,7,7575,amyklobuchar
2018-09-06,961,429506,332,127300,3,7578,amyklobuchar
2018-09-07,409,429915,682,127982,6,7584,amyklobuchar
2018-09-08,325,430240,-15,127967,2,7586,amyklobuchar
2018-09-09,262,430502,139,128106,2,7588,amyklobuchar
2018-09-10,79,430581,342,128448,5,7593,amyklobuchar
2018-09-11,234,430815,278,128726,5,7598,amyklobuchar
2018-09-12,252,431067,180,128906,9,7607,amyklobuchar
2018-09-13,195,431262,-14,128892,6,7613,amyklobuchar
2018-09-14,191,431453,361,129253,3,7616,amyklobuchar
2018-09-15,122,431575,-11,129242,7,7623,amyklobuchar
2018-09-16,197,431772,-19,129223,3,7626,amyklobuchar
2018-09-17,211,431983,56,129279,2,7628,amyklobuchar
2018-09-18,178,432161,444,129723,4,7632,amyklobuchar
2018-09-19,238,432399,378,130101,7,7639,amyklobuchar
2018-09-20,253,432652,217,130318,6,7645,amyklobuchar
2018-09-21,265,432917,219,130537,5,7650,amyklobuchar
2018-09-22,230,433147,-7,130530,4,7654,amyklobuchar
2018-09-23,94,433241,-8,130522,3,7657,amyklobuchar
2018-09-24,278,433519,35,130557,5,7662,amyklobuchar
2018-09-25,352,433871,597,131154,7,7669,amyklobuchar
2018-09-26,213,434084,197,131351,3,7672,amyklobuchar
2018-09-27,1717,435801,81,131432,3,7675,amyklobuchar
2018-09-28,14467,450268,12,131444,6,7681,amyklobuchar
2018-09-29,22567,472835,1477,132921,1,7682,amyklobuchar
2018-09-30,10913,483748,-11,132910,2,7684,amyklobuchar
2018-10-01,7212,490960,138,133048,8,7692,amyklobuchar
2018-10-02,2077,493037,-6,133042,3,7695,amyklobuchar
2018-10-03,1214,494251,349,133391,6,7701,amyklobuchar
2018-10-04,3051,497302,132,133523,6,7707,amyklobuchar
2018-10-05,2447,499749,-15,133508,1,7708,amyklobuchar
2018-10-06,2242,501991,331,133839,3,7711,amyklobuchar
2018-10-07,2317,504308,-14,133825,2,7713,amyklobuchar
2018-10-08,2420,506728,-14,133811,8,7721,amyklobuchar
2018-10-09,-220,506508,-18,133793,6,7727,amyklobuchar
2018-10-10,208,506716,-55,133738,1,7728,amyklobuchar
2018-10-11,577,507293,-15,133723,7,7735,amyklobuchar
2018-10-12,513,507806,78,133801,8,7743,amyklobuchar
2018-10-13,331,508137,-10,133791,8,7751,amyklobuchar
2018-10-14,287,508424,-22,133769,7,7758,amyklobuchar
2018-10-15,290,508714,-16,133753,6,7764,amyklobuchar
2018-10-16,397,509111,-22,133731,1,7765,amyklobuchar
2018-10-17,391,509502,91,133822,2,7767,amyklobuchar
2018-10-18,590,510092,-9,133813,0,7767,amyklobuchar
2018-10-19,380,510472,-7,133806,2,7769,amyklobuchar
2018-10-20,268,510740,123,133929,2,7771,amyklobuchar
2018-10-21,249,510989,-12,133917,7,7778,amyklobuchar
2018-10-22,303,511292,31,133948,6,7784,amyklobuchar
2018-10-23,142,511434,27,133975,8,7792,amyklobuchar
2018-10-24,73,511507,157,134132,6,7798,amyklobuchar
2018-10-25,96,511603,146,134278,8,7806,amyklobuchar
2018-10-26,402,512005,199,134477,5,7811,amyklobuchar
2018-10-27,1263,513268,185,134662,0,7811,amyklobuchar
2018-10-28,182,513450,-11,134651,3,7814,amyklobuchar
2018-10-29,106,513556,108,134759,3,7817,amyklobuchar
2018-10-30,255,513811,231,134990,6,7823,amyklobuchar
2018-10-31,215,514026,-14,134976,3,7826,amyklobuchar
2018-11-01,211,514237,233,135209,4,7830,amyklobuchar
2018-11-02,166,514403,274,135483,5,7835,amyklobuchar
2018-11-03,177,514580,-8,135475,4,7839,amyklobuchar
2018-11-04,-2371,512209,-13,135462,3,7842,amyklobuchar
2018-11-05,-1182,511027,-18,135444,10,7852,amyklobuchar
2018-11-06,268,511295,-11,135433,9,7861,amyklobuchar
2018-11-07,-5221,506074,-12,135421,14,7875,amyklobuchar
2018-11-08,2706,508780,-12,135409,1,7876,amyklobuchar
2018-11-09,-458,508322,-12,135397,5,7881,amyklobuchar
2018-11-10,1657,509979,48,135445,3,7884,amyklobuchar
2018-11-11,1072,511051,-9,135436,5,7889,amyklobuchar
2018-11-12,559,511610,-13,135423,6,7895,amyklobuchar
2018-11-13,631,512241,487,135910,7,7902,amyklobuchar
2018-11-14,848,513089,36,135946,3,7905,amyklobuchar
2018-11-15,406,513495,6,135952,4,7909,amyklobuchar
2018-11-16,425,513920,-12,135940,6,7915,amyklobuchar
2018-11-17,75,513995,-6,135934,8,7923,amyklobuchar
2018-11-18,286,514281,-5,135929,2,7925,amyklobuchar
2018-11-19,251,514532,-15,135914,4,7929,amyklobuchar
2018-11-20,424,514956,-4,135910,6,7935,amyklobuchar
2018-11-21,352,515308,-14,135896,4,7939,amyklobuchar
2018-11-22,302,515610,154,136050,4,7943,amyklobuchar
2018-11-23,292,515902,-22,136028,2,7945,amyklobuchar
2018-11-24,891,516793,-7,136021,2,7947,amyklobuchar
2018-11-25,629,517422,-7,136014,6,7953,amyklobuchar
2018-11-26,391,517813,6,136020,6,7959,amyklobuchar
2018-11-27,313,518126,-9,136011,3,7962,amyklobuchar
2018-11-28,183,518309,6,136017,3,7965,amyklobuchar
2018-12-01,1292,519601,160,136177,17,7982,amyklobuchar
2018-12-02,171,519772,-4,136173,3,7985,amyklobuchar
2018-12-03,271,520043,-10,136163,4,7989,amyklobuchar
2018-12-04,259,520302,-10,136153,4,7993,amyklobuchar
2018-12-05,362,520664,-9,136144,3,7996,amyklobuchar
2018-12-06,489,521153,-12,136132,3,7999,amyklobuchar
2018-12-07,542,521695,218,136350,3,8002,amyklobuchar
2018-12-08,387,522082,-8,136342,2,8004,amyklobuchar
2018-12-09,508,522590,-13,136329,4,8008,amyklobuchar
2018-12-10,384,522974,-9,136320,3,8011,amyklobuchar
2018-12-11,181,523155,274,136594,8,8019,amyklobuchar
2018-12-12,595,523750,-8,136586,9,8028,amyklobuchar
2018-12-13,312,524062,-19,136567,5,8033,amyklobuchar
2018-12-14,506,524568,-10,136557,1,8034,amyklobuchar
2018-12-15,456,525024,176,136733,9,8043,amyklobuchar
2018-12-16,720,525744,30,136763,3,8046,amyklobuchar
2018-12-17,507,526251,3,136766,4,8050,amyklobuchar
2018-12-18,834,527085,366,137132,4,8054,amyklobuchar
2018-12-19,765,527850,509,137641,9,8063,amyklobuchar
2018-12-20,645,528495,295,137936,3,8066,amyklobuchar
2018-12-21,845,529340,-15,137921,13,8079,amyklobuchar
2018-12-22,503,529843,-14,137907,0,8079,amyklobuchar
2018-12-23,1288,531131,-11,137896,3,8082,amyklobuchar
2018-12-24,518,531649,-18,137878,2,8084,amyklobuchar
2018-12-25,421,532070,167,138045,1,8085,amyklobuchar
2018-12-26,390,532460,-3,138042,1,8086,amyklobuchar
2018-12-27,380,532840,223,138265,3,8089,amyklobuchar
2018-12-28,513,533353,-3,138262,3,8092,amyklobuchar
2018-12-29,459,533812,-3,138259,2,8094,amyklobuchar
2018-12-30,1179,534991,279,138538,1,8095,amyklobuchar
2018-12-31,861,535852,-3,138535,6,8101,amyklobuchar
2019-01-01,826,536678,199,138734,8,8109,amyklobuchar
2019-01-02,704,537382,-19,138715,1,8110,amyklobuchar
2019-01-03,737,538119,286,139001,2,8112,amyklobuchar
2019-01-04,1666,539785,488,139489,6,8118,amyklobuchar
2019-01-05,934,540719,329,139818,6,8124,amyklobuchar
2019-01-06,1138,541857,246,140064,5,8129,amyklobuchar
2019-01-07,705,542562,-11,140053,3,8132,amyklobuchar
2019-01-08,464,543026,-3,140050,8,8140,amyklobuchar
2019-01-09,1205,544231,-3,140047,7,8147,amyklobuchar
2019-01-10,3877,548108,-2,140045,2,8149,amyklobuchar
2019-01-11,3302,551410,671,140716,4,8153,amyklobuchar
2019-01-12,994,552404,341,141057,5,8158,amyklobuchar
2019-01-13,918,553322,7,141064,4,8162,amyklobuchar
2019-01-14,901,554223,-3,141061,3,8165,amyklobuchar
2019-01-15,204,554427,0,141061,4,8169,amyklobuchar
2019-01-16,2521,556948,21,141082,6,8175,amyklobuchar
2019-01-17,1270,558218,237,141319,6,8181,amyklobuchar
2019-01-18,1256,559474,-22,141297,4,8185,amyklobuchar
2019-01-19,1934,561408,16,141313,6,8191,amyklobuchar
2019-01-20,898,562306,-2,141311,1,8192,amyklobuchar
2019-01-21,901,563207,337,141648,3,8195,amyklobuchar
2019-01-22,1116,564323,-18,141630,5,8200,amyklobuchar
2019-01-23,898,565221,-8,141622,2,8202,amyklobuchar
2019-01-24,815,566036,20,141642,5,8207,amyklobuchar
2019-01-25,705,566741,-9,141633,0,8207,amyklobuchar
2019-01-26,1158,567899,13,141646,7,8214,amyklobuchar
2019-01-27,983,568882,329,141975,5,8219,amyklobuchar
2019-01-28,769,569651,-3,141972,3,8222,amyklobuchar
2019-01-29,500,570151,-8,141964,6,8228,amyklobuchar
2019-01-30,630,570781,-17,141947,6,8234,amyklobuchar
2019-01-31,673,571454,-3,141944,6,8240,amyklobuchar
2019-02-01,1563,573017,-5,141939,3,8243,amyklobuchar
2019-02-02,1167,574184,-3,141936,3,8246,amyklobuchar
2019-02-03,865,575049,-7,141929,4,8250,amyklobuchar
2019-02-04,753,575802,-12,141917,5,8255,amyklobuchar
2019-02-05,411,576213,-28,141889,1,8256,amyklobuchar
2019-02-06,2615,578828,25,141914,2,8258,amyklobuchar
2019-02-07,2955,581783,2,141916,3,8261,amyklobuchar
2019-02-10,2613,584396,-9,141907,8,8269,amyklobuchar
2019-02-11,14305,598701,-6,141901,19,8288,amyklobuchar
2019-02-12,14808,613509,-32,141869,3,8291,amyklobuchar
2019-02-13,5073,618582,-10,141859,3,8294,amyklobuchar
2019-02-14,2135,620717,-19,141840,4,8298,amyklobuchar
2019-02-15,1681,622398,-8,141832,6,8304,amyklobuchar
2019-02-16,1857,624255,-9,141823,7,8311,amyklobuchar
2019-02-17,1409,625664,-2,141821,6,8317,amyklobuchar
2019-02-18,1209,626873,-14,141807,4,8321,amyklobuchar
2019-02-19,3471,630344,-10,141797,9,8330,amyklobuchar
2019-02-20,3700,634044,-12,141785,5,8335,amyklobuchar
2019-02-21,1697,635741,-8,141777,6,8341,amyklobuchar
2019-02-22,1460,637201,-3,141774,7,8348,amyklobuchar
2019-02-23,1430,638631,-8,141766,2,8350,amyklobuchar
2019-02-24,1034,639665,-11,141755,5,8355,amyklobuchar
2019-02-25,703,640368,-22,141733,10,8365,amyklobuchar
2019-02-26,609,640977,-12,141721,5,8370,amyklobuchar
2019-02-27,807,641784,-3,141718,3,8373,amyklobuchar
2019-02-28,856,642640,-6,141712,8,8381,amyklobuchar
2019-03-01,586,643226,-18,141694,7,8388,amyklobuchar
2019-03-02,620,643846,-6,141688,6,8394,amyklobuchar
2019-03-03,647,644493,2,141690,5,8399,amyklobuchar
2019-03-04,522,645015,-17,141673,3,8402,amyklobuchar
2019-03-05,638,645653,-16,141657,6,8408,amyklobuchar
2019-03-06,509,646162,-9,141648,6,8414,amyklobuchar
2019-03-07,439,646601,-9,141639,3,8417,amyklobuchar
2019-03-08,689,647290,50,141689,5,8422,amyklobuchar
2019-03-09,756,648046,3,141692,5,8427,amyklobuchar
2019-03-10,1002,649048,-21,141671,12,8439,amyklobuchar
2019-03-11,123,649171,-2,141669,0,8439,amyklobuchar
2019-03-12,493,649664,-10,141659,8,8447,amyklobuchar
2019-03-13,354,650018,-13,141646,5,8452,amyklobuchar
2019-03-14,475,650493,-25,141621,10,8462,amyklobuchar
2019-03-15,701,651194,-10,141611,6,8468,amyklobuchar
2019-03-16,835,652029,-11,141600,6,8474,amyklobuchar
2019-03-17,721,652750,-12,141588,10,8484,amyklobuchar
2019-03-18,1036,653786,-15,141573,8,8492,amyklobuchar
2019-03-19,874,654660,-14,141559,7,8499,amyklobuchar
2019-03-20,1033,655693,-19,141540,5,8504,amyklobuchar
2019-03-21,1150,656843,-13,141527,8,8512,amyklobuchar
2019-03-22,796,657639,-26,141501,6,8518,amyklobuchar
2019-03-23,907,658546,-24,141477,7,8525,amyklobuchar
2019-03-24,1240,659786,-5,141472,4,8529,amyklobuchar
2019-03-25,974,660760,-16,141456,5,8534,amyklobuchar
2019-03-26,577,661337,-29,141427,5,8539,amyklobuchar
2019-03-27,537,661874,-15,141412,16,8555,amyklobuchar
2019-03-28,733,662607,-7,141405,6,8561,amyklobuchar
2019-03-29,924,663531,-7,141398,15,8576,amyklobuchar
2019-03-30,701,664232,-24,141374,8,8584,amyklobuchar
2019-03-31,811,665043,-5,141369,3,8587,amyklobuchar
2019-04-01,720,665763,-1,141368,7,8594,amyklobuchar
2019-04-02,642,666405,-6,141362,6,8600,amyklobuchar
2019-04-03,724,667129,-11,141351,3,8603,amyklobuchar
2019-04-04,584,667713,-14,141337,7,8610,amyklobuchar
2019-04-05,534,668247,-12,141325,5,8615,amyklobuchar
2019-04-06,485,668732,-1,141324,5,8620,amyklobuchar
2019-04-07,514,669246,69,141393,6,8626,amyklobuchar
2019-04-08,483,669729,-9,141384,4,8630,amyklobuchar
2019-04-09,378,670107,-16,141368,10,8640,amyklobuchar
2019-04-10,399,670506,128,141496,6,8646,amyklobuchar
2019-04-11,509,671015,-13,141483,10,8656,amyklobuchar
2019-04-12,500,671515,-9,141474,2,8658,amyklobuchar
2019-04-13,424,671939,-15,141459,11,8669,amyklobuchar
2019-04-14,868,672807,6,141465,4,8673,amyklobuchar
2019-04-15,982,673789,-7,141458,5,8678,amyklobuchar
2019-04-16,1053,674842,-6,141452,3,8681,amyklobuchar
2019-04-17,876,675718,-27,141425,2,8683,amyklobuchar
2019-04-18,595,676313,-7,141418,5,8688,amyklobuchar
2019-04-19,747,677060,2,141420,6,8694,amyklobuchar
2019-04-20,474,677534,-17,141403,7,8701,amyklobuchar
2019-04-21,515,678049,12,141415,11,8712,amyklobuchar
2019-04-22,364,678413,-15,141400,5,8717,amyklobuchar
2019-04-23,887,679300,-7,141393,17,8734,amyklobuchar
2019-04-24,613,679913,-9,141384,7,8741,amyklobuchar
2019-04-25,606,680519,-6,141378,7,8748,amyklobuchar
2019-04-26,752,681271,-13,141365,7,8755,amyklobuchar
2019-04-27,513,681784,-1,141364,9,8764,amyklobuchar
2019-04-28,674,682458,-5,141359,4,8768,amyklobuchar
2019-04-29,552,683010,-12,141347,7,8775,amyklobuchar
2019-04-30,594,683604,-10,141337,8,8783,amyklobuchar
2019-05-01,644,684248,-4,141333,6,8789,amyklobuchar
2019-05-02,1656,685904,1,141334,8,8797,amyklobuchar
2019-05-03,1409,687313,0,141334,8,8805,amyklobuchar
2019-05-04,1060,688373,-9,141325,7,8812,amyklobuchar
2019-05-05,692,689065,-11,141314,7,8819,amyklobuchar
2019-05-06,812,689877,-4,141310,6,8825,amyklobuchar
2019-05-07,583,690460,-14,141296,3,8828,amyklobuchar
2019-05-08,519,690979,-2,141294,5,8833,amyklobuchar
2019-05-09,565,691544,-17,141277,14,8847,amyklobuchar
2019-05-10,530,692074,-8,141269,8,8855,amyklobuchar
2019-05-11,365,692439,-2,141267,7,8862,amyklobuchar
2019-05-12,411,692850,-4,141263,4,8866,amyklobuchar
2019-05-14,748,693598,-29,141234,12,8878,amyklobuchar
2019-05-15,306,693904,-2,141232,4,8882,amyklobuchar
2019-05-16,516,694420,-13,141219,6,8888,amyklobuchar
2019-05-17,431,694851,-6,141213,8,8896,amyklobuchar
2019-05-18,408,695259,-6,141207,6,8902,amyklobuchar
2019-05-19,474,695733,2,141209,6,8908,amyklobuchar
2019-05-20,256,695989,-12,141197,7,8915,amyklobuchar
2019-05-21,381,696370,-2,141195,6,8921,amyklobuchar
2019-05-22,294,696664,-14,141181,8,8929,amyklobuchar
2019-05-23,366,697030,-13,141168,9,8938,amyklobuchar
2019-05-24,328,697358,-8,141160,8,8946,amyklobuchar
2019-05-25,287,697645,-12,141148,8,8954,amyklobuchar
2019-05-26,239,697884,-6,141142,8,8962,amyklobuchar
2019-05-27,196,698080,2,141144,7,8969,amyklobuchar
2019-05-28,733,698813,-10,141134,4,8973,amyklobuchar
2019-05-29,531,699344,-10,141124,6,8979,amyklobuchar
2019-05-30,459,699803,1,141125,6,8985,amyklobuchar
2019-05-31,353,700156,-8,141117,8,8993,amyklobuchar
2019-06-01,233,700389,-22,141095,4,8997,amyklobuchar
2019-06-02,274,700663,-21,141074,12,9009,amyklobuchar
2019-06-03,317,700980,-1,141073,6,9015,amyklobuchar
2019-06-04,316,701296,-1,141072,7,9022,amyklobuchar
2019-06-05,289,701585,-4,141068,5,9027,amyklobuchar
2019-06-06,237,701822,2,141070,6,9033,amyklobuchar
2019-06-07,140,701962,-13,141057,10,9043,amyklobuchar
2019-06-08,205,702167,-11,141046,6,9049,amyklobuchar
2019-06-09,207,702374,-12,141034,6,9055,amyklobuchar
2019-06-10,220,702594,-1,141033,9,9064,amyklobuchar
2019-06-11,117,702711,-3,141030,7,9071,amyklobuchar
2019-06-12,264,702975,-3,141027,7,9078,amyklobuchar
2019-06-13,284,703259,-3,141024,8,9086,amyklobuchar
2019-06-14,283,703542,-2,141022,7,9093,amyklobuchar
2019-06-15,293,703835,-24,140998,7,9100,amyklobuchar
2019-06-16,156,703991,-9,140989,9,9109,amyklobuchar
2019-06-17,233,704224,-8,140981,4,9113,amyklobuchar
2019-06-18,-28,704196,-34,140947,6,9119,amyklobuchar
2019-06-19,247,704443,-2,140945,5,9124,amyklobuchar
2019-06-20,362,704805,-8,140937,8,9132,amyklobuchar
2019-06-21,341,705146,-3,140934,4,9136,amyklobuchar
2019-06-22,210,705356,-14,140920,5,9141,amyklobuchar
2019-06-23,201,705557,-10,140910,5,9146,amyklobuchar
2019-06-24,269,705826,-5,140905,7,9153,amyklobuchar
2019-06-25,447,706273,-2,140903,5,9158,amyklobuchar
2019-06-26,287,706560,-8,140895,5,9163,amyklobuchar
2019-06-27,4386,710946,-12,140883,16,9179,amyklobuchar
2019-06-28,3294,714240,-9,140874,8,9187,amyklobuchar
2019-06-29,1708,715948,-8,140866,7,9194,amyklobuchar
2019-06-30,1685,717633,0,140866,6,9200,amyklobuchar
2019-07-01,1502,719135,-6,140860,5,9205,amyklobuchar
2019-07-02,882,720017,-24,140836,6,9211,amyklobuchar
2019-07-03,890,720907,-21,140815,7,9218,amyklobuchar
2019-07-04,700,721607,-7,140808,7,9225,amyklobuchar
2019-07-05,705,722312,-6,140802,6,9231,amyklobuchar
2019-07-06,611,722923,0,140802,4,9235,amyklobuchar
2019-07-07,561,723484,-10,140792,6,9241,amyklobuchar
2019-07-08,574,724058,-6,140786,6,9247,amyklobuchar
2019-07-09,770,724828,5,140791,5,9252,amyklobuchar
2019-07-10,736,725564,-9,140782,6,9258,amyklobuchar
2019-07-11,545,726109,-13,140769,5,9263,amyklobuchar
2019-07-12,405,726514,-6,140763,5,9268,amyklobuchar
2019-07-13,391,726905,-3,140760,6,9274,amyklobuchar
2019-07-14,439,727344,-7,140753,6,9280,amyklobuchar
2019-07-15,490,727834,-12,140741,11,9291,amyklobuchar
2019-07-16,713,728547,-14,140727,9,9300,amyklobuchar
2019-07-17,400,728947,-9,140718,6,9306,amyklobuchar
2019-07-18,204,729151,-22,140696,7,9313,amyklobuchar
2019-07-19,555,729706,-38,140658,7,9320,amyklobuchar
2019-07-20,404,730110,-11,140647,5,9325,amyklobuchar
2019-07-21,262,730372,-4,140643,4,9329,amyklobuchar
2019-07-22,318,730690,-20,140623,5,9334,amyklobuchar
2019-07-23,276,730966,-14,140609,5,9339,amyklobuchar
2019-07-24,552,731518,-9,140600,6,9345,amyklobuchar
2019-07-25,344,731862,-4,140596,6,9351,amyklobuchar
2019-07-26,258,732120,-17,140579,9,9360,amyklobuchar
2019-07-27,2,732122,-18,140561,7,9367,amyklobuchar
2019-07-28,233,732355,-6,140555,5,9372,amyklobuchar
2019-07-29,345,732700,-14,140541,6,9378,amyklobuchar
2019-07-30,216,732916,-11,140530,5,9383,amyklobuchar
2019-07-31,1639,734555,-23,140507,15,9398,amyklobuchar
2019-08-01,1220,735775,-9,140498,6,9404,amyklobuchar
2019-08-02,798,736573,-9,140489,7,9411,amyklobuchar
2019-08-03,670,737243,-12,140477,6,9417,amyklobuchar
2019-08-04,818,738061,-9,140468,3,9420,amyklobuchar
2019-08-05,1241,739302,-7,140461,3,9423,amyklobuchar
2019-08-06,527,739829,-21,140440,6,9429,amyklobuchar
2019-08-07,782,740611,-8,140432,4,9433,amyklobuchar
2019-08-08,993,741604,-15,140417,8,9441,amyklobuchar
2019-08-09,747,742351,-10,140407,7,9448,amyklobuchar
2019-08-10,390,742741,-9,140398,7,9455,amyklobuchar
2019-08-11,396,743137,-10,140388,6,9461,amyklobuchar
2019-08-12,472,743609,-4,140384,6,9467,amyklobuchar
2019-08-13,348,743957,-14,140370,5,9472,amyklobuchar
2019-08-14,378,744335,-18,140352,7,9479,amyklobuchar
2019-08-15,405,744740,-5,140347,7,9486,amyklobuchar
2019-08-16,441,745181,-11,140336,8,9494,amyklobuchar
