Date,Daily Followers Gained,Total Follower Count,Daily Followed Users,Total Followed Users,Daily Tweets Posted,Total Tweets Posted,Name
2016-06-22,21373,9239930,-1,39,7,32338,realDonaldTrump
2016-06-23,19126,9259056,1,40,16,32354,realDonaldTrump
2016-06-24,32294,9291350,0,40,12,32366,realDonaldTrump
2016-06-25,23319,9314669,1,41,8,32374,realDonaldTrump
2016-06-26,19617,9334286,0,41,16,32390,realDonaldTrump
2016-06-27,20358,9354644,0,41,2,32392,realDonaldTrump
2016-06-28,26782,9381426,0,41,13,32405,realDonaldTrump
2016-06-29,11094,9392520,0,41,5,32410,realDonaldTrump
2016-06-30,27660,9420180,0,41,15,32425,realDonaldTrump
2016-07-01,17291,9437471,0,41,11,32436,realDonaldTrump
2016-07-02,16970,9454441,0,41,12,32448,realDonaldTrump
2016-07-03,18965,9473406,0,41,8,32456,realDonaldTrump
2016-07-04,21374,9494780,0,41,13,32469,realDonaldTrump
2016-07-05,40465,9535245,0,41,7,32476,realDonaldTrump
2016-07-06,22598,9557843,0,41,15,32491,realDonaldTrump
2016-07-07,22661,9580504,0,41,6,32497,realDonaldTrump
2016-07-08,30094,9610598,0,41,5,32502,realDonaldTrump
2016-07-09,17962,9628560,1,42,2,32504,realDonaldTrump
2016-07-10,16068,9644628,0,42,4,32508,realDonaldTrump
2016-07-11,15027,9659655,-1,41,5,32513,realDonaldTrump
2016-07-12,21272,9680927,0,41,13,32526,realDonaldTrump
2016-07-13,19161,9700088,0,41,15,32541,realDonaldTrump
2016-07-14,26236,9726324,0,41,7,32548,realDonaldTrump
2016-07-15,41797,9768121,0,41,3,32551,realDonaldTrump
2016-07-16,23491,9791612,1,42,7,32558,realDonaldTrump
2016-07-17,25613,9817225,0,42,17,32575,realDonaldTrump
2016-07-18,17165,9834390,0,42,7,32582,realDonaldTrump
2016-07-19,40872,9875262,0,42,6,32588,realDonaldTrump
2016-07-20,50109,9925371,0,42,9,32597,realDonaldTrump
2016-07-21,55161,9980532,0,42,16,32613,realDonaldTrump
2016-07-22,58413,10038945,1,43,7,32620,realDonaldTrump
2016-07-23,36713,10075658,0,43,16,32636,realDonaldTrump
2016-07-24,36781,10112439,0,43,17,32653,realDonaldTrump
2016-07-25,48552,10160991,1,44,18,32671,realDonaldTrump
2016-07-26,80744,10241735,0,44,16,32687,realDonaldTrump
2016-07-27,60172,10301907,0,44,20,32707,realDonaldTrump
2016-07-28,60582,10362489,0,44,16,32723,realDonaldTrump
2016-07-29,75921,10438410,0,44,30,32753,realDonaldTrump
2016-07-30,36362,10474772,0,44,24,32777,realDonaldTrump
2016-07-31,36590,10511362,0,44,6,32783,realDonaldTrump
2016-08-01,38431,10549793,0,44,21,32804,realDonaldTrump
2016-08-02,39684,10589477,0,44,14,32818,realDonaldTrump
2016-08-03,34596,10624073,0,44,7,32825,realDonaldTrump
2016-08-04,29774,10653847,0,44,5,32830,realDonaldTrump
2016-08-05,27123,10680970,1,45,11,32841,realDonaldTrump
2016-08-06,25051,10706021,0,45,8,32849,realDonaldTrump
2016-08-07,25865,10731886,0,45,8,32857,realDonaldTrump
2016-08-08,26680,10758566,0,45,11,32868,realDonaldTrump
2016-08-09,28568,10787134,0,45,13,32881,realDonaldTrump
2016-08-10,27937,10815071,0,45,11,32892,realDonaldTrump
2016-08-11,27462,10842533,0,45,4,32896,realDonaldTrump
2016-08-12,25157,10867690,0,45,11,32907,realDonaldTrump
2016-08-13,22574,10890264,0,45,7,32914,realDonaldTrump
2016-08-14,23858,10914122,0,45,9,32923,realDonaldTrump
2016-08-15,23828,10937950,0,45,4,32927,realDonaldTrump
2016-08-16,22353,10960303,0,45,3,32930,realDonaldTrump
2016-08-17,19521,10979824,0,45,10,32940,realDonaldTrump
2016-08-18,21695,11001519,0,45,5,32945,realDonaldTrump
2016-08-19,19715,11021234,0,45,7,32952,realDonaldTrump
2016-08-20,19559,11040793,0,45,11,32963,realDonaldTrump
2016-08-21,18552,11059345,1,46,2,32965,realDonaldTrump
2016-08-22,19252,11078597,0,46,13,32978,realDonaldTrump
2016-08-23,20725,11099322,-4,42,7,32985,realDonaldTrump
2016-08-24,16300,11115622,0,42,8,32993,realDonaldTrump
2016-08-25,16936,11132558,0,42,9,33002,realDonaldTrump
2016-08-26,15243,11147801,0,42,21,33023,realDonaldTrump
2016-08-27,16428,11164229,0,42,7,33030,realDonaldTrump
2016-08-28,16535,11180764,0,42,9,33039,realDonaldTrump
2016-08-29,17935,11198699,0,42,13,33052,realDonaldTrump
2016-08-30,16498,11215197,0,42,4,33056,realDonaldTrump
2016-08-31,20193,11235390,0,42,8,33064,realDonaldTrump
2016-09-01,26864,11262254,0,42,11,33075,realDonaldTrump
2016-09-02,21791,11284045,0,42,4,33079,realDonaldTrump
2016-09-03,18039,11302084,0,42,5,33084,realDonaldTrump
2016-09-04,17946,11320030,0,42,9,33093,realDonaldTrump
2016-09-05,20209,11340239,0,42,11,33104,realDonaldTrump
2016-09-06,16929,11357168,0,42,11,33115,realDonaldTrump
2016-09-07,19365,11376533,0,42,6,33121,realDonaldTrump
2016-09-08,20174,11396707,0,42,14,33135,realDonaldTrump
2016-09-09,15627,11412334,0,42,9,33144,realDonaldTrump
2016-09-10,19444,11431778,0,42,11,33155,realDonaldTrump
2016-09-11,22772,11454550,1,43,2,33157,realDonaldTrump
2016-09-12,20897,11475447,0,43,5,33162,realDonaldTrump
2016-09-13,21178,11496625,-2,41,7,33169,realDonaldTrump
2016-09-14,22678,11519303,0,41,14,33183,realDonaldTrump
2016-09-15,19254,11538557,0,41,13,33196,realDonaldTrump
2016-09-16,20835,11559392,0,41,5,33201,realDonaldTrump
2016-09-17,19555,11578947,1,42,9,33210,realDonaldTrump
2016-09-18,22367,11601314,0,42,4,33214,realDonaldTrump
2016-09-19,19251,11620565,0,42,12,33226,realDonaldTrump
2016-09-20,18466,11639031,0,42,6,33232,realDonaldTrump
2016-09-21,20308,11659339,1,43,9,33241,realDonaldTrump
2016-09-22,16618,11675957,0,43,2,33243,realDonaldTrump
2016-09-23,16028,11691985,0,43,7,33250,realDonaldTrump
2016-09-24,16093,11708078,-2,41,7,33257,realDonaldTrump
2016-09-25,17512,11725590,1,42,5,33262,realDonaldTrump
2016-09-26,29994,11755584,0,42,6,33268,realDonaldTrump
2016-09-27,96202,11851786,0,42,50,33318,realDonaldTrump
2016-09-28,31771,11883557,-1,41,10,33328,realDonaldTrump
2016-09-29,20956,11904513,0,41,7,33335,realDonaldTrump
2016-09-30,41674,11946187,0,41,13,33348,realDonaldTrump
2016-10-01,30956,11977143,0,41,5,33353,realDonaldTrump
2016-10-02,28756,12005899,0,41,6,33359,realDonaldTrump
2016-10-03,23090,12028989,0,41,3,33362,realDonaldTrump
2016-10-04,29749,12058738,0,41,10,33372,realDonaldTrump
2016-10-05,59387,12118125,0,41,58,33430,realDonaldTrump
2016-10-06,16149,12134274,0,41,14,33444,realDonaldTrump
2016-10-07,16332,12150606,0,41,1,33445,realDonaldTrump
2016-10-08,38538,12189144,0,41,6,33451,realDonaldTrump
2016-10-09,40071,12229215,0,41,13,33464,realDonaldTrump
2016-10-10,82576,12311791,0,41,61,33525,realDonaldTrump
2016-10-11,53509,12365300,0,41,19,33544,realDonaldTrump
2016-10-12,39861,12405161,0,41,6,33550,realDonaldTrump
2016-10-13,30912,12436073,0,41,11,33561,realDonaldTrump
2016-10-14,22758,12458831,0,41,5,33566,realDonaldTrump
2016-10-15,18721,12477552,0,41,15,33581,realDonaldTrump
2016-10-16,28659,12506211,0,41,16,33597,realDonaldTrump
2016-10-17,27959,12534170,0,41,23,33620,realDonaldTrump
2016-10-18,20334,12554504,0,41,11,33631,realDonaldTrump
2016-10-19,24496,12579000,0,41,20,33651,realDonaldTrump
2016-10-20,43543,12622543,0,41,84,33735,realDonaldTrump
2016-10-21,20648,12643191,0,41,13,33748,realDonaldTrump
2016-10-22,20392,12663583,0,41,15,33763,realDonaldTrump
2016-10-23,18818,12682401,0,41,13,33776,realDonaldTrump
2016-10-24,19041,12701442,0,41,17,33793,realDonaldTrump
2016-10-25,16397,12717839,0,41,19,33812,realDonaldTrump
2016-10-26,22408,12740247,0,41,3,33815,realDonaldTrump
2016-10-27,18299,12758546,0,41,21,33836,realDonaldTrump
2016-10-28,20763,12779309,0,41,9,33845,realDonaldTrump
2016-10-29,19264,12798573,0,41,10,33855,realDonaldTrump
2016-10-30,20065,12818638,1,42,9,33864,realDonaldTrump
2016-10-31,18935,12837573,-1,41,8,33872,realDonaldTrump
2016-11-01,17730,12855303,0,41,15,33887,realDonaldTrump
2016-11-02,24944,12880247,0,41,13,33900,realDonaldTrump
2016-11-03,22497,12902744,0,41,10,33910,realDonaldTrump
2016-11-04,21073,12923817,0,41,13,33923,realDonaldTrump
2016-11-05,22419,12946236,0,41,10,33933,realDonaldTrump
2016-11-06,25608,12971844,0,41,10,33943,realDonaldTrump
2016-11-07,36770,13008614,0,41,14,33957,realDonaldTrump
2016-11-08,132796,13141410,0,41,16,33973,realDonaldTrump
2016-11-09,887738,14029148,0,41,1,33974,realDonaldTrump
2016-11-10,254302,14283450,0,41,1,33975,realDonaldTrump
2016-11-11,339679,14623129,0,41,5,33980,realDonaldTrump
2016-11-12,151732,14774861,0,41,1,33981,realDonaldTrump
2016-11-13,172878,14947739,0,41,8,33989,realDonaldTrump
2016-11-14,131424,15079163,0,41,0,33989,realDonaldTrump
2016-11-15,90009,15169172,0,41,2,33991,realDonaldTrump
2016-11-16,122548,15291720,0,41,5,33996,realDonaldTrump
2016-11-17,73716,15365436,0,41,1,33997,realDonaldTrump
2016-11-18,62517,15427953,0,41,7,34004,realDonaldTrump
2016-11-19,85364,15513317,0,41,3,34007,realDonaldTrump
2016-11-20,97633,15610950,0,41,3,34010,realDonaldTrump
2016-11-21,75875,15686825,0,41,1,34011,realDonaldTrump
2016-11-22,91216,15778041,0,41,11,34022,realDonaldTrump
2016-11-23,87816,15865857,0,41,0,34022,realDonaldTrump
2016-11-24,60680,15926537,0,41,3,34025,realDonaldTrump
2016-11-25,58831,15985368,0,41,0,34025,realDonaldTrump
2016-11-26,94044,16079412,0,41,2,34027,realDonaldTrump
2016-11-27,71851,16151263,-1,40,12,34039,realDonaldTrump
2016-11-28,72050,16223313,0,40,2,34041,realDonaldTrump
2016-11-29,84461,16307774,0,40,12,34053,realDonaldTrump
2016-11-30,101021,16408795,0,40,11,34064,realDonaldTrump
2016-12-01,52107,16460902,0,40,4,34068,realDonaldTrump
2016-12-02,42971,16503873,0,40,3,34071,realDonaldTrump
2016-12-03,70131,16574004,0,40,4,34075,realDonaldTrump
2016-12-04,89022,16663026,0,40,9,34084,realDonaldTrump
2016-12-05,106797,16769823,0,40,3,34087,realDonaldTrump
2016-12-06,93429,16863252,1,41,5,34092,realDonaldTrump
2016-12-07,85068,16948320,0,41,6,34098,realDonaldTrump
2016-12-08,65531,17013851,0,41,3,34101,realDonaldTrump
2016-12-09,48539,17062390,0,41,2,34103,realDonaldTrump
2016-12-10,46117,17108507,0,41,9,34112,realDonaldTrump
2016-12-11,44864,17153371,-1,40,6,34118,realDonaldTrump
2016-12-12,50394,17203765,0,40,6,34124,realDonaldTrump
2016-12-13,45937,17249702,0,40,8,34132,realDonaldTrump
2016-12-14,48626,17298328,0,40,2,34134,realDonaldTrump
2016-12-15,38460,17336788,0,40,6,34140,realDonaldTrump
2016-12-16,39987,17376775,0,40,3,34143,realDonaldTrump
2016-12-17,47280,17424055,0,40,8,34151,realDonaldTrump
2016-12-18,73895,17497950,0,40,1,34152,realDonaldTrump
2016-12-19,64107,17562057,0,40,3,34155,realDonaldTrump
2016-12-20,58217,17620274,1,41,5,34160,realDonaldTrump
2016-12-21,49140,17669414,0,41,3,34163,realDonaldTrump
2016-12-22,50513,17719927,0,41,6,34169,realDonaldTrump
2016-12-23,80688,17800615,0,41,6,34175,realDonaldTrump
2016-12-24,59137,17859752,0,41,4,34179,realDonaldTrump
2016-12-25,48415,17908167,0,41,1,34180,realDonaldTrump
2016-12-26,48805,17956972,0,41,3,34183,realDonaldTrump
2016-12-27,59377,18016349,0,41,2,34185,realDonaldTrump
2016-12-28,66612,18082961,0,41,4,34189,realDonaldTrump
2016-12-29,52566,18135527,0,41,1,34190,realDonaldTrump
2016-12-30,61965,18197492,0,41,3,34193,realDonaldTrump
2016-12-31,87371,18284863,0,41,3,34196,realDonaldTrump
2017-01-01,78958,18363821,1,42,6,34202,realDonaldTrump
2017-01-02,69372,18433193,0,42,5,34207,realDonaldTrump
2017-01-03,102679,18535872,0,42,11,34218,realDonaldTrump
2017-01-04,92807,18628679,0,42,11,34229,realDonaldTrump
2017-01-05,114896,18743575,0,42,5,34234,realDonaldTrump
2017-01-06,143542,18887117,0,42,12,34246,realDonaldTrump
2017-01-07,108952,18996069,0,42,7,34253,realDonaldTrump
2017-01-08,93065,19089134,0,42,7,34260,realDonaldTrump
2017-01-09,162313,19251447,0,42,8,34268,realDonaldTrump
2017-01-10,114590,19366037,0,42,4,34272,realDonaldTrump
2017-01-11,183485,19549522,0,42,7,34279,realDonaldTrump
2017-01-12,122544,19672066,0,42,6,34285,realDonaldTrump
2017-01-13,91763,19763829,0,42,8,34293,realDonaldTrump
2017-01-14,88641,19852470,0,42,3,34296,realDonaldTrump
2017-01-15,97152,19949622,0,42,8,34304,realDonaldTrump
2017-01-16,109075,20058697,0,42,3,34307,realDonaldTrump
2017-01-17,115820,20174517,0,42,13,34320,realDonaldTrump
2017-01-18,118162,20292679,0,42,8,34328,realDonaldTrump
2017-01-19,126158,20418837,0,42,8,34336,realDonaldTrump
2017-01-20,386510,20805347,0,42,13,34349,realDonaldTrump
2017-01-21,365651,21170998,-1,41,2,34351,realDonaldTrump
2017-01-22,205909,21376907,0,41,5,34356,realDonaldTrump
2017-01-23,247049,21623956,0,41,1,34357,realDonaldTrump
2017-01-24,148458,21772414,0,41,2,34359,realDonaldTrump
2017-01-25,202799,21975213,0,41,9,34368,realDonaldTrump
2017-01-26,243264,22218477,0,41,8,34376,realDonaldTrump
2017-01-27,209211,22427688,0,41,7,34383,realDonaldTrump
2017-01-28,133582,22561270,0,41,7,34390,realDonaldTrump
2017-01-29,152253,22713523,0,41,3,34393,realDonaldTrump
2017-01-30,182119,22895642,0,41,10,34403,realDonaldTrump
2017-01-31,164369,23060011,0,41,4,34407,realDonaldTrump
2017-02-01,122859,23182870,0,41,4,34411,realDonaldTrump
2017-02-02,140788,23323658,0,41,7,34418,realDonaldTrump
2017-02-03,166057,23489715,0,41,7,34425,realDonaldTrump
2017-02-04,161020,23650735,0,41,7,34432,realDonaldTrump
2017-02-05,177796,23828531,0,41,5,34437,realDonaldTrump
2017-02-06,171494,24000025,0,41,8,34445,realDonaldTrump
2017-02-07,115602,24115627,0,41,4,34449,realDonaldTrump
2017-02-08,94499,24210126,0,41,6,34455,realDonaldTrump
2017-02-09,116865,24326991,0,41,12,34467,realDonaldTrump
2017-02-10,147418,24474409,1,42,-4,34463,realDonaldTrump
2017-02-11,101359,24575768,0,42,5,34468,realDonaldTrump
2017-02-12,96844,24672612,0,42,12,34480,realDonaldTrump
2017-02-13,97677,24770289,0,42,4,34484,realDonaldTrump
2017-02-14,52800,24823089,0,42,3,34487,realDonaldTrump
2017-02-15,71982,24895071,1,43,10,34497,realDonaldTrump
2017-02-16,95457,24990528,0,43,9,34506,realDonaldTrump
2017-02-17,75615,25066143,0,43,5,34511,realDonaldTrump
2017-02-18,69573,25135716,0,43,5,34516,realDonaldTrump
2017-02-19,66489,25202205,0,43,1,34517,realDonaldTrump
2017-02-20,72327,25274532,0,43,2,34519,realDonaldTrump
2017-02-21,64398,25338930,0,43,2,34521,realDonaldTrump
2017-02-22,51445,25390375,0,43,4,34525,realDonaldTrump
2017-02-23,44068,25434443,0,43,0,34525,realDonaldTrump
2017-02-24,51217,25485660,0,43,7,34532,realDonaldTrump
2017-02-25,40693,25526353,0,43,4,34536,realDonaldTrump
2017-02-26,56579,25582932,0,43,5,34541,realDonaldTrump
2017-02-27,105357,25688289,0,43,2,34543,realDonaldTrump
2017-02-28,56697,25744986,0,43,3,34546,realDonaldTrump
2017-03-01,52144,25797130,0,43,3,34549,realDonaldTrump
2017-03-02,34953,25832083,0,43,-1,34548,realDonaldTrump
2017-03-03,46744,25878827,0,43,6,34554,realDonaldTrump
2017-03-04,58238,25937065,0,43,11,34565,realDonaldTrump
2017-03-05,82256,26019321,0,43,2,34567,realDonaldTrump
2017-03-06,63644,26082965,0,43,1,34568,realDonaldTrump
2017-03-07,53954,26136919,0,43,11,34579,realDonaldTrump
2017-03-08,54640,26191559,0,43,3,34582,realDonaldTrump
2017-03-09,54080,26245639,0,43,3,34585,realDonaldTrump
2017-03-10,46937,26292576,0,43,6,34591,realDonaldTrump
2017-03-11,47506,26340082,0,43,1,34592,realDonaldTrump
2017-03-12,43740,26383822,-2,41,1,34593,realDonaldTrump
2017-03-13,42447,26426269,0,41,1,34594,realDonaldTrump
2017-03-14,42112,26468381,1,42,4,34598,realDonaldTrump
2017-03-15,47565,26515946,0,42,6,34604,realDonaldTrump
2017-03-16,44488,26560434,-1,41,5,34609,realDonaldTrump
2017-03-17,57587,26618021,0,41,13,34622,realDonaldTrump
2017-03-18,48541,26666562,0,41,2,34624,realDonaldTrump
2017-03-19,55001,26721563,0,41,0,34624,realDonaldTrump
2017-03-20,47683,26769246,0,41,6,34630,realDonaldTrump
2017-03-21,56670,26825916,2,43,3,34633,realDonaldTrump
2017-03-22,46491,26872407,0,43,4,34637,realDonaldTrump
2017-03-23,33837,26906244,0,43,5,34642,realDonaldTrump
2017-03-24,53815,26960059,0,43,4,34646,realDonaldTrump
2017-03-25,45762,27005821,0,43,4,34650,realDonaldTrump
2017-03-26,40174,27045995,0,43,2,34652,realDonaldTrump
2017-03-27,40521,27086516,0,43,1,34653,realDonaldTrump
2017-03-28,36916,27123432,0,43,7,34660,realDonaldTrump
2017-03-29,39787,27163219,0,43,5,34665,realDonaldTrump
2017-03-30,34358,27197577,0,43,5,34670,realDonaldTrump
2017-03-31,14725,27212302,0,43,8,34678,realDonaldTrump
2017-04-01,44223,27256525,0,43,9,34687,realDonaldTrump
2017-04-02,34545,27291070,0,43,7,34694,realDonaldTrump
2017-04-03,35779,27326849,0,43,5,34699,realDonaldTrump
2017-04-04,40902,27367751,0,43,3,34702,realDonaldTrump
2017-04-05,37276,27405027,0,43,3,34705,realDonaldTrump
2017-04-06,24892,27429919,0,43,2,34707,realDonaldTrump
2017-04-07,81782,27511701,0,43,1,34708,realDonaldTrump
2017-04-08,49202,27560903,0,43,4,34712,realDonaldTrump
2017-04-09,42038,27602941,0,43,3,34715,realDonaldTrump
2017-04-10,40202,27643143,0,43,1,34716,realDonaldTrump
2017-04-11,51369,27694512,0,43,6,34722,realDonaldTrump
2017-04-12,64399,27758911,0,43,4,34726,realDonaldTrump
2017-04-13,33118,27792029,0,43,5,34731,realDonaldTrump
2017-04-14,81647,27873676,0,43,2,34733,realDonaldTrump
2017-04-15,52246,27925922,0,43,2,34735,realDonaldTrump
2017-04-16,74977,28000899,0,43,6,34741,realDonaldTrump
2017-04-17,23859,28024758,0,43,5,34746,realDonaldTrump
2017-04-18,39633,28064391,0,43,7,34753,realDonaldTrump
2017-04-19,37459,28101850,0,43,4,34757,realDonaldTrump
2017-04-20,37210,28139060,0,43,4,34761,realDonaldTrump
2017-04-21,44270,28183330,2,45,6,34767,realDonaldTrump
2017-04-22,28554,28211884,0,45,6,34773,realDonaldTrump
2017-04-23,37729,28249613,0,45,9,34782,realDonaldTrump
2017-04-24,34527,28284140,0,45,6,34788,realDonaldTrump
2017-04-25,37222,28321362,0,45,5,34793,realDonaldTrump
2017-04-26,37612,28358974,0,45,7,34800,realDonaldTrump
2017-04-27,37986,28396960,0,45,13,34813,realDonaldTrump
2017-04-28,35754,28432714,0,45,5,34818,realDonaldTrump
2017-04-29,43193,28475907,0,45,5,34823,realDonaldTrump
2017-04-30,39841,28515748,0,45,7,34830,realDonaldTrump
2017-05-01,37347,28553095,0,45,0,34830,realDonaldTrump
2017-05-02,36994,28590089,0,45,5,34835,realDonaldTrump
2017-05-03,40543,28630632,0,45,3,34838,realDonaldTrump
2017-05-04,42274,28672906,0,45,8,34846,realDonaldTrump
2017-05-05,42212,28715118,0,45,7,34853,realDonaldTrump
2017-05-06,37333,28752451,0,45,6,34859,realDonaldTrump
2017-05-07,36175,28788626,0,45,5,34864,realDonaldTrump
2017-05-08,39984,28828610,0,45,6,34870,realDonaldTrump
2017-05-09,60118,28888728,0,45,5,34875,realDonaldTrump
2017-05-10,82028,28970756,0,45,12,34887,realDonaldTrump
2017-05-11,86111,29056867,0,45,2,34889,realDonaldTrump
2017-05-12,92063,29148930,0,45,12,34901,realDonaldTrump
2017-05-13,102604,29251534,0,45,3,34904,realDonaldTrump
2017-05-14,94179,29345713,0,45,3,34907,realDonaldTrump
2017-05-15,85555,29431268,0,45,0,34907,realDonaldTrump
2017-05-16,99257,29530525,0,45,5,34912,realDonaldTrump
2017-05-17,112846,29643371,0,45,1,34913,realDonaldTrump
2017-05-18,77943,29721314,0,45,3,34916,realDonaldTrump
2017-05-19,141710,29863024,0,45,3,34919,realDonaldTrump
2017-05-20,80477,29943501,0,45,3,34922,realDonaldTrump
2017-05-21,150177,30093678,0,45,3,34925,realDonaldTrump
2017-05-22,60979,30154657,0,45,1,34926,realDonaldTrump
2017-05-23,112813,30267470,0,45,5,34931,realDonaldTrump
2017-05-24,109245,30376715,0,45,1,34932,realDonaldTrump
2017-05-25,79485,30456200,0,45,2,34934,realDonaldTrump
2017-05-26,180523,30636723,0,45,5,34939,realDonaldTrump
2017-05-27,73714,30710437,0,45,5,34944,realDonaldTrump
2017-05-28,75982,30786419,0,45,11,34955,realDonaldTrump
2017-05-29,78998,30865417,0,45,7,34962,realDonaldTrump
2017-05-30,81851,30947268,0,45,5,34967,realDonaldTrump
2017-05-31,78987,31026255,0,45,6,34973,realDonaldTrump
2017-06-01,88028,31114283,0,45,5,34978,realDonaldTrump
2017-06-02,111954,31226237,0,45,11,34989,realDonaldTrump
2017-06-03,94182,31320419,0,45,1,34990,realDonaldTrump
2017-06-04,132079,31452498,0,45,7,34997,realDonaldTrump
2017-06-05,130251,31582749,0,45,6,35003,realDonaldTrump
2017-06-06,121569,31704318,0,45,11,35014,realDonaldTrump
2017-06-07,125279,31829597,0,45,6,35020,realDonaldTrump
2017-06-08,95747,31925344,0,45,0,35020,realDonaldTrump
2017-06-09,59209,31984553,0,45,4,35024,realDonaldTrump
2017-06-10,37579,32022132,0,45,3,35027,realDonaldTrump
2017-06-11,32122,32054254,0,45,5,35032,realDonaldTrump
2017-06-12,34992,32089246,0,45,5,35037,realDonaldTrump
2017-06-13,33170,32122416,0,45,11,35048,realDonaldTrump
2017-06-14,41169,32163585,0,45,6,35054,realDonaldTrump
2017-06-15,18314,32181899,0,45,3,35057,realDonaldTrump
2017-06-16,225625,32407524,0,45,9,35066,realDonaldTrump
2017-06-17,55006,32462530,0,45,5,35071,realDonaldTrump
2017-06-18,66060,32528590,0,45,7,35078,realDonaldTrump
2017-06-19,29545,32558135,0,45,1,35079,realDonaldTrump
2017-06-20,44283,32602418,0,45,13,35092,realDonaldTrump
2017-06-21,46054,32648472,0,45,9,35101,realDonaldTrump
2017-06-22,-2842,32645630,0,45,8,35109,realDonaldTrump
2017-06-23,55828,32701458,0,45,11,35120,realDonaldTrump
2017-06-24,43551,32745009,0,45,4,35124,realDonaldTrump
2017-06-25,44573,32789582,0,45,6,35130,realDonaldTrump
2017-06-26,43301,32832883,0,45,5,35135,realDonaldTrump
2017-06-27,53202,32886085,0,45,15,35150,realDonaldTrump
2017-06-28,54853,32940938,0,45,11,35161,realDonaldTrump
2017-06-29,-26348,32914590,0,45,4,35165,realDonaldTrump
2017-06-30,67479,32982069,0,45,13,35178,realDonaldTrump
2017-07-01,53204,33035273,0,45,8,35186,realDonaldTrump
2017-07-02,59786,33095059,0,45,8,35194,realDonaldTrump
2017-07-03,89161,33184220,0,45,8,35202,realDonaldTrump
2017-07-04,80106,33264326,0,45,8,35210,realDonaldTrump
2017-07-05,69315,33333641,0,45,6,35216,realDonaldTrump
2017-07-06,23467,33357108,0,45,2,35218,realDonaldTrump
2017-07-07,70673,33427781,0,45,8,35226,realDonaldTrump
2017-07-08,68267,33496048,0,45,2,35228,realDonaldTrump
2017-07-09,62071,33558119,0,45,13,35241,realDonaldTrump
2017-07-10,62365,33620484,0,45,13,35254,realDonaldTrump
2017-07-11,61866,33682350,0,45,7,35261,realDonaldTrump
2017-07-12,61126,33743476,0,45,9,35270,realDonaldTrump
2017-07-13,-43696,33699780,0,45,7,35277,realDonaldTrump
2017-07-14,66234,33766014,0,45,11,35288,realDonaldTrump
2017-07-15,63838,33829852,0,45,4,35292,realDonaldTrump
2017-07-16,57898,33887750,0,45,12,35304,realDonaldTrump
2017-07-17,66716,33954466,0,45,5,35309,realDonaldTrump
2017-07-18,68504,34022970,0,45,5,35314,realDonaldTrump
2017-07-19,70046,34093016,0,45,5,35319,realDonaldTrump
2017-07-20,61858,34154874,0,45,1,35320,realDonaldTrump
2017-07-21,68189,34223063,0,45,5,35325,realDonaldTrump
2017-07-22,64099,34287162,0,45,15,35340,realDonaldTrump
2017-07-23,67742,34354904,0,45,3,35343,realDonaldTrump
2017-07-24,64596,34419500,1,46,10,35353,realDonaldTrump
2017-07-25,67114,34486614,0,46,18,35371,realDonaldTrump
2017-07-26,80120,34566734,-1,45,12,35383,realDonaldTrump
2017-07-27,88774,34655508,0,45,8,35391,realDonaldTrump
2017-07-28,90892,34746400,0,45,8,35399,realDonaldTrump
2017-07-29,61600,34808000,0,45,12,35411,realDonaldTrump
2017-07-30,57184,34865184,0,45,8,35419,realDonaldTrump
2017-07-31,56904,34922088,0,45,3,35422,realDonaldTrump
2017-08-01,62535,34984623,0,45,4,35426,realDonaldTrump
2017-08-02,63841,35048464,0,45,2,35428,realDonaldTrump
2017-08-03,57471,35105935,0,45,8,35436,realDonaldTrump
2017-08-04,47865,35153800,0,45,17,35453,realDonaldTrump
2017-08-05,44729,35198529,0,45,2,35455,realDonaldTrump
2017-08-06,41871,35240400,0,45,9,35464,realDonaldTrump
2017-08-07,43068,35283468,0,45,12,35476,realDonaldTrump
2017-08-08,47548,35331016,0,45,9,35485,realDonaldTrump
2017-08-09,62610,35393626,0,45,12,35497,realDonaldTrump
2017-08-10,70695,35464321,0,45,8,35505,realDonaldTrump
2017-08-11,86095,35550416,0,45,8,35513,realDonaldTrump
2017-08-12,90854,35641270,0,45,4,35517,realDonaldTrump
2017-08-13,97906,35739176,0,45,9,35526,realDonaldTrump
2017-08-14,79734,35818910,0,45,7,35533,realDonaldTrump
2017-08-15,74880,35893790,0,45,13,35546,realDonaldTrump
2017-08-16,88905,35982695,0,45,10,35556,realDonaldTrump
2017-08-17,100541,36083236,0,45,14,35570,realDonaldTrump
2017-08-18,104071,36187307,0,45,9,35579,realDonaldTrump
2017-08-19,76918,36264225,0,45,5,35584,realDonaldTrump
2017-08-20,73474,36337699,0,45,5,35589,realDonaldTrump
2017-08-21,70670,36408369,0,45,4,35593,realDonaldTrump
2017-08-22,69252,36477621,0,45,5,35598,realDonaldTrump
2017-08-23,70407,36548028,0,45,10,35608,realDonaldTrump
2017-08-24,76204,36624232,0,45,8,35616,realDonaldTrump
2017-08-25,71763,36695995,0,45,11,35627,realDonaldTrump
2017-08-26,68104,36764099,0,45,13,35640,realDonaldTrump
2017-08-27,70095,36834194,0,45,12,35652,realDonaldTrump
2017-08-28,72571,36906765,0,45,5,35657,realDonaldTrump
2017-08-29,84952,36991717,0,45,5,35662,realDonaldTrump
2017-08-30,79333,37071050,0,45,5,35667,realDonaldTrump
2017-08-31,110549,37181599,0,45,5,35672,realDonaldTrump
2017-09-01,64424,37246023,0,45,5,35677,realDonaldTrump
2017-09-02,66128,37312151,0,45,5,35682,realDonaldTrump
2017-09-03,82410,37394561,0,45,12,35694,realDonaldTrump
2017-09-04,91869,37486430,0,45,2,35696,realDonaldTrump
2017-09-05,84241,37570671,0,45,6,35702,realDonaldTrump
2017-09-06,91428,37662099,0,45,6,35708,realDonaldTrump
2017-09-07,99405,37761504,0,45,12,35720,realDonaldTrump
2017-09-08,73131,37834635,0,45,11,35731,realDonaldTrump
2017-09-09,72835,37907470,0,45,2,35733,realDonaldTrump
2017-09-10,70920,37978390,0,45,12,35745,realDonaldTrump
2017-09-11,69325,38047715,0,45,0,35745,realDonaldTrump
2017-09-12,69731,38117446,0,45,5,35750,realDonaldTrump
2017-09-13,65819,38183265,0,45,5,35755,realDonaldTrump
2017-09-14,90196,38273461,0,45,8,35763,realDonaldTrump
2017-09-15,71340,38344801,0,45,13,35776,realDonaldTrump
2017-09-16,70343,38415144,0,45,6,35782,realDonaldTrump
2017-09-17,66308,38481452,0,45,17,35799,realDonaldTrump
2017-09-18,77491,38558943,0,45,2,35801,realDonaldTrump
2017-09-19,65931,38624874,0,45,8,35809,realDonaldTrump
2017-09-20,86286,38711160,0,45,23,35832,realDonaldTrump
2017-09-21,101077,38812237,0,45,11,35843,realDonaldTrump
2017-09-22,77645,38889882,0,45,12,35855,realDonaldTrump
2017-09-23,84166,38974048,0,45,10,35865,realDonaldTrump
2017-09-24,101659,39075707,0,45,9,35874,realDonaldTrump
2017-09-25,114425,39190132,0,45,14,35888,realDonaldTrump
2017-09-26,112771,39302903,0,45,16,35904,realDonaldTrump
2017-09-27,97766,39400669,0,45,13,35917,realDonaldTrump
2017-09-28,105183,39505852,0,45,5,35922,realDonaldTrump
2017-09-29,74836,39580688,0,45,12,35934,realDonaldTrump
2017-09-30,71758,39652446,0,45,23,35957,realDonaldTrump
2017-10-01,59561,39712007,0,45,20,35977,realDonaldTrump
2017-10-02,116941,39828948,0,45,3,35980,realDonaldTrump
2017-10-03,85431,39914379,0,45,1,35981,realDonaldTrump
2017-10-04,63550,39977929,0,45,15,35996,realDonaldTrump
2017-10-05,25045,40002974,0,45,11,36007,realDonaldTrump
2017-10-06,55651,40058625,0,45,3,36010,realDonaldTrump
2017-10-07,54224,40112849,0,45,7,36017,realDonaldTrump
2017-10-08,60643,40173492,0,45,10,36027,realDonaldTrump
2017-10-09,63752,40237244,0,45,8,36035,realDonaldTrump
2017-10-10,55428,40292672,0,45,10,36045,realDonaldTrump
2017-10-11,66704,40359376,0,45,9,36054,realDonaldTrump
2017-10-12,76196,40435572,0,45,13,36067,realDonaldTrump
2017-10-13,59787,40495359,0,45,11,36078,realDonaldTrump
2017-10-14,54424,40549783,0,45,15,36093,realDonaldTrump
2017-10-15,52209,40601992,0,45,6,36099,realDonaldTrump
2017-10-16,51075,40653067,0,45,8,36107,realDonaldTrump
2017-10-17,43409,40696476,0,45,3,36110,realDonaldTrump
2017-10-18,41852,40738328,0,45,17,36127,realDonaldTrump
2017-10-19,47994,40786322,0,45,13,36140,realDonaldTrump
2017-10-20,48434,40834756,0,45,8,36148,realDonaldTrump
2017-10-21,54873,40889629,0,45,10,36158,realDonaldTrump
2017-10-22,52646,40942275,0,45,11,36169,realDonaldTrump
2017-10-23,56639,40998914,0,45,3,36172,realDonaldTrump
2017-10-24,65073,41063987,0,45,7,36179,realDonaldTrump
2017-10-25,143353,41207340,0,45,8,36187,realDonaldTrump
2017-10-26,40362,41247702,0,45,17,36204,realDonaldTrump
2017-10-27,48149,41295851,0,45,11,36215,realDonaldTrump
2017-10-28,50055,41345906,0,45,9,36224,realDonaldTrump
2017-10-29,53014,41398920,0,45,12,36236,realDonaldTrump
2017-10-30,67957,41466877,0,45,4,36240,realDonaldTrump
2017-10-31,50986,41517863,0,45,7,36247,realDonaldTrump
2017-11-01,70751,41588614,0,45,16,36263,realDonaldTrump
2017-11-02,107999,41696613,0,45,15,36278,realDonaldTrump
2017-11-03,28186,41724799,0,45,11,36289,realDonaldTrump
2017-11-04,144245,41869044,0,45,20,36309,realDonaldTrump
2017-11-05,99333,41968377,0,45,5,36314,realDonaldTrump
2017-11-06,67636,42036013,0,45,3,36317,realDonaldTrump
2017-11-07,81259,42117272,0,45,14,36331,realDonaldTrump
2017-11-08,122027,42239299,0,45,13,36344,realDonaldTrump
2017-11-09,87635,42326934,0,45,1,36345,realDonaldTrump
2017-11-10,56147,42383081,0,45,10,36355,realDonaldTrump
2017-11-11,47388,42430469,0,45,2,36357,realDonaldTrump
2017-11-12,85394,42515863,0,45,9,36366,realDonaldTrump
2017-11-13,79484,42595347,0,45,4,36370,realDonaldTrump
2017-11-14,56244,42651591,0,45,7,36377,realDonaldTrump
2017-11-15,56580,42708171,0,45,15,36392,realDonaldTrump
2017-11-16,90287,42798458,0,45,5,36397,realDonaldTrump
2017-11-17,59710,42858168,0,45,8,36405,realDonaldTrump
2017-11-18,59422,42917590,0,45,5,36410,realDonaldTrump
2017-11-19,60545,42978135,0,45,0,36410,realDonaldTrump
2017-11-20,69121,43047256,0,45,8,36418,realDonaldTrump
2017-11-21,63622,43110878,0,45,0,36418,realDonaldTrump
2017-11-22,62497,43173375,0,45,9,36427,realDonaldTrump
2017-11-23,56203,43229578,0,45,9,36436,realDonaldTrump
2017-11-24,53964,43283542,0,45,10,36446,realDonaldTrump
2017-11-25,58739,43342281,0,45,2,36448,realDonaldTrump
2017-11-26,55493,43397774,0,45,7,36455,realDonaldTrump
2017-11-27,56317,43454091,0,45,5,36460,realDonaldTrump
2017-11-28,58439,43512530,0,45,11,36471,realDonaldTrump
2017-11-29,72908,43585438,0,45,20,36491,realDonaldTrump
2017-11-30,84649,43670087,0,45,14,36505,realDonaldTrump
2017-12-01,70198,43740285,0,45,9,36514,realDonaldTrump
2017-12-02,72193,43812478,0,45,5,36519,realDonaldTrump
2017-12-03,159283,43971761,0,45,16,36535,realDonaldTrump
2017-12-04,59660,44031421,0,45,4,36539,realDonaldTrump
2017-12-05,58358,44089779,0,45,0,36539,realDonaldTrump
2017-12-06,60775,44150554,0,45,5,36544,realDonaldTrump
2017-12-07,80958,44231512,0,45,7,36551,realDonaldTrump
2017-12-08,47879,44279391,0,45,8,36559,realDonaldTrump
2017-12-09,44516,44323907,0,45,11,36570,realDonaldTrump
2017-12-10,46169,44370076,0,45,8,36578,realDonaldTrump
2017-12-11,50087,44420163,0,45,2,36580,realDonaldTrump
2017-12-12,49527,44469690,0,45,4,36584,realDonaldTrump
2017-12-13,66900,44536590,0,45,5,36589,realDonaldTrump
2017-12-14,178239,44714829,0,45,8,36597,realDonaldTrump
2017-12-15,25468,44740297,0,45,3,36600,realDonaldTrump
2017-12-16,27332,44767629,0,45,9,36609,realDonaldTrump
2017-12-17,17730,44785359,0,45,0,36609,realDonaldTrump
2017-12-18,28532,44813891,0,45,5,36614,realDonaldTrump
2017-12-19,29754,44843645,0,45,14,36628,realDonaldTrump
2017-12-20,33182,44876827,0,45,4,36632,realDonaldTrump
2017-12-21,79641,44956468,0,45,-26,36606,realDonaldTrump
2017-12-22,46182,45002650,0,45,7,36613,realDonaldTrump
2017-12-23,35294,45037944,0,45,4,36617,realDonaldTrump
2017-12-24,37265,45075209,0,45,9,36626,realDonaldTrump
2017-12-25,41381,45116590,0,45,4,36630,realDonaldTrump
2017-12-26,46379,45162969,0,45,4,36634,realDonaldTrump
2017-12-27,50164,45213133,0,45,1,36635,realDonaldTrump
2017-12-28,97453,45310586,0,45,6,36641,realDonaldTrump
2017-12-29,78901,45389487,0,45,14,36655,realDonaldTrump
2017-12-30,54241,45443728,0,45,1,36656,realDonaldTrump
2017-12-31,50018,45493746,0,45,9,36665,realDonaldTrump
2018-01-01,57812,45551558,0,45,8,36673,realDonaldTrump
2018-01-02,71313,45622871,0,45,8,36681,realDonaldTrump
2018-01-03,139316,45762187,0,45,8,36689,realDonaldTrump
2018-01-04,140967,45903154,0,45,9,36698,realDonaldTrump
2018-01-05,122777,46025931,0,45,7,36705,realDonaldTrump
2018-01-06,87393,46113324,0,45,7,36712,realDonaldTrump
2018-01-07,95121,46208445,0,45,3,36715,realDonaldTrump
2018-01-08,74621,46283066,0,45,5,36720,realDonaldTrump
2018-01-09,67100,46350166,0,45,4,36724,realDonaldTrump
2018-01-10,61032,46411198,0,45,11,36735,realDonaldTrump
2018-01-11,77196,46488394,0,45,11,36746,realDonaldTrump
2018-01-12,76346,46564740,0,45,14,36760,realDonaldTrump
2018-01-13,41084,46605824,0,45,5,36765,realDonaldTrump
2018-01-14,43855,46649679,0,45,12,36777,realDonaldTrump
2018-01-15,43235,46692914,0,45,3,36780,realDonaldTrump
2018-01-16,39350,46732264,0,45,14,36794,realDonaldTrump
2018-01-17,42863,46775127,0,45,5,36799,realDonaldTrump
2018-01-18,47728,46822855,0,45,13,36812,realDonaldTrump
2018-01-19,64469,46887324,0,45,6,36818,realDonaldTrump
2018-01-20,36824,46924148,0,45,9,36827,realDonaldTrump
2018-01-21,43189,46967337,0,45,11,36838,realDonaldTrump
2018-01-22,37812,47005149,0,45,4,36842,realDonaldTrump
2018-01-23,26758,47031907,0,45,5,36847,realDonaldTrump
2018-01-24,29882,47061789,0,45,3,36850,realDonaldTrump
2018-01-25,39894,47101683,0,45,3,36853,realDonaldTrump
2018-01-26,40318,47142001,0,45,7,36860,realDonaldTrump
2018-01-27,35109,47177110,0,45,4,36864,realDonaldTrump
2018-01-28,32057,47209167,-1,44,6,36870,realDonaldTrump
2018-01-29,39410,47248577,1,45,0,36870,realDonaldTrump
2018-01-30,-11521,47237056,0,45,1,36871,realDonaldTrump
2018-01-31,6088,47243144,0,45,1,36872,realDonaldTrump
2018-02-01,49057,47292201,0,45,3,36875,realDonaldTrump
2018-02-02,-2587,47289614,0,45,6,36881,realDonaldTrump
2018-02-03,46724,47336338,0,45,4,36885,realDonaldTrump
2018-02-04,52905,47389243,0,45,4,36889,realDonaldTrump
2018-02-05,47570,47436813,0,45,6,36895,realDonaldTrump
2018-02-06,52412,47489225,0,45,4,36899,realDonaldTrump
2018-02-07,53721,47542946,0,45,5,36904,realDonaldTrump
2018-02-08,46853,47589799,0,45,4,36908,realDonaldTrump
2018-02-09,38196,47627995,0,45,8,36916,realDonaldTrump
2018-02-10,32905,47660900,0,45,4,36920,realDonaldTrump
2018-02-11,84785,47745685,0,45,5,36925,realDonaldTrump
2018-02-12,47340,47793025,0,45,6,36931,realDonaldTrump
2018-02-13,20108,47813133,0,45,3,36934,realDonaldTrump
2018-02-14,35301,47848434,0,45,0,36934,realDonaldTrump
2018-02-15,35494,47883928,0,45,6,36940,realDonaldTrump
2018-02-16,10366,47894294,0,45,7,36947,realDonaldTrump
2018-02-17,42702,47936996,0,45,2,36949,realDonaldTrump
2018-02-18,23905,47960901,0,45,17,36966,realDonaldTrump
2018-02-19,46692,48007593,0,45,4,36970,realDonaldTrump
2018-02-20,47828,48055421,0,45,8,36978,realDonaldTrump
2018-02-21,30637,48086058,0,45,6,36984,realDonaldTrump
2018-02-22,44199,48130257,0,45,11,36995,realDonaldTrump
2018-02-23,48511,48178768,0,45,6,37001,realDonaldTrump
2018-02-24,43807,48222575,0,45,7,37008,realDonaldTrump
2018-02-25,46281,48268856,0,45,13,37021,realDonaldTrump
2018-02-26,43287,48312143,0,45,1,37022,realDonaldTrump
2018-02-27,45005,48357148,0,45,4,37026,realDonaldTrump
2018-02-28,37229,48394377,0,45,9,37035,realDonaldTrump
2018-03-01,35309,48429686,0,45,6,37041,realDonaldTrump
2018-03-02,23943,48453629,0,45,14,37055,realDonaldTrump
2018-03-03,38154,48491783,0,45,2,37057,realDonaldTrump
2018-03-04,52728,48544511,0,45,3,37060,realDonaldTrump
2018-03-05,53687,48598198,0,45,6,37066,realDonaldTrump
2018-03-06,54433,48652631,0,45,9,37075,realDonaldTrump
2018-03-07,56557,48709188,0,45,6,37081,realDonaldTrump
2018-03-08,46125,48755313,0,45,1,37082,realDonaldTrump
2018-03-09,45020,48800333,0,45,6,37088,realDonaldTrump
2018-03-10,39629,48839962,0,45,7,37095,realDonaldTrump
2018-03-11,40318,48880280,0,45,12,37107,realDonaldTrump
2018-03-12,39754,48920034,0,45,5,37112,realDonaldTrump
2018-03-13,48727,48968761,0,45,7,37119,realDonaldTrump
2018-03-14,54049,49022810,0,45,7,37126,realDonaldTrump
2018-03-15,46343,49069153,0,45,6,37132,realDonaldTrump
2018-03-16,41375,49110528,0,45,5,37137,realDonaldTrump
2018-03-17,41691,49152219,0,45,4,37141,realDonaldTrump
2018-03-18,41727,49193946,0,45,6,37147,realDonaldTrump
2018-03-19,44623,49238569,0,45,2,37149,realDonaldTrump
2018-03-20,37762,49276331,0,45,3,37152,realDonaldTrump
2018-03-21,40849,49317180,0,45,4,37156,realDonaldTrump
2018-03-22,42612,49359792,0,45,6,37162,realDonaldTrump
2018-03-23,52992,49412784,0,45,7,37169,realDonaldTrump
2018-03-24,43740,49456524,0,45,3,37172,realDonaldTrump
2018-03-25,41374,49497898,0,45,8,37180,realDonaldTrump
2018-03-26,44170,49542068,0,45,3,37183,realDonaldTrump
2018-03-27,44730,49586798,0,45,3,37186,realDonaldTrump
2018-03-28,38842,49625640,0,45,4,37190,realDonaldTrump
2018-03-29,42196,49667836,0,45,7,37197,realDonaldTrump
2018-03-30,38950,49706786,0,45,3,37200,realDonaldTrump
2018-03-31,37820,49744606,0,45,4,37204,realDonaldTrump
2018-04-01,37452,49782058,0,45,4,37208,realDonaldTrump
2018-04-02,42845,49824903,0,45,8,37216,realDonaldTrump
2018-04-03,41097,49866000,0,45,11,37227,realDonaldTrump
2018-04-04,46247,49912247,0,45,8,37235,realDonaldTrump
2018-04-05,47208,49959455,0,45,3,37238,realDonaldTrump
2018-04-06,47539,50006994,0,45,6,37244,realDonaldTrump
2018-04-07,47740,50054734,0,45,3,37247,realDonaldTrump
2018-04-08,52442,50107176,0,45,13,37260,realDonaldTrump
2018-04-09,63110,50170286,0,45,2,37262,realDonaldTrump
2018-04-10,60488,50230774,0,45,6,37268,realDonaldTrump
2018-04-11,117542,50348316,0,45,10,37278,realDonaldTrump
2018-04-12,129519,50477835,0,45,8,37286,realDonaldTrump
2018-04-13,74665,50552500,0,45,8,37294,realDonaldTrump
2018-04-14,108010,50660510,0,45,5,37299,realDonaldTrump
2018-04-15,83809,50744319,1,46,10,37309,realDonaldTrump
2018-04-16,71363,50815682,0,46,2,37311,realDonaldTrump
2018-04-17,59471,50875153,0,46,10,37321,realDonaldTrump
2018-04-18,46650,50921803,0,46,27,37348,realDonaldTrump
2018-04-19,31151,50952954,0,46,8,37356,realDonaldTrump
2018-04-20,33235,50986189,0,46,14,37370,realDonaldTrump
2018-04-21,37473,51023662,0,46,12,37382,realDonaldTrump
2018-04-22,35707,51059369,0,46,10,37392,realDonaldTrump
2018-04-23,35951,51095320,0,46,7,37399,realDonaldTrump
2018-04-24,49640,51144960,0,46,2,37401,realDonaldTrump
2018-04-25,33098,51178058,0,46,11,37412,realDonaldTrump
2018-04-26,42504,51220562,0,46,4,37416,realDonaldTrump
2018-04-27,40099,51260661,0,46,9,37425,realDonaldTrump
2018-04-28,36639,51297300,0,46,9,37434,realDonaldTrump
2018-04-29,32440,51329740,0,46,5,37439,realDonaldTrump
2018-04-30,34180,51363920,0,46,5,37444,realDonaldTrump
2018-05-01,42871,51406791,0,46,9,37453,realDonaldTrump
2018-05-02,23012,51429803,0,46,6,37459,realDonaldTrump
2018-05-03,27002,51456805,0,46,9,37468,realDonaldTrump
2018-05-04,17663,51474468,0,46,9,37477,realDonaldTrump
2018-05-05,24029,51498497,0,46,7,37484,realDonaldTrump
2018-05-06,28298,51526795,0,46,1,37485,realDonaldTrump
2018-05-07,29190,51555985,0,46,9,37494,realDonaldTrump
2018-05-08,40884,51596869,0,46,5,37499,realDonaldTrump
2018-05-09,46567,51643436,0,46,10,37509,realDonaldTrump
2018-05-10,39145,51682581,0,46,7,37516,realDonaldTrump
2018-05-11,47900,51730481,0,46,1,37517,realDonaldTrump
2018-05-12,33047,51763528,0,46,4,37521,realDonaldTrump
2018-05-13,54057,51817585,0,46,5,37526,realDonaldTrump
2018-05-14,55782,51873367,0,46,6,37532,realDonaldTrump
2018-05-15,29535,51902902,0,46,8,37540,realDonaldTrump
2018-05-16,47909,51950811,0,46,9,37549,realDonaldTrump
2018-05-17,33691,51984502,0,46,9,37558,realDonaldTrump
2018-05-18,27237,52011739,0,46,11,37569,realDonaldTrump
2018-05-19,33029,52044768,0,46,7,37576,realDonaldTrump
2018-05-20,35153,52079921,0,46,9,37585,realDonaldTrump
2018-05-21,39938,52119859,0,46,11,37596,realDonaldTrump
2018-05-22,29226,52149085,0,46,1,37597,realDonaldTrump
2018-05-23,18255,52167340,0,46,15,37612,realDonaldTrump
2018-05-24,36152,52203492,0,46,9,37621,realDonaldTrump
2018-05-25,-22177,52181315,0,46,15,37636,realDonaldTrump
2018-05-26,26170,52207485,0,46,13,37649,realDonaldTrump
2018-05-27,28719,52236204,0,46,7,37656,realDonaldTrump
2018-05-28,27051,52263255,0,46,7,37663,realDonaldTrump
2018-05-29,19165,52282420,0,46,12,37675,realDonaldTrump
2018-05-30,27590,52310010,0,46,5,37680,realDonaldTrump
2018-05-31,17765,52327775,0,46,19,37699,realDonaldTrump
2018-06-01,28321,52356096,0,46,6,37705,realDonaldTrump
2018-06-02,30060,52386156,0,46,5,37710,realDonaldTrump
2018-06-03,26793,52412949,0,46,15,37725,realDonaldTrump
2018-06-04,26390,52439339,0,46,9,37734,realDonaldTrump
2018-06-05,24562,52463901,0,46,18,37752,realDonaldTrump
2018-06-06,20334,52484235,0,46,18,37770,realDonaldTrump
2018-06-07,20417,52504652,0,46,15,37785,realDonaldTrump
2018-06-08,32365,52537017,0,46,11,37796,realDonaldTrump
2018-06-09,4317,52541334,0,46,2,37798,realDonaldTrump
2018-06-10,32639,52573973,0,46,10,37808,realDonaldTrump
2018-06-11,42462,52616435,0,46,8,37816,realDonaldTrump
2018-06-12,79347,52695782,0,46,18,37834,realDonaldTrump
2018-06-13,28303,52724085,0,46,9,37843,realDonaldTrump
2018-06-14,35771,52759856,0,46,8,37851,realDonaldTrump
2018-06-15,32679,52792535,0,46,15,37866,realDonaldTrump
2018-06-16,27347,52819882,0,46,11,37877,realDonaldTrump
2018-06-17,23725,52843607,0,46,13,37890,realDonaldTrump
2018-06-18,26737,52870344,0,46,13,37903,realDonaldTrump
2018-06-19,31225,52901569,0,46,7,37910,realDonaldTrump
2018-06-20,32659,52934228,0,46,12,37922,realDonaldTrump
2018-06-21,32189,52966417,0,46,16,37938,realDonaldTrump
2018-06-22,27859,52994276,0,46,21,37959,realDonaldTrump
2018-06-23,5449,52999725,1,47,21,37980,realDonaldTrump
2018-06-24,26558,53026283,0,47,10,37990,realDonaldTrump
2018-06-25,28288,53054571,0,47,12,38002,realDonaldTrump
2018-06-26,27392,53081963,0,47,18,38020,realDonaldTrump
2018-06-27,24927,53106890,0,47,13,38033,realDonaldTrump
2018-06-28,-75802,53031088,0,47,16,38049,realDonaldTrump
2018-06-29,24863,53055951,0,47,3,38052,realDonaldTrump
2018-06-30,23173,53079124,0,47,14,38066,realDonaldTrump
2018-07-01,24407,53103531,0,47,7,38073,realDonaldTrump
2018-07-02,45889,53149420,0,47,3,38076,realDonaldTrump
2018-07-03,29206,53178626,0,47,12,38088,realDonaldTrump
2018-07-04,22067,53200693,0,47,10,38098,realDonaldTrump
2018-07-05,25084,53225777,0,47,5,38103,realDonaldTrump
2018-07-06,25223,53251000,0,47,6,38109,realDonaldTrump
2018-07-07,23036,53274036,0,47,7,38116,realDonaldTrump
2018-07-08,24604,53298640,0,47,4,38120,realDonaldTrump
2018-07-09,29177,53327817,0,47,6,38126,realDonaldTrump
2018-07-10,29346,53357163,0,47,17,38143,realDonaldTrump
2018-07-11,25322,53382485,0,47,10,38153,realDonaldTrump
2018-07-12,-326118,53056367,0,47,20,38173,realDonaldTrump
2018-07-13,34271,53090638,0,47,4,38177,realDonaldTrump
2018-07-14,22868,53113506,0,47,9,38186,realDonaldTrump
2018-07-15,24143,53137649,0,47,9,38195,realDonaldTrump
2018-07-16,31243,53168892,0,47,10,38205,realDonaldTrump
2018-07-17,27996,53196888,0,47,11,38216,realDonaldTrump
2018-07-18,-19151,53177737,0,47,10,38226,realDonaldTrump
2018-07-19,-32080,53145657,0,47,16,38242,realDonaldTrump
2018-07-20,6780,53152437,0,47,11,38253,realDonaldTrump
2018-07-21,19723,53172160,0,47,4,38257,realDonaldTrump
2018-07-22,20007,53192167,0,47,9,38266,realDonaldTrump
2018-07-23,39179,53231346,0,47,12,38278,realDonaldTrump
2018-07-24,33882,53265228,0,47,12,38290,realDonaldTrump
2018-07-25,11596,53276824,0,47,12,38302,realDonaldTrump
2018-07-26,27982,53304806,0,47,14,38316,realDonaldTrump
2018-07-27,29494,53334300,0,47,14,38330,realDonaldTrump
2018-07-28,18133,53352433,0,47,8,38338,realDonaldTrump
2018-07-29,17644,53370077,0,47,11,38349,realDonaldTrump
2018-07-30,19974,53390051,0,47,10,38359,realDonaldTrump
2018-07-31,17729,53407780,0,47,24,38383,realDonaldTrump
2018-08-01,18858,53426638,0,47,16,38399,realDonaldTrump
2018-08-02,23273,53449911,0,47,10,38409,realDonaldTrump
2018-08-03,20060,53469971,0,47,8,38417,realDonaldTrump
2018-08-04,22543,53492514,0,47,27,38444,realDonaldTrump
2018-08-05,27279,53519793,0,47,16,38460,realDonaldTrump
2018-08-06,25730,53545523,0,47,8,38468,realDonaldTrump
2018-08-07,24486,53570009,0,47,7,38475,realDonaldTrump
2018-08-08,23538,53593547,0,47,9,38484,realDonaldTrump
2018-08-09,22933,53616480,0,47,3,38487,realDonaldTrump
2018-08-10,44396,53660876,0,47,9,38496,realDonaldTrump
2018-08-11,40815,53701691,0,47,8,38504,realDonaldTrump
2018-08-12,22355,53724046,0,47,8,38512,realDonaldTrump
2018-08-13,22308,53746354,0,47,4,38516,realDonaldTrump
2018-08-14,6510,53752864,0,47,25,38541,realDonaldTrump
2018-08-15,20757,53773621,0,47,14,38555,realDonaldTrump
2018-08-16,20753,53794374,0,47,14,38569,realDonaldTrump
2018-08-17,20692,53815066,0,47,17,38586,realDonaldTrump
2018-08-18,9982,53825048,0,47,6,38592,realDonaldTrump
2018-08-19,27928,53852976,0,47,17,38609,realDonaldTrump
2018-08-20,17252,53870228,0,47,7,38616,realDonaldTrump
2018-08-21,14920,53885148,0,47,14,38630,realDonaldTrump
2018-08-22,28428,53913576,0,47,9,38639,realDonaldTrump
2018-08-23,33956,53947532,0,47,12,38651,realDonaldTrump
2018-08-24,26476,53974008,0,47,12,38663,realDonaldTrump
2018-08-25,22071,53996079,0,47,17,38680,realDonaldTrump
2018-08-26,29793,54025872,0,47,8,38688,realDonaldTrump
2018-08-27,24681,54050553,0,47,5,38693,realDonaldTrump
2018-08-28,23552,54074105,0,47,12,38705,realDonaldTrump
2018-08-29,17468,54091573,0,47,20,38725,realDonaldTrump
2018-08-30,17891,54109464,0,47,20,38745,realDonaldTrump
2018-08-31,19875,54129339,0,47,3,38748,realDonaldTrump
2018-09-01,10808,54140147,0,47,16,38764,realDonaldTrump
2018-09-02,17716,54157863,0,47,13,38777,realDonaldTrump
2018-09-03,16599,54174462,0,47,7,38784,realDonaldTrump
2018-09-04,16008,54190470,0,47,8,38792,realDonaldTrump
2018-09-05,20919,54211389,0,47,21,38813,realDonaldTrump
2018-09-06,33778,54245167,0,47,9,38822,realDonaldTrump
2018-09-07,16554,54261721,0,47,8,38830,realDonaldTrump
2018-09-08,26904,54288625,0,47,11,38841,realDonaldTrump
2018-09-09,23603,54312228,0,47,15,38856,realDonaldTrump
2018-09-10,22152,54334380,0,47,16,38872,realDonaldTrump
2018-09-11,26369,54360749,0,47,15,38887,realDonaldTrump
2018-09-12,26649,54387398,0,47,13,38900,realDonaldTrump
2018-09-13,25825,54413223,0,47,16,38916,realDonaldTrump
2018-09-14,24222,54437445,0,47,26,38942,realDonaldTrump
2018-09-15,23598,54461043,0,47,13,38955,realDonaldTrump
2018-09-16,19857,54480900,0,47,12,38967,realDonaldTrump
2018-09-17,18129,54499029,0,47,29,38996,realDonaldTrump
2018-09-18,6622,54505651,0,47,15,39011,realDonaldTrump
2018-09-19,31272,54536923,0,47,9,39020,realDonaldTrump
2018-09-20,18447,54555370,0,47,10,39030,realDonaldTrump
2018-09-21,16352,54571722,0,47,21,39051,realDonaldTrump
2018-09-22,15851,54587573,0,47,19,39070,realDonaldTrump
2018-09-23,16565,54604138,0,47,1,39071,realDonaldTrump
2018-09-24,17889,54622027,0,47,5,39076,realDonaldTrump
2018-09-25,18927,54640954,0,47,14,39090,realDonaldTrump
2018-09-26,20090,54661044,0,47,11,39101,realDonaldTrump
2018-09-27,21330,54682374,0,47,10,39111,realDonaldTrump
2018-09-28,26781,54709155,0,47,1,39112,realDonaldTrump
2018-09-29,23047,54732202,0,47,1,39113,realDonaldTrump
2018-09-30,19869,54752071,0,47,5,39118,realDonaldTrump
2018-10-01,22957,54775028,0,47,7,39125,realDonaldTrump
2018-10-02,22706,54797734,0,47,5,39130,realDonaldTrump
2018-10-03,22803,54820537,0,47,22,39152,realDonaldTrump
2018-10-04,38972,54859509,0,47,7,39159,realDonaldTrump
2018-10-05,33347,54892856,0,47,13,39172,realDonaldTrump
2018-10-06,28811,54921667,0,47,4,39176,realDonaldTrump
2018-10-07,37332,54958999,0,47,7,39183,realDonaldTrump
2018-10-08,34359,54993358,0,47,1,39184,realDonaldTrump
2018-10-09,-5636,54987722,0,47,16,39200,realDonaldTrump
2018-10-10,22443,55010165,0,47,22,39222,realDonaldTrump
2018-10-11,44885,55055050,0,47,16,39238,realDonaldTrump
2018-10-12,39675,55094725,0,47,9,39247,realDonaldTrump
2018-10-13,23548,55118273,0,47,12,39259,realDonaldTrump
2018-10-14,9384,55127657,0,47,10,39269,realDonaldTrump
2018-10-15,22135,55149792,0,47,10,39279,realDonaldTrump
2018-10-16,23940,55173732,0,47,15,39294,realDonaldTrump
2018-10-17,21842,55195574,0,47,19,39313,realDonaldTrump
2018-10-18,12847,55208421,0,47,19,39332,realDonaldTrump
2018-10-19,19896,55228317,-1,46,13,39345,realDonaldTrump
2018-10-20,25971,55254288,0,46,13,39358,realDonaldTrump
2018-10-21,18036,55272324,0,46,4,39362,realDonaldTrump
2018-10-22,22686,55295010,0,46,10,39372,realDonaldTrump
2018-10-23,-5261,55289749,0,46,17,39389,realDonaldTrump
2018-10-24,-5049,55284700,0,46,10,39399,realDonaldTrump
2018-10-25,2225,55286925,0,46,7,39406,realDonaldTrump
2018-10-26,15379,55302304,0,46,18,39424,realDonaldTrump
2018-10-27,65883,55368187,0,46,17,39441,realDonaldTrump
2018-10-28,23037,55391224,0,46,7,39448,realDonaldTrump
2018-10-29,65612,55456836,0,46,8,39456,realDonaldTrump
2018-10-30,39113,55495949,0,46,16,39472,realDonaldTrump
2018-10-31,27344,55523293,0,46,12,39484,realDonaldTrump
2018-11-01,22329,55545622,0,46,11,39495,realDonaldTrump
2018-11-02,28999,55574621,0,46,11,39506,realDonaldTrump
2018-11-03,36819,55611440,0,46,14,39520,realDonaldTrump
2018-11-04,-23167,55588273,0,46,38,39558,realDonaldTrump
2018-11-05,-15726,55572547,0,46,15,39573,realDonaldTrump
2018-11-06,23043,55595590,0,46,33,39606,realDonaldTrump
2018-11-07,-5915,55589675,0,46,18,39624,realDonaldTrump
2018-11-08,23641,55613316,0,46,4,39628,realDonaldTrump
2018-11-09,-79222,55534094,0,46,5,39633,realDonaldTrump
2018-11-10,7885,55541979,0,46,12,39645,realDonaldTrump
2018-11-11,29690,55571669,0,46,9,39654,realDonaldTrump
2018-11-12,29633,55601302,0,46,8,39662,realDonaldTrump
2018-11-13,43198,55644500,0,46,12,39674,realDonaldTrump
2018-11-14,31482,55675982,0,46,2,39676,realDonaldTrump
2018-11-15,24939,55700921,0,46,10,39686,realDonaldTrump
2018-11-16,23766,55724687,0,46,4,39690,realDonaldTrump
2018-11-17,16406,55741093,0,46,14,39704,realDonaldTrump
2018-11-18,20466,55761559,0,46,2,39706,realDonaldTrump
2018-11-19,21276,55782835,0,46,10,39716,realDonaldTrump
2018-11-20,29190,55812025,0,46,4,39720,realDonaldTrump
2018-11-21,26624,55838649,0,46,7,39727,realDonaldTrump
2018-11-22,14012,55852661,0,46,15,39742,realDonaldTrump
2018-11-23,21554,55874215,0,46,4,39746,realDonaldTrump
2018-11-24,20706,55894921,0,46,2,39748,realDonaldTrump
2018-11-25,21171,55916092,0,46,8,39756,realDonaldTrump
2018-11-26,24545,55940637,0,46,9,39765,realDonaldTrump
2018-11-27,22288,55962925,0,46,12,39777,realDonaldTrump
2018-11-28,12973,55975898,0,46,5,39782,realDonaldTrump
2018-12-01,32725,56008623,0,46,44,39826,realDonaldTrump
2018-12-02,21915,56030538,0,46,2,39828,realDonaldTrump
2018-12-03,25297,56055835,0,46,2,39830,realDonaldTrump
2018-12-04,26311,56082146,0,46,12,39842,realDonaldTrump
2018-12-05,17442,56099588,0,46,11,39853,realDonaldTrump
2018-12-06,2308,56101896,0,46,9,39862,realDonaldTrump
2018-12-07,-7435,56094461,0,46,7,39869,realDonaldTrump
2018-12-08,3433,56097894,0,46,18,39887,realDonaldTrump
2018-12-09,29652,56127546,0,46,12,39899,realDonaldTrump
2018-12-10,25938,56153484,0,46,4,39903,realDonaldTrump
2018-12-11,12308,56165792,0,46,4,39907,realDonaldTrump
2018-12-12,-3396,56162396,0,46,7,39914,realDonaldTrump
2018-12-13,14071,56176467,0,46,3,39917,realDonaldTrump
2018-12-14,20864,56197331,0,46,10,39927,realDonaldTrump
2018-12-15,23264,56220595,0,46,9,39936,realDonaldTrump
2018-12-16,26239,56246834,0,46,5,39941,realDonaldTrump
2018-12-17,15512,56262346,0,46,10,39951,realDonaldTrump
2018-12-18,32295,56294641,0,46,5,39956,realDonaldTrump
2018-12-19,24673,56319314,0,46,16,39972,realDonaldTrump
2018-12-20,29614,56348928,-1,45,10,39982,realDonaldTrump
2018-12-21,30299,56379227,0,45,16,39998,realDonaldTrump
2018-12-22,30509,56409736,0,45,20,40018,realDonaldTrump
2018-12-23,33620,56443356,0,45,10,40028,realDonaldTrump
2018-12-24,31391,56474747,0,45,13,40041,realDonaldTrump
2018-12-25,37619,56512366,0,45,13,40054,realDonaldTrump
2018-12-26,38785,56551151,0,45,2,40056,realDonaldTrump
2018-12-27,34059,56585210,0,45,1,40057,realDonaldTrump
2018-12-28,30867,56616077,0,45,10,40067,realDonaldTrump
2018-12-29,34963,56651040,0,45,5,40072,realDonaldTrump
2018-12-30,31909,56682949,0,45,9,40081,realDonaldTrump
2018-12-31,29909,56712858,0,45,3,40084,realDonaldTrump
2019-01-01,22807,56735665,0,45,15,40099,realDonaldTrump
2019-01-02,61104,56796769,0,45,17,40116,realDonaldTrump
2019-01-03,45081,56841850,0,45,1,40117,realDonaldTrump
2019-01-04,37716,56879566,0,45,8,40125,realDonaldTrump
2019-01-05,39529,56919095,0,45,6,40131,realDonaldTrump
2019-01-06,41156,56960251,0,45,16,40147,realDonaldTrump
2019-01-07,45724,57005975,0,45,7,40154,realDonaldTrump
2019-01-08,38589,57044564,0,45,6,40160,realDonaldTrump
2019-01-09,43977,57088541,0,45,6,40166,realDonaldTrump
2019-01-10,41348,57129889,0,45,12,40178,realDonaldTrump
2019-01-11,31622,57161511,0,45,12,40190,realDonaldTrump
2019-01-12,36995,57198506,0,45,10,40200,realDonaldTrump
2019-01-13,37124,57235630,0,45,14,40214,realDonaldTrump
2019-01-14,41868,57277498,0,45,13,40227,realDonaldTrump
2019-01-15,16234,57293732,0,45,18,40245,realDonaldTrump
2019-01-16,39855,57333587,0,45,18,40263,realDonaldTrump
2019-01-17,40290,57373877,0,45,2,40265,realDonaldTrump
2019-01-18,38709,57412586,0,45,8,40273,realDonaldTrump
2019-01-19,39078,57451664,0,45,28,40301,realDonaldTrump
2019-01-20,43711,57495375,0,45,7,40308,realDonaldTrump
2019-01-21,37420,57532795,0,45,41,40349,realDonaldTrump
2019-01-22,34973,57567768,0,45,11,40360,realDonaldTrump
2019-01-23,31590,57599358,0,45,12,40372,realDonaldTrump
2019-01-24,61858,57661216,0,45,8,40380,realDonaldTrump
2019-01-25,38812,57700028,0,45,10,40390,realDonaldTrump
2019-01-26,40863,57740891,0,45,3,40393,realDonaldTrump
2019-01-27,34223,57775114,0,45,12,40405,realDonaldTrump
2019-01-28,32730,57807844,0,45,11,40416,realDonaldTrump
2019-01-29,27305,57835149,0,45,6,40422,realDonaldTrump
2019-01-30,20378,57855527,0,45,2,40424,realDonaldTrump
2019-01-31,37525,57893052,0,45,10,40434,realDonaldTrump
2019-02-01,26326,57919378,0,45,20,40454,realDonaldTrump
2019-02-02,25531,57944909,0,45,8,40462,realDonaldTrump
2019-02-03,26175,57971084,0,45,4,40466,realDonaldTrump
2019-02-04,29731,58000815,0,45,2,40468,realDonaldTrump
2019-02-05,21393,58022208,0,45,1,40469,realDonaldTrump
2019-02-06,26274,58048482,0,45,6,40475,realDonaldTrump
2019-02-07,11498,58059980,0,45,1,40476,realDonaldTrump
2019-02-10,57347,58117327,0,45,32,40508,realDonaldTrump
2019-02-11,29217,58146544,0,45,14,40522,realDonaldTrump
2019-02-12,28398,58174942,0,45,9,40531,realDonaldTrump
2019-02-13,21222,58196164,0,45,11,40542,realDonaldTrump
2019-02-14,24887,58221051,0,45,9,40551,realDonaldTrump
2019-02-15,29351,58250402,0,45,5,40556,realDonaldTrump
2019-02-16,44604,58295006,0,45,4,40560,realDonaldTrump
2019-02-17,33506,58328512,0,45,9,40569,realDonaldTrump
2019-02-18,33374,58361886,0,45,13,40582,realDonaldTrump
2019-02-19,32087,58393973,0,45,17,40599,realDonaldTrump
2019-02-20,28071,58422044,0,45,8,40607,realDonaldTrump
2019-02-21,27364,58449408,0,45,9,40616,realDonaldTrump
2019-02-22,25865,58475273,0,45,7,40623,realDonaldTrump
2019-02-23,24793,58500066,0,45,6,40629,realDonaldTrump
2019-02-24,44994,58545060,0,45,14,40643,realDonaldTrump
2019-02-25,32584,58577644,0,45,10,40653,realDonaldTrump
2019-02-26,31686,58609330,0,45,20,40673,realDonaldTrump
2019-02-27,39096,58648426,0,45,7,40680,realDonaldTrump
2019-02-28,45875,58694301,0,45,7,40687,realDonaldTrump
2019-03-01,35130,58729431,0,45,7,40694,realDonaldTrump
2019-03-02,25978,58755409,0,45,10,40704,realDonaldTrump
2019-03-03,25427,58780836,0,45,13,40717,realDonaldTrump
2019-03-04,21451,58802287,0,45,15,40732,realDonaldTrump
2019-03-05,9658,58811945,0,45,11,40743,realDonaldTrump
2019-03-06,20029,58831974,0,45,18,40761,realDonaldTrump
2019-03-07,23406,58855380,0,45,6,40767,realDonaldTrump
2019-03-08,11757,58867137,0,45,2,40769,realDonaldTrump
2019-03-09,25140,58892277,0,45,35,40804,realDonaldTrump
2019-03-10,16540,58908817,0,45,17,40821,realDonaldTrump
2019-03-11,16214,58925031,0,45,11,40832,realDonaldTrump
2019-03-12,14809,58939840,0,45,4,40836,realDonaldTrump
2019-03-13,18662,58958502,0,45,20,40856,realDonaldTrump
2019-03-14,26794,58985296,0,45,19,40875,realDonaldTrump
2019-03-15,27990,59013286,0,45,14,40889,realDonaldTrump
2019-03-16,35814,59049100,0,45,10,40899,realDonaldTrump
2019-03-17,26311,59075411,0,45,20,40919,realDonaldTrump
2019-03-18,23827,59099238,0,45,30,40949,realDonaldTrump
2019-03-19,28003,59127241,0,45,15,40964,realDonaldTrump
2019-03-20,27181,59154422,0,45,13,40977,realDonaldTrump
2019-03-21,28775,59183197,0,45,10,40987,realDonaldTrump
2019-03-22,31296,59214493,0,45,6,40993,realDonaldTrump
2019-03-23,29967,59244460,0,45,11,41004,realDonaldTrump
2019-03-24,29850,59274310,0,45,0,41004,realDonaldTrump
2019-03-25,38057,59312367,0,45,2,41006,realDonaldTrump
2019-03-26,24959,59337326,0,45,17,41023,realDonaldTrump
2019-03-27,19156,59356482,0,45,10,41033,realDonaldTrump
2019-03-28,12928,59369410,0,45,8,41041,realDonaldTrump
2019-03-29,26710,59396120,0,45,16,41057,realDonaldTrump
2019-03-30,20458,59416578,0,45,10,41067,realDonaldTrump
2019-03-31,22861,59439439,0,45,4,41071,realDonaldTrump
2019-04-01,23725,59463164,0,45,2,41073,realDonaldTrump
2019-04-02,18071,59481235,0,45,14,41087,realDonaldTrump
2019-04-03,17303,59498538,0,45,11,41098,realDonaldTrump
2019-04-04,19040,59517578,0,45,4,41102,realDonaldTrump
2019-04-05,20011,59537589,0,45,11,41113,realDonaldTrump
2019-04-06,26088,59563677,0,45,34,41147,realDonaldTrump
2019-04-07,6692,59570369,0,45,5,41152,realDonaldTrump
2019-04-08,15756,59586125,0,45,7,41159,realDonaldTrump
2019-04-09,14422,59600547,0,45,13,41172,realDonaldTrump
2019-04-10,4630,59605177,0,45,19,41191,realDonaldTrump
2019-04-11,15966,59621143,0,45,8,41199,realDonaldTrump
2019-04-12,5240,59626383,0,45,11,41210,realDonaldTrump
2019-04-13,23741,59650124,0,45,17,41227,realDonaldTrump
2019-04-14,15489,59665613,0,45,11,41238,realDonaldTrump
2019-04-15,17657,59683270,0,45,10,41248,realDonaldTrump
2019-04-16,34149,59717419,0,45,16,41264,realDonaldTrump
2019-04-17,23168,59740587,0,45,11,41275,realDonaldTrump
2019-04-18,18314,59758901,0,45,7,41282,realDonaldTrump
2019-04-19,12722,59771623,0,45,20,41302,realDonaldTrump
2019-04-20,25171,59796794,0,45,13,41315,realDonaldTrump
2019-04-21,12996,59809790,1,46,20,41335,realDonaldTrump
2019-04-22,24370,59834160,0,46,8,41343,realDonaldTrump
2019-04-23,16938,59851098,0,46,43,41386,realDonaldTrump
2019-04-24,11674,59862772,0,46,18,41404,realDonaldTrump
2019-04-25,-2226,59860546,0,46,15,41419,realDonaldTrump
2019-04-26,579,59861125,0,46,22,41441,realDonaldTrump
2019-04-27,21024,59882149,0,46,11,41452,realDonaldTrump
2019-04-28,15167,59897316,0,46,15,41467,realDonaldTrump
2019-04-29,15055,59912371,0,46,1,41468,realDonaldTrump
2019-04-30,13161,59925532,0,46,13,41481,realDonaldTrump
2019-05-01,21681,59947213,0,46,8,41489,realDonaldTrump
2019-05-02,7713,59954926,0,46,79,41568,realDonaldTrump
2019-05-03,12125,59967051,0,46,12,41580,realDonaldTrump
2019-05-04,9973,59977024,0,46,19,41599,realDonaldTrump
2019-05-05,12038,59989062,0,46,28,41627,realDonaldTrump
2019-05-06,33893,60022955,0,46,25,41652,realDonaldTrump
2019-05-07,39142,60062097,0,46,9,41661,realDonaldTrump
2019-05-08,23756,60085853,0,46,14,41675,realDonaldTrump
2019-05-09,28733,60114586,0,46,30,41705,realDonaldTrump
2019-05-10,19936,60134522,0,46,13,41718,realDonaldTrump
2019-05-11,32463,60166985,0,46,23,41741,realDonaldTrump
2019-05-12,19451,60186436,0,46,90,41831,realDonaldTrump
2019-05-14,46327,60232763,0,46,45,41876,realDonaldTrump
2019-05-15,10993,60243756,0,46,5,41881,realDonaldTrump
2019-05-16,25212,60268968,0,46,8,41889,realDonaldTrump
2019-05-17,22941,60291909,0,46,8,41897,realDonaldTrump
2019-05-18,23910,60315819,0,46,15,41912,realDonaldTrump
2019-05-19,33094,60348913,0,46,22,41934,realDonaldTrump
2019-05-20,30393,60379306,0,46,13,41947,realDonaldTrump
2019-05-21,38366,60417672,0,46,17,41964,realDonaldTrump
2019-05-22,21089,60438761,0,46,16,41980,realDonaldTrump
2019-05-23,24438,60463199,1,47,34,42014,realDonaldTrump
2019-05-24,36330,60499529,0,47,28,42042,realDonaldTrump
2019-05-25,30929,60530458,0,47,13,42055,realDonaldTrump
2019-05-26,30498,60560956,0,47,21,42076,realDonaldTrump
2019-05-27,39222,60600178,0,47,8,42084,realDonaldTrump
2019-05-28,29139,60629317,0,47,16,42100,realDonaldTrump
2019-05-29,23983,60653300,0,47,10,42110,realDonaldTrump
2019-05-30,26719,60680019,0,47,8,42118,realDonaldTrump
2019-05-31,22559,60702578,0,47,18,42136,realDonaldTrump
2019-06-01,20464,60723042,0,47,11,42147,realDonaldTrump
2019-06-02,17941,60740983,0,47,24,42171,realDonaldTrump
2019-06-03,21256,60762239,0,47,14,42185,realDonaldTrump
2019-06-04,46358,60808597,0,47,17,42202,realDonaldTrump
2019-06-05,28328,60836925,0,47,14,42216,realDonaldTrump
2019-06-06,22783,60859708,0,47,10,42226,realDonaldTrump
2019-06-07,15661,60875369,0,47,9,42235,realDonaldTrump
2019-06-08,21181,60896550,0,47,15,42250,realDonaldTrump
2019-06-09,23600,60920150,0,47,15,42265,realDonaldTrump
2019-06-10,19338,60939488,0,47,21,42286,realDonaldTrump
2019-06-11,20336,60959824,0,47,20,42306,realDonaldTrump
2019-06-12,18134,60977958,0,47,18,42324,realDonaldTrump
2019-06-13,13291,60991249,0,47,19,42343,realDonaldTrump
2019-06-14,15869,61007118,0,47,19,42362,realDonaldTrump
2019-06-15,17489,61024607,0,47,12,42374,realDonaldTrump
2019-06-16,17662,61042269,0,47,44,42418,realDonaldTrump
2019-06-17,24602,61066871,0,47,17,42435,realDonaldTrump
2019-06-18,21834,61088705,0,47,11,42446,realDonaldTrump
2019-06-19,28580,61117285,0,47,15,42461,realDonaldTrump
2019-06-20,23506,61140791,0,47,11,42472,realDonaldTrump
2019-06-21,49858,61190649,0,47,5,42477,realDonaldTrump
2019-06-22,47171,61237820,0,47,10,42487,realDonaldTrump
2019-06-23,67718,61305538,0,47,21,42508,realDonaldTrump
2019-06-24,6380,61311918,0,47,0,42508,realDonaldTrump
2019-06-25,28423,61340341,0,47,11,42519,realDonaldTrump
2019-06-26,27577,61367918,0,47,14,42533,realDonaldTrump
2019-06-27,41799,61409717,0,47,46,42579,realDonaldTrump
2019-06-28,48259,61457976,0,47,7,42586,realDonaldTrump
2019-06-29,39841,61497817,0,47,4,42590,realDonaldTrump
2019-06-30,41126,61538943,0,47,7,42597,realDonaldTrump
2019-07-01,42499,61581442,0,47,5,42602,realDonaldTrump
2019-07-02,24915,61606357,0,47,14,42616,realDonaldTrump
2019-07-03,30886,61637243,0,47,20,42636,realDonaldTrump
2019-07-04,32507,61669750,0,47,14,42650,realDonaldTrump
2019-07-05,30494,61700244,0,47,44,42694,realDonaldTrump
2019-07-06,24428,61724672,0,47,7,42701,realDonaldTrump
2019-07-07,22021,61746693,0,47,15,42716,realDonaldTrump
2019-07-08,29386,61776079,0,47,16,42732,realDonaldTrump
2019-07-09,25352,61801431,0,47,11,42743,realDonaldTrump
2019-07-10,25172,61826603,0,47,24,42767,realDonaldTrump
2019-07-11,22330,61848933,0,47,18,42785,realDonaldTrump
2019-07-12,4363,61853296,0,47,40,42825,realDonaldTrump
2019-07-13,35830,61889126,0,47,72,42897,realDonaldTrump
2019-07-14,6890,61896016,0,47,4,42901,realDonaldTrump
2019-07-15,35887,61931903,0,47,41,42942,realDonaldTrump
2019-07-16,27689,61959592,0,47,8,42950,realDonaldTrump
2019-07-17,40340,61999932,0,47,14,42964,realDonaldTrump
2019-07-18,37690,62037622,0,47,15,42979,realDonaldTrump
2019-07-19,29793,62067415,0,47,11,42990,realDonaldTrump
2019-07-20,38958,62106373,0,47,19,43009,realDonaldTrump
2019-07-21,35149,62141522,0,47,31,43040,realDonaldTrump
2019-07-22,30092,62171614,0,47,15,43055,realDonaldTrump
2019-07-23,36654,62208268,0,47,17,43072,realDonaldTrump
2019-07-24,37695,62245963,0,47,20,43092,realDonaldTrump
2019-07-25,34289,62280252,0,47,40,43132,realDonaldTrump
2019-07-26,33139,62313391,0,47,16,43148,realDonaldTrump
2019-07-27,33435,62346826,0,47,15,43163,realDonaldTrump
2019-07-28,30086,62376912,0,47,24,43187,realDonaldTrump
2019-07-29,21236,62398148,0,47,14,43201,realDonaldTrump
2019-07-30,35848,62433996,0,47,47,43248,realDonaldTrump
2019-07-31,19036,62453032,0,47,3,43251,realDonaldTrump
2019-08-01,37967,62490999,0,47,20,43271,realDonaldTrump
2019-08-02,41701,62532700,0,47,16,43287,realDonaldTrump
2019-08-03,47970,62580670,0,47,9,43296,realDonaldTrump
2019-08-04,49924,62630594,0,47,17,43313,realDonaldTrump
2019-08-05,57619,62688213,0,47,4,43317,realDonaldTrump
2019-08-06,48925,62737138,0,47,14,43331,realDonaldTrump
2019-08-07,49864,62787002,0,47,15,43346,realDonaldTrump
2019-08-08,44198,62831200,0,47,25,43371,realDonaldTrump
2019-08-09,41541,62872741,0,47,11,43382,realDonaldTrump
2019-08-10,37498,62910239,0,47,8,43390,realDonaldTrump
2019-08-11,37320,62947559,0,47,13,43403,realDonaldTrump
2019-08-12,39029,62986588,0,47,9,43412,realDonaldTrump
2019-08-13,35225,63021813,0,47,13,43425,realDonaldTrump
2019-08-14,48189,63070002,0,47,48,43473,realDonaldTrump
2019-08-15,41320,63111322,0,47,15,43488,realDonaldTrump
2019-08-16,31608,63142930,0,47,35,43523,realDonaldTrump
2019-08-17,41599,63184529,0,47,25,43548,realDonaldTrump
2019-08-18,28886,63213415,0,47,31,43579,realDonaldTrump
2019-08-19,29856,63243271,0,47,20,43599,realDonaldTrump
2019-08-20,28748,63272019,0,47,14,43613,realDonaldTrump
2019-08-21,37436,63309455,0,47,31,43644,realDonaldTrump
2019-08-22,66899,63376354,0,47,35,43679,realDonaldTrump
2019-08-23,-4257,63372097,0,47,27,43706,realDonaldTrump
2019-08-24,69019,63441116,0,47,37,43743,realDonaldTrump
