Date,Daily Followers Gained,Total Follower Count,Daily Followed Users,Total Followed Users,Daily Tweets Posted,Total Tweets Posted,Name
2016-11-16,226,84392,1,3155,0,6084,TulsiGabbard
2016-11-17,141,84533,0,3155,4,6088,TulsiGabbard
2016-11-18,219,84752,0,3155,1,6089,TulsiGabbard
2016-11-19,205,84957,-2,3153,8,6097,TulsiGabbard
2016-11-20,134,85091,0,3153,0,6097,TulsiGabbard
2016-11-21,56,85147,0,3153,0,6097,TulsiGabbard
2016-11-22,5753,90900,1,3154,8,6105,TulsiGabbard
2016-11-23,796,91696,2,3156,2,6107,TulsiGabbard
2016-11-24,1317,93013,1,3157,6,6113,TulsiGabbard
2016-11-25,339,93352,1,3158,1,6114,TulsiGabbard
2016-11-26,328,93680,1,3159,5,6119,TulsiGabbard
2016-11-27,728,94408,-1,3158,5,6124,TulsiGabbard
2016-11-28,294,94702,0,3158,1,6125,TulsiGabbard
2016-11-29,707,95409,8,3166,9,6134,TulsiGabbard
2016-11-30,398,95807,0,3166,11,6145,TulsiGabbard
2016-12-01,252,96059,1,3167,7,6152,TulsiGabbard
2016-12-02,493,96552,1,3168,7,6159,TulsiGabbard
2016-12-03,1457,98009,1,3169,2,6161,TulsiGabbard
2016-12-04,1836,99845,0,3169,12,6173,TulsiGabbard
2016-12-05,379,100224,0,3169,2,6175,TulsiGabbard
2016-12-06,571,100795,1,3170,2,6177,TulsiGabbard
2016-12-07,194,100989,0,3170,2,6179,TulsiGabbard
2016-12-08,339,101328,-1,3169,4,6183,TulsiGabbard
2016-12-09,125,101453,0,3169,0,6183,TulsiGabbard
2016-12-10,294,101747,0,3169,9,6192,TulsiGabbard
2016-12-11,667,102414,3,3172,8,6200,TulsiGabbard
2016-12-12,618,103032,-3,3169,8,6208,TulsiGabbard
2016-12-13,272,103304,1,3170,5,6213,TulsiGabbard
2016-12-14,101,103405,1,3171,4,6217,TulsiGabbard
2016-12-15,745,104150,0,3171,3,6220,TulsiGabbard
2016-12-16,271,104421,3,3174,5,6225,TulsiGabbard
2016-12-17,927,105348,0,3174,10,6235,TulsiGabbard
2016-12-18,720,106068,-1,3173,5,6240,TulsiGabbard
2016-12-19,351,106419,0,3173,3,6243,TulsiGabbard
2016-12-20,172,106591,1,3174,2,6245,TulsiGabbard
2016-12-21,74,106665,0,3174,7,6252,TulsiGabbard
2016-12-22,53,106718,1,3175,0,6252,TulsiGabbard
2016-12-23,31,106749,0,3175,0,6252,TulsiGabbard
2016-12-24,57,106806,0,3175,-1,6251,TulsiGabbard
2016-12-25,34,106840,0,3175,0,6251,TulsiGabbard
2016-12-26,61,106901,-1,3174,2,6253,TulsiGabbard
2016-12-27,8,106909,0,3174,0,6253,TulsiGabbard
2016-12-28,71,106980,0,3174,6,6259,TulsiGabbard
2016-12-29,184,107164,0,3174,4,6263,TulsiGabbard
2016-12-30,225,107389,0,3174,3,6266,TulsiGabbard
2016-12-31,179,107568,2,3176,8,6274,TulsiGabbard
2017-01-01,49,107617,0,3176,2,6276,TulsiGabbard
2017-01-02,47,107664,-1,3175,1,6277,TulsiGabbard
2017-01-03,216,107880,-1,3174,5,6282,TulsiGabbard
2017-01-04,94,107974,0,3174,2,6284,TulsiGabbard
2017-01-05,210,108184,1,3175,4,6288,TulsiGabbard
2017-01-06,43,108227,0,3175,3,6291,TulsiGabbard
2017-01-07,55,108282,0,3175,6,6297,TulsiGabbard
2017-01-08,115,108397,1,3176,0,6297,TulsiGabbard
2017-01-09,87,108484,0,3176,4,6301,TulsiGabbard
2017-01-10,115,108599,0,3176,1,6302,TulsiGabbard
2017-01-11,79,108678,0,3176,4,6306,TulsiGabbard
2017-01-12,70,108748,0,3176,1,6307,TulsiGabbard
2017-01-13,510,109258,-1,3175,2,6309,TulsiGabbard
2017-01-14,120,109378,0,3175,3,6312,TulsiGabbard
2017-01-15,160,109538,0,3175,0,6312,TulsiGabbard
2017-01-16,430,109968,0,3175,1,6313,TulsiGabbard
2017-01-17,573,110541,-1,3174,2,6315,TulsiGabbard
2017-01-18,301,110842,0,3174,3,6318,TulsiGabbard
2017-01-19,786,111628,0,3174,2,6320,TulsiGabbard
2017-01-20,591,112219,0,3174,1,6321,TulsiGabbard
2017-01-21,541,112760,5,3179,0,6321,TulsiGabbard
2017-01-22,162,112922,0,3179,1,6322,TulsiGabbard
2017-01-23,273,113195,-1,3178,2,6324,TulsiGabbard
2017-01-24,252,113447,-1,3177,2,6326,TulsiGabbard
2017-01-25,209,113656,0,3177,-2,6324,TulsiGabbard
2017-01-26,3710,117366,0,3177,7,6331,TulsiGabbard
2017-01-27,1605,118971,0,3177,7,6338,TulsiGabbard
2017-01-28,1323,120294,0,3177,1,6339,TulsiGabbard
2017-01-29,1207,121501,0,3177,1,6340,TulsiGabbard
2017-01-30,697,122198,-1,3176,-2,6338,TulsiGabbard
2017-01-31,796,122994,-1,3175,0,6338,TulsiGabbard
2017-02-01,415,123409,1,3176,1,6339,TulsiGabbard
2017-02-02,489,123898,0,3176,8,6347,TulsiGabbard
2017-02-03,278,124176,1,3177,3,6350,TulsiGabbard
2017-02-04,347,124523,1,3178,5,6355,TulsiGabbard
2017-02-05,288,124811,0,3178,1,6356,TulsiGabbard
2017-02-06,186,124997,1,3179,6,6362,TulsiGabbard
2017-02-07,241,125238,-1,3178,0,6362,TulsiGabbard
2017-02-08,203,125441,0,3178,0,6362,TulsiGabbard
2017-02-09,300,125741,0,3178,3,6365,TulsiGabbard
2017-02-10,101,125842,0,3178,6,6371,TulsiGabbard
2017-02-11,242,126084,0,3178,4,6375,TulsiGabbard
2017-02-12,248,126332,0,3178,6,6381,TulsiGabbard
2017-02-13,184,126516,0,3178,4,6385,TulsiGabbard
2017-02-14,178,126694,1,3179,4,6389,TulsiGabbard
2017-02-15,262,126956,1,3180,4,6393,TulsiGabbard
2017-02-16,336,127292,0,3180,0,6393,TulsiGabbard
2017-02-17,145,127437,-1,3179,0,6393,TulsiGabbard
2017-02-18,80,127517,-1,3178,4,6397,TulsiGabbard
2017-02-19,107,127624,0,3178,0,6397,TulsiGabbard
2017-02-20,130,127754,-1,3177,5,6402,TulsiGabbard
2017-02-21,65,127819,0,3177,5,6407,TulsiGabbard
2017-02-22,106,127925,0,3177,0,6407,TulsiGabbard
2017-02-23,66,127991,-1,3176,0,6407,TulsiGabbard
2017-02-24,62,128053,0,3176,1,6408,TulsiGabbard
2017-02-25,93,128146,0,3176,2,6410,TulsiGabbard
2017-02-26,139,128285,0,3176,0,6410,TulsiGabbard
2017-02-27,126,128411,0,3176,0,6410,TulsiGabbard
2017-02-28,90,128501,1,3177,2,6412,TulsiGabbard
2017-03-01,148,128649,2,3179,3,6415,TulsiGabbard
2017-03-02,267,128916,0,3179,0,6415,TulsiGabbard
2017-03-03,-4,128912,0,3179,3,6418,TulsiGabbard
2017-03-04,150,129062,0,3179,0,6418,TulsiGabbard
2017-03-05,85,129147,1,3180,1,6419,TulsiGabbard
2017-03-06,42,129189,0,3180,1,6420,TulsiGabbard
2017-03-07,93,129282,0,3180,0,6420,TulsiGabbard
2017-03-08,1943,131225,0,3180,12,6432,TulsiGabbard
2017-03-09,567,131792,0,3180,1,6433,TulsiGabbard
2017-03-10,487,132279,0,3180,2,6435,TulsiGabbard
2017-03-11,178,132457,1,3181,5,6440,TulsiGabbard
2017-03-12,104,132561,0,3181,2,6442,TulsiGabbard
2017-03-13,62,132623,0,3181,2,6444,TulsiGabbard
2017-03-14,139,132762,-1,3180,3,6447,TulsiGabbard
2017-03-15,76,132838,0,3180,2,6449,TulsiGabbard
2017-03-16,48,132886,0,3180,1,6450,TulsiGabbard
2017-03-17,67,132953,0,3180,1,6451,TulsiGabbard
2017-03-18,30,132983,1,3181,0,6451,TulsiGabbard
2017-03-19,42,133025,-1,3180,0,6451,TulsiGabbard
2017-03-20,8,133033,-1,3179,-1,6450,TulsiGabbard
2017-03-21,57,133090,-1,3178,4,6454,TulsiGabbard
2017-03-22,127,133217,0,3178,1,6455,TulsiGabbard
2017-03-23,185,133402,0,3178,1,6456,TulsiGabbard
2017-03-24,149,133551,0,3178,1,6457,TulsiGabbard
2017-03-25,128,133679,1,3179,3,6460,TulsiGabbard
2017-03-26,69,133748,0,3179,0,6460,TulsiGabbard
2017-03-27,23,133771,1,3180,1,6461,TulsiGabbard
2017-03-28,34,133805,0,3180,5,6466,TulsiGabbard
2017-03-29,90,133895,0,3180,1,6467,TulsiGabbard
2017-03-30,128,134023,0,3180,3,6470,TulsiGabbard
2017-03-31,73,134096,0,3180,2,6472,TulsiGabbard
2017-04-01,352,134448,0,3180,0,6472,TulsiGabbard
2017-04-02,152,134600,0,3180,0,6472,TulsiGabbard
2017-04-03,83,134683,0,3180,0,6472,TulsiGabbard
2017-04-04,148,134831,0,3180,2,6474,TulsiGabbard
2017-04-05,151,134982,1,3181,5,6479,TulsiGabbard
2017-04-06,191,135173,0,3181,0,6479,TulsiGabbard
2017-04-07,577,135750,0,3181,3,6482,TulsiGabbard
2017-04-08,1954,137704,0,3181,7,6489,TulsiGabbard
2017-04-09,877,138581,-1,3180,1,6490,TulsiGabbard
2017-04-10,1352,139933,1,3181,6,6496,TulsiGabbard
2017-04-11,1628,141561,0,3181,1,6497,TulsiGabbard
2017-04-12,1669,143230,0,3181,5,6502,TulsiGabbard
2017-04-13,606,143836,0,3181,2,6504,TulsiGabbard
2017-04-14,246,144082,0,3181,3,6507,TulsiGabbard
2017-04-15,315,144397,0,3181,0,6507,TulsiGabbard
2017-04-16,231,144628,0,3181,1,6508,TulsiGabbard
2017-04-17,169,144797,1,3182,0,6508,TulsiGabbard
2017-04-18,126,144923,-1,3181,0,6508,TulsiGabbard
2017-04-19,69,144992,0,3181,0,6508,TulsiGabbard
2017-04-20,92,145084,0,3181,0,6508,TulsiGabbard
2017-04-21,201,145285,0,3181,4,6512,TulsiGabbard
2017-04-22,140,145425,0,3181,3,6515,TulsiGabbard
2017-04-23,81,145506,0,3181,1,6516,TulsiGabbard
2017-04-24,98,145604,0,3181,0,6516,TulsiGabbard
2017-04-25,69,145673,0,3181,0,6516,TulsiGabbard
2017-04-26,39,145712,0,3181,0,6516,TulsiGabbard
2017-04-27,128,145840,0,3181,2,6518,TulsiGabbard
2017-04-28,89,145929,0,3181,0,6518,TulsiGabbard
2017-04-29,78,146007,0,3181,1,6519,TulsiGabbard
2017-04-30,25,146032,0,3181,2,6521,TulsiGabbard
2017-05-01,50,146082,0,3181,0,6521,TulsiGabbard
2017-05-02,63,146145,0,3181,3,6524,TulsiGabbard
2017-05-03,139,146284,0,3181,0,6524,TulsiGabbard
2017-05-04,107,146391,1,3182,3,6527,TulsiGabbard
2017-05-05,122,146513,0,3182,2,6529,TulsiGabbard
2017-05-06,113,146626,1,3183,2,6531,TulsiGabbard
2017-05-07,65,146691,3,3186,0,6531,TulsiGabbard
2017-05-08,27,146718,0,3186,1,6532,TulsiGabbard
2017-05-09,53,146771,0,3186,1,6533,TulsiGabbard
2017-05-10,65,146836,0,3186,2,6535,TulsiGabbard
2017-05-11,111,146947,0,3186,2,6537,TulsiGabbard
2017-05-12,51,146998,0,3186,0,6537,TulsiGabbard
2017-05-13,68,147066,0,3186,2,6539,TulsiGabbard
2017-05-14,57,147123,0,3186,0,6539,TulsiGabbard
2017-05-15,47,147170,2,3188,0,6539,TulsiGabbard
2017-05-16,20,147190,-1,3187,1,6540,TulsiGabbard
2017-05-17,51,147241,-1,3186,0,6540,TulsiGabbard
2017-05-18,82,147323,0,3186,7,6547,TulsiGabbard
2017-05-19,146,147469,0,3186,0,6547,TulsiGabbard
2017-05-20,1441,148910,0,3186,3,6550,TulsiGabbard
2017-05-21,1119,150029,0,3186,4,6554,TulsiGabbard
2017-05-22,1071,151100,2,3188,5,6559,TulsiGabbard
2017-05-23,381,151481,-1,3187,2,6561,TulsiGabbard
2017-05-24,128,151609,0,3187,0,6561,TulsiGabbard
2017-05-25,45,151654,0,3187,0,6561,TulsiGabbard
2017-05-26,113,151767,1,3188,4,6565,TulsiGabbard
2017-05-27,87,151854,1,3189,3,6568,TulsiGabbard
2017-05-28,46,151900,0,3189,2,6570,TulsiGabbard
2017-05-29,211,152111,0,3189,6,6576,TulsiGabbard
2017-05-30,235,152346,-1,3188,2,6578,TulsiGabbard
2017-05-31,40,152386,0,3188,3,6581,TulsiGabbard
2017-06-01,188,152574,0,3188,0,6581,TulsiGabbard
2017-06-02,69,152643,0,3188,1,6582,TulsiGabbard
2017-06-03,9,152652,0,3188,0,6582,TulsiGabbard
2017-06-04,49,152701,4,3192,2,6584,TulsiGabbard
2017-06-05,52,152753,-1,3191,1,6585,TulsiGabbard
2017-06-06,84,152837,0,3191,0,6585,TulsiGabbard
2017-06-07,77,152914,0,3191,2,6587,TulsiGabbard
2017-06-08,92,153006,0,3191,5,6592,TulsiGabbard
2017-06-09,45,153051,0,3191,1,6593,TulsiGabbard
2017-06-10,-21,153030,-1,3190,5,6598,TulsiGabbard
2017-06-11,44,153074,0,3190,2,6600,TulsiGabbard
2017-06-12,89,153163,0,3190,2,6602,TulsiGabbard
2017-06-13,25,153188,0,3190,0,6602,TulsiGabbard
2017-06-14,154,153342,1,3191,5,6607,TulsiGabbard
2017-06-15,87,153429,0,3191,3,6610,TulsiGabbard
2017-06-16,76,153505,0,3191,7,6617,TulsiGabbard
2017-06-17,1,153506,0,3191,2,6619,TulsiGabbard
2017-06-18,41,153547,0,3191,1,6620,TulsiGabbard
2017-06-19,37,153584,0,3191,0,6620,TulsiGabbard
2017-06-20,80,153664,0,3191,0,6620,TulsiGabbard
2017-06-21,67,153731,0,3191,1,6621,TulsiGabbard
2017-06-22,83,153814,0,3191,1,6622,TulsiGabbard
2017-06-23,93,153907,0,3191,3,6625,TulsiGabbard
2017-06-24,78,153985,-1,3190,1,6626,TulsiGabbard
2017-06-25,72,154057,-1,3189,0,6626,TulsiGabbard
2017-06-26,42,154099,2,3191,0,6626,TulsiGabbard
2017-06-27,236,154335,0,3191,0,6626,TulsiGabbard
2017-06-28,119,154454,0,3191,1,6627,TulsiGabbard
2017-06-29,79,154533,0,3191,0,6627,TulsiGabbard
2017-06-30,46,154579,-1,3190,0,6627,TulsiGabbard
2017-07-01,89,154668,2,3192,1,6628,TulsiGabbard
2017-07-02,39,154707,0,3192,0,6628,TulsiGabbard
2017-07-03,34,154741,0,3192,2,6630,TulsiGabbard
2017-07-04,17,154758,0,3192,0,6630,TulsiGabbard
2017-07-05,13,154771,0,3192,3,6633,TulsiGabbard
2017-07-06,41,154812,0,3192,1,6634,TulsiGabbard
2017-07-07,54,154866,0,3192,1,6635,TulsiGabbard
2017-07-08,45,154911,0,3192,0,6635,TulsiGabbard
2017-07-09,68,154979,0,3192,1,6636,TulsiGabbard
2017-07-10,81,155060,0,3192,0,6636,TulsiGabbard
2017-07-11,102,155162,-1,3191,1,6637,TulsiGabbard
2017-07-12,77,155239,0,3191,3,6640,TulsiGabbard
2017-07-13,84,155323,0,3191,1,6641,TulsiGabbard
2017-07-14,40,155363,0,3191,0,6641,TulsiGabbard
2017-07-15,52,155415,-1,3190,0,6641,TulsiGabbard
2017-07-16,20,155435,0,3190,2,6643,TulsiGabbard
2017-07-17,52,155487,0,3190,0,6643,TulsiGabbard
2017-07-18,18,155505,0,3190,11,6654,TulsiGabbard
2017-07-19,87,155592,0,3190,4,6658,TulsiGabbard
2017-07-20,77,155669,0,3190,1,6659,TulsiGabbard
2017-07-21,23,155692,0,3190,0,6659,TulsiGabbard
2017-07-22,68,155760,1,3191,0,6659,TulsiGabbard
2017-07-23,33,155793,0,3191,0,6659,TulsiGabbard
2017-07-24,69,155862,2,3193,0,6659,TulsiGabbard
2017-07-25,552,156414,1,3194,0,6659,TulsiGabbard
2017-07-26,276,156690,0,3194,0,6659,TulsiGabbard
2017-07-27,105,156795,-1,3193,0,6659,TulsiGabbard
2017-07-28,63,156858,0,3193,2,6661,TulsiGabbard
2017-07-29,61,156919,0,3193,0,6661,TulsiGabbard
2017-07-30,42,156961,2,3195,0,6661,TulsiGabbard
2017-07-31,48,157009,2,3197,4,6665,TulsiGabbard
2017-08-01,83,157092,0,3197,1,6666,TulsiGabbard
2017-08-02,63,157155,0,3197,0,6666,TulsiGabbard
2017-08-03,25,157180,0,3197,1,6667,TulsiGabbard
2017-08-04,50,157230,0,3197,0,6667,TulsiGabbard
2017-08-05,44,157274,0,3197,0,6667,TulsiGabbard
2017-08-06,39,157313,1,3198,0,6667,TulsiGabbard
2017-08-08,44,157357,0,3198,4,6671,TulsiGabbard
2017-08-09,18,157375,-1,3197,0,6671,TulsiGabbard
2017-08-10,34,157409,0,3197,0,6671,TulsiGabbard
2017-08-11,49,157458,1,3198,0,6671,TulsiGabbard
2017-08-12,70,157528,0,3198,1,6672,TulsiGabbard
2017-08-13,105,157633,0,3198,3,6675,TulsiGabbard
2017-08-14,121,157754,1,3199,0,6675,TulsiGabbard
2017-08-15,69,157823,0,3199,0,6675,TulsiGabbard
2017-08-16,49,157872,0,3199,1,6676,TulsiGabbard
2017-08-17,30,157902,0,3199,0,6676,TulsiGabbard
2017-08-18,38,157940,0,3199,0,6676,TulsiGabbard
2017-08-19,54,157994,0,3199,2,6678,TulsiGabbard
2017-08-20,27,158021,0,3199,0,6678,TulsiGabbard
2017-08-21,53,158074,0,3199,2,6680,TulsiGabbard
2017-08-22,26,158100,0,3199,0,6680,TulsiGabbard
2017-08-23,4,158104,0,3199,2,6682,TulsiGabbard
2017-08-24,43,158147,0,3199,0,6682,TulsiGabbard
2017-08-25,20,158167,0,3199,0,6682,TulsiGabbard
2017-08-26,30,158197,0,3199,2,6684,TulsiGabbard
2017-08-27,40,158237,0,3199,1,6685,TulsiGabbard
2017-08-28,-21,158216,0,3199,0,6685,TulsiGabbard
2017-08-29,16,158232,0,3199,1,6686,TulsiGabbard
2017-08-30,11,158243,0,3199,1,6687,TulsiGabbard
2017-08-31,9,158252,0,3199,0,6687,TulsiGabbard
2017-09-01,4,158256,0,3199,3,6690,TulsiGabbard
2017-09-02,44,158300,0,3199,2,6692,TulsiGabbard
2017-09-03,29,158329,0,3199,1,6693,TulsiGabbard
2017-09-04,9,158338,0,3199,0,6693,TulsiGabbard
2017-09-05,35,158373,0,3199,0,6693,TulsiGabbard
2017-09-06,53,158426,0,3199,3,6696,TulsiGabbard
2017-09-07,28,158454,-1,3198,1,6697,TulsiGabbard
2017-09-08,26,158480,0,3198,2,6699,TulsiGabbard
2017-09-09,33,158513,0,3198,0,6699,TulsiGabbard
2017-09-10,34,158547,0,3198,0,6699,TulsiGabbard
2017-09-11,35,158582,2,3200,3,6702,TulsiGabbard
2017-09-12,33,158615,0,3200,5,6707,TulsiGabbard
2017-09-13,79,158694,1,3201,6,6713,TulsiGabbard
2017-09-14,59,158753,0,3201,11,6724,TulsiGabbard
2017-09-15,232,158985,-1,3200,0,6724,TulsiGabbard
2017-09-16,39,159024,0,3200,2,6726,TulsiGabbard
2017-09-17,24,159048,0,3200,1,6727,TulsiGabbard
2017-09-18,17,159065,0,3200,2,6729,TulsiGabbard
2017-09-19,20,159085,0,3200,2,6731,TulsiGabbard
2017-09-20,21,159106,0,3200,3,6734,TulsiGabbard
2017-09-21,11,159117,1,3201,3,6737,TulsiGabbard
2017-09-22,115,159232,0,3201,8,6745,TulsiGabbard
2017-09-23,32,159264,0,3201,7,6752,TulsiGabbard
2017-09-24,48,159312,0,3201,9,6761,TulsiGabbard
2017-09-25,78,159390,0,3201,4,6765,TulsiGabbard
2017-09-26,32,159422,0,3201,9,6774,TulsiGabbard
2017-09-27,25,159447,17,3218,7,6781,TulsiGabbard
2017-09-28,92,159539,0,3218,11,6792,TulsiGabbard
2017-09-29,46,159585,1,3219,11,6803,TulsiGabbard
2017-09-30,15,159600,0,3219,9,6812,TulsiGabbard
2017-10-01,-48,159552,1,3220,13,6825,TulsiGabbard
2017-10-02,18,159570,1,3221,8,6833,TulsiGabbard
2017-10-03,86,159656,0,3221,2,6835,TulsiGabbard
2017-10-04,48,159704,0,3221,2,6837,TulsiGabbard
2017-10-05,27,159731,0,3221,5,6842,TulsiGabbard
2017-10-06,18,159749,0,3221,6,6848,TulsiGabbard
2017-10-07,21,159770,0,3221,6,6854,TulsiGabbard
2017-10-08,29,159799,0,3221,0,6854,TulsiGabbard
2017-10-09,16,159815,0,3221,0,6854,TulsiGabbard
2017-10-10,44,159859,4,3225,10,6864,TulsiGabbard
2017-10-11,60,159919,0,3225,10,6874,TulsiGabbard
2017-10-12,131,160050,4,3229,15,6889,TulsiGabbard
2017-10-13,40,160090,0,3229,10,6899,TulsiGabbard
2017-10-14,44,160134,1,3230,10,6909,TulsiGabbard
2017-10-15,51,160185,0,3230,13,6922,TulsiGabbard
2017-10-16,48,160233,0,3230,7,6929,TulsiGabbard
2017-10-17,4,160237,0,3230,6,6935,TulsiGabbard
2017-10-18,127,160364,0,3230,6,6941,TulsiGabbard
2017-10-19,126,160490,1,3231,7,6948,TulsiGabbard
2017-10-20,94,160584,-1,3230,5,6953,TulsiGabbard
2017-10-21,11,160595,1,3231,4,6957,TulsiGabbard
2017-10-22,1,160596,0,3231,1,6958,TulsiGabbard
2017-10-23,27,160623,0,3231,1,6959,TulsiGabbard
2017-10-24,107,160730,0,3231,5,6964,TulsiGabbard
2017-10-25,56,160786,0,3231,5,6969,TulsiGabbard
2017-10-26,75,160861,0,3231,4,6973,TulsiGabbard
2017-10-27,39,160900,0,3231,6,6979,TulsiGabbard
2017-10-28,60,160960,0,3231,11,6990,TulsiGabbard
2017-10-29,55,161015,2,3233,3,6993,TulsiGabbard
2017-10-30,50,161065,-1,3232,7,7000,TulsiGabbard
2017-10-31,290,161355,0,3232,7,7007,TulsiGabbard
2017-11-01,116,161471,0,3232,8,7015,TulsiGabbard
2017-11-02,340,161811,0,3232,5,7020,TulsiGabbard
2017-11-03,168,161979,0,3232,6,7026,TulsiGabbard
2017-11-04,451,162430,0,3232,9,7035,TulsiGabbard
2017-11-05,252,162682,0,3232,0,7035,TulsiGabbard
2017-11-06,190,162872,0,3232,3,7038,TulsiGabbard
2017-11-07,126,162998,0,3232,6,7044,TulsiGabbard
2017-11-08,98,163096,0,3232,9,7053,TulsiGabbard
2017-11-09,149,163245,0,3232,10,7063,TulsiGabbard
2017-11-10,76,163321,0,3232,7,7070,TulsiGabbard
2017-11-11,322,163643,0,3232,11,7081,TulsiGabbard
2017-11-12,95,163738,0,3232,2,7083,TulsiGabbard
2017-11-13,37,163775,0,3232,0,7083,TulsiGabbard
2017-11-14,52,163827,0,3232,4,7087,TulsiGabbard
2017-11-15,30,163857,0,3232,5,7092,TulsiGabbard
2017-11-16,39,163896,0,3232,5,7097,TulsiGabbard
2017-11-17,57,163953,1,3233,5,7102,TulsiGabbard
2017-11-18,6,163959,-1,3232,9,7111,TulsiGabbard
2017-11-19,41,164000,0,3232,8,7119,TulsiGabbard
2017-11-20,35,164035,0,3232,3,7122,TulsiGabbard
2017-11-21,98,164133,0,3232,7,7129,TulsiGabbard
2017-11-22,78,164211,0,3232,1,7130,TulsiGabbard
2017-11-23,255,164466,0,3232,7,7137,TulsiGabbard
2017-11-24,42,164508,0,3232,1,7138,TulsiGabbard
2017-11-25,34,164542,0,3232,1,7139,TulsiGabbard
2017-11-26,36,164578,0,3232,0,7139,TulsiGabbard
2017-11-27,19,164597,0,3232,5,7144,TulsiGabbard
2017-11-28,68,164665,0,3232,7,7151,TulsiGabbard
2017-11-29,231,164896,0,3232,2,7153,TulsiGabbard
2017-11-30,275,165171,5,3237,10,7163,TulsiGabbard
2017-12-01,175,165346,0,3237,5,7168,TulsiGabbard
2017-12-02,127,165473,0,3237,5,7173,TulsiGabbard
2017-12-03,35,165508,0,3237,12,7185,TulsiGabbard
2017-12-04,28,165536,0,3237,1,7186,TulsiGabbard
2017-12-05,35,165571,0,3237,5,7191,TulsiGabbard
2017-12-06,37,165608,0,3237,8,7199,TulsiGabbard
2017-12-07,24,165632,1,3238,10,7209,TulsiGabbard
2017-12-08,22,165654,0,3238,10,7219,TulsiGabbard
2017-12-09,19,165673,0,3238,3,7222,TulsiGabbard
2017-12-10,46,165719,0,3238,2,7224,TulsiGabbard
2017-12-11,-2,165717,0,3238,1,7225,TulsiGabbard
2017-12-16,273,165990,-1,3237,29,7254,TulsiGabbard
2017-12-17,13,166003,0,3237,0,7254,TulsiGabbard
2017-12-18,-18,165985,0,3237,1,7255,TulsiGabbard
2017-12-19,-17,165968,0,3237,3,7258,TulsiGabbard
2017-12-20,39,166007,-1,3236,7,7265,TulsiGabbard
2017-12-21,3,166010,0,3236,2,7267,TulsiGabbard
2017-12-22,7,166017,0,3236,1,7268,TulsiGabbard
2017-12-23,22,166039,0,3236,0,7268,TulsiGabbard
2017-12-24,-7,166032,-1,3235,2,7270,TulsiGabbard
2017-12-25,17,166049,0,3235,0,7270,TulsiGabbard
2017-12-26,9,166058,0,3235,1,7271,TulsiGabbard
2017-12-27,38,166096,-1,3234,2,7273,TulsiGabbard
2017-12-28,38,166134,0,3234,2,7275,TulsiGabbard
2017-12-29,41,166175,1,3235,3,7278,TulsiGabbard
2017-12-30,29,166204,0,3235,4,7282,TulsiGabbard
2017-12-31,29,166233,-1,3234,2,7284,TulsiGabbard
2018-01-01,-29,166204,0,3234,0,7284,TulsiGabbard
2018-01-02,27,166231,-1,3233,1,7285,TulsiGabbard
2018-01-03,125,166356,-1,3232,3,7288,TulsiGabbard
2018-01-04,56,166412,1,3233,-1,7287,TulsiGabbard
2018-01-05,191,166603,1,3234,9,7296,TulsiGabbard
2018-01-06,45,166648,0,3234,2,7298,TulsiGabbard
2018-01-07,28,166676,2,3236,7,7305,TulsiGabbard
2018-01-08,44,166720,0,3236,1,7306,TulsiGabbard
2018-01-09,62,166782,3,3239,10,7316,TulsiGabbard
2018-01-10,98,166880,0,3239,4,7320,TulsiGabbard
2018-01-11,89,166969,1,3240,12,7332,TulsiGabbard
2018-01-12,58,167027,0,3240,4,7336,TulsiGabbard
2018-01-13,2416,169443,2,3242,8,7344,TulsiGabbard
2018-01-14,5611,175054,-1,3241,7,7351,TulsiGabbard
2018-01-15,1336,176390,-1,3240,6,7357,TulsiGabbard
2018-01-16,554,176944,0,3240,3,7360,TulsiGabbard
2018-01-17,517,177461,-1,3239,7,7367,TulsiGabbard
2018-01-18,426,177887,1,3240,6,7373,TulsiGabbard
2018-01-19,214,178101,0,3240,5,7378,TulsiGabbard
2018-01-20,100,178201,3,3243,5,7383,TulsiGabbard
2018-01-21,145,178346,2,3245,4,7387,TulsiGabbard
2018-01-22,104,178450,0,3245,1,7388,TulsiGabbard
2018-01-23,19,178469,1,3246,12,7400,TulsiGabbard
2018-01-24,80,178549,0,3246,5,7405,TulsiGabbard
2018-01-25,83,178632,0,3246,5,7410,TulsiGabbard
2018-01-26,59,178691,0,3246,3,7413,TulsiGabbard
2018-01-27,30,178721,0,3246,4,7417,TulsiGabbard
2018-01-28,16,178737,-1,3245,1,7418,TulsiGabbard
2018-01-29,-2,178735,0,3245,3,7421,TulsiGabbard
2018-01-30,21,178756,0,3245,5,7426,TulsiGabbard
2018-01-31,55,178811,0,3245,1,7427,TulsiGabbard
2018-02-01,34,178845,1,3246,6,7433,TulsiGabbard
2018-02-02,13,178858,-1,3245,7,7440,TulsiGabbard
2018-02-03,55,178913,0,3245,2,7442,TulsiGabbard
2018-02-04,28,178941,0,3245,0,7442,TulsiGabbard
2018-02-05,-13,178928,0,3245,6,7448,TulsiGabbard
2018-02-06,5,178933,0,3245,3,7451,TulsiGabbard
2018-02-07,0,178933,0,3245,4,7455,TulsiGabbard
2018-02-08,1,178934,-2,3243,6,7461,TulsiGabbard
2018-02-09,24,178958,0,3243,4,7465,TulsiGabbard
2018-02-10,0,178958,1,3244,0,7465,TulsiGabbard
2018-02-11,44,179002,0,3244,4,7469,TulsiGabbard
2018-02-12,12,179014,0,3244,2,7471,TulsiGabbard
2018-02-13,-4,179010,0,3244,0,7471,TulsiGabbard
2018-02-14,11,179021,0,3244,1,7472,TulsiGabbard
2018-02-15,4,179025,-1,3243,1,7473,TulsiGabbard
2018-02-16,11,179036,0,3243,4,7477,TulsiGabbard
2018-02-17,10,179046,-1,3242,1,7478,TulsiGabbard
2018-02-18,23,179069,0,3242,0,7478,TulsiGabbard
2018-02-19,-16,179053,2,3244,12,7490,TulsiGabbard
2018-02-20,11,179064,1,3245,1,7491,TulsiGabbard
2018-02-21,-83,178981,1,3246,3,7494,TulsiGabbard
2018-02-22,100,179081,0,3246,3,7497,TulsiGabbard
2018-02-23,49,179130,0,3246,5,7502,TulsiGabbard
2018-02-24,49,179179,0,3246,0,7502,TulsiGabbard
2018-02-25,25,179204,-1,3245,0,7502,TulsiGabbard
2018-02-26,28,179232,1,3246,0,7502,TulsiGabbard
2018-02-27,13,179245,0,3246,1,7503,TulsiGabbard
2018-02-28,97,179342,0,3246,3,7506,TulsiGabbard
2018-03-01,92,179434,1,3247,3,7509,TulsiGabbard
2018-03-02,60,179494,0,3247,0,7509,TulsiGabbard
2018-03-03,-6,179488,0,3247,2,7511,TulsiGabbard
2018-03-04,8,179496,0,3247,4,7515,TulsiGabbard
2018-03-05,32,179528,0,3247,0,7515,TulsiGabbard
2018-03-06,21,179549,-1,3246,0,7515,TulsiGabbard
2018-03-07,20,179569,0,3246,9,7524,TulsiGabbard
2018-03-08,33,179602,1,3247,5,7529,TulsiGabbard
2018-03-09,34,179636,0,3247,6,7535,TulsiGabbard
2018-03-10,18,179654,0,3247,5,7540,TulsiGabbard
2018-03-11,32,179686,0,3247,0,7540,TulsiGabbard
2018-03-12,25,179711,0,3247,1,7541,TulsiGabbard
2018-03-13,10,179721,0,3247,2,7543,TulsiGabbard
2018-03-14,26,179747,1,3248,1,7544,TulsiGabbard
2018-03-15,9,179756,0,3248,8,7552,TulsiGabbard
2018-03-16,20,179776,0,3248,1,7553,TulsiGabbard
2018-03-17,18,179794,1,3249,2,7555,TulsiGabbard
2018-03-18,18,179812,0,3249,0,7555,TulsiGabbard
2018-03-19,8,179820,0,3249,0,7555,TulsiGabbard
2018-03-20,21,179841,0,3249,1,7556,TulsiGabbard
2018-03-21,73,179914,6,3255,9,7565,TulsiGabbard
2018-03-22,48,179962,0,3255,2,7567,TulsiGabbard
2018-03-23,134,180096,-1,3254,4,7571,TulsiGabbard
2018-03-24,56,180152,-1,3253,3,7574,TulsiGabbard
2018-03-25,18,180170,-1,3252,0,7574,TulsiGabbard
2018-03-26,-41,180129,-1,3251,2,7576,TulsiGabbard
2018-03-27,-6,180123,0,3251,1,7577,TulsiGabbard
2018-03-28,-2,180121,1,3252,0,7577,TulsiGabbard
2018-03-29,-4,180117,0,3252,1,7578,TulsiGabbard
2018-03-30,-10,180107,0,3252,1,7579,TulsiGabbard
2018-03-31,-15,180092,0,3252,0,7579,TulsiGabbard
2018-04-01,9,180101,0,3252,0,7579,TulsiGabbard
2018-04-02,-14,180087,0,3252,0,7579,TulsiGabbard
2018-04-03,-1,180086,0,3252,2,7581,TulsiGabbard
2018-04-04,2,180088,0,3252,0,7581,TulsiGabbard
2018-04-05,-21,180067,0,3252,2,7583,TulsiGabbard
2018-04-06,30,180097,0,3252,3,7586,TulsiGabbard
2018-04-07,7,180104,2,3254,1,7587,TulsiGabbard
2018-04-08,32,180136,0,3254,2,7589,TulsiGabbard
2018-04-09,14,180150,0,3254,0,7589,TulsiGabbard
2018-04-10,28,180178,-1,3253,0,7589,TulsiGabbard
2018-04-11,21,180199,0,3253,2,7591,TulsiGabbard
2018-04-12,221,180420,0,3253,5,7596,TulsiGabbard
2018-04-13,499,180919,0,3253,7,7603,TulsiGabbard
2018-04-14,766,181685,4,3257,3,7606,TulsiGabbard
2018-04-15,243,181928,0,3257,1,7607,TulsiGabbard
2018-04-16,137,182065,1,3258,2,7609,TulsiGabbard
2018-04-17,74,182139,0,3258,1,7610,TulsiGabbard
2018-04-18,25,182164,1,3259,4,7614,TulsiGabbard
2018-04-19,-8,182156,0,3259,0,7614,TulsiGabbard
2018-04-20,29,182185,0,3259,2,7616,TulsiGabbard
2018-04-21,1,182186,0,3259,1,7617,TulsiGabbard
2018-04-22,35,182221,0,3259,0,7617,TulsiGabbard
2018-04-23,-15,182206,0,3259,1,7618,TulsiGabbard
2018-04-24,-10,182196,1,3260,0,7618,TulsiGabbard
2018-04-25,10,182206,-2,3258,2,7620,TulsiGabbard
2018-04-26,-16,182190,0,3258,4,7624,TulsiGabbard
2018-04-27,-31,182159,-1,3257,2,7626,TulsiGabbard
2018-04-28,17,182176,-1,3256,0,7626,TulsiGabbard
2018-04-29,-33,182143,2,3258,14,7640,TulsiGabbard
2018-04-30,-29,182114,-2,3256,1,7641,TulsiGabbard
2018-05-01,-1,182113,0,3256,0,7641,TulsiGabbard
2018-05-02,48,182161,0,3256,4,7645,TulsiGabbard
2018-05-03,17,182178,-1,3255,-2,7643,TulsiGabbard
2018-05-04,-48,182130,1,3256,11,7654,TulsiGabbard
2018-05-05,60,182190,0,3256,5,7659,TulsiGabbard
2018-05-06,25,182215,0,3256,0,7659,TulsiGabbard
2018-05-07,-12,182203,0,3256,1,7660,TulsiGabbard
2018-05-08,-2,182201,0,3256,0,7660,TulsiGabbard
2018-05-09,10,182211,0,3256,6,7666,TulsiGabbard
2018-05-10,13,182224,0,3256,0,7666,TulsiGabbard
2018-05-11,-6,182218,0,3256,0,7666,TulsiGabbard
2018-05-12,-13,182205,0,3256,7,7673,TulsiGabbard
2018-05-13,-4,182201,0,3256,0,7673,TulsiGabbard
2018-05-14,-19,182182,0,3256,2,7675,TulsiGabbard
2018-05-15,20,182202,0,3256,1,7676,TulsiGabbard
2018-05-16,51,182253,0,3256,2,7678,TulsiGabbard
2018-05-17,-45,182208,0,3256,2,7680,TulsiGabbard
2018-05-18,-50,182158,-1,3255,6,7686,TulsiGabbard
2018-05-19,-5,182153,0,3255,1,7687,TulsiGabbard
2018-05-20,-15,182138,0,3255,0,7687,TulsiGabbard
2018-05-21,-9,182129,0,3255,3,7690,TulsiGabbard
2018-05-22,-34,182095,0,3255,11,7701,TulsiGabbard
2018-05-23,-32,182063,0,3255,12,7713,TulsiGabbard
2018-05-24,14,182077,0,3255,0,7713,TulsiGabbard
2018-05-25,-16,182061,0,3255,2,7715,TulsiGabbard
2018-05-26,-16,182045,0,3255,10,7725,TulsiGabbard
2018-05-27,-11,182034,0,3255,0,7725,TulsiGabbard
2018-05-28,-14,182020,-1,3254,2,7727,TulsiGabbard
2018-05-29,16,182036,0,3254,6,7733,TulsiGabbard
2018-05-30,-16,182020,-1,3253,1,7734,TulsiGabbard
2018-05-31,-18,182002,0,3253,1,7735,TulsiGabbard
2018-06-01,-9,181993,0,3253,0,7735,TulsiGabbard
2018-06-02,0,181993,2,3255,6,7741,TulsiGabbard
2018-06-03,-5,181988,2,3257,0,7741,TulsiGabbard
2018-06-04,-13,181975,2,3259,1,7742,TulsiGabbard
2018-06-05,25,182000,2,3261,4,7746,TulsiGabbard
2018-06-06,37,182037,4,3265,9,7755,TulsiGabbard
2018-06-07,-16,182021,-1,3264,2,7757,TulsiGabbard
2018-06-08,189,182210,3,3267,4,7761,TulsiGabbard
2018-06-09,19,182229,1,3268,9,7770,TulsiGabbard
2018-06-10,-12,182217,0,3268,20,7790,TulsiGabbard
2018-06-11,16,182233,0,3268,1,7791,TulsiGabbard
2018-06-12,89,182322,1,3269,5,7796,TulsiGabbard
2018-06-13,42,182364,8,3277,8,7804,TulsiGabbard
2018-06-14,12,182376,1,3278,2,7806,TulsiGabbard
2018-06-15,-12,182364,0,3278,0,7806,TulsiGabbard
2018-06-16,-7,182357,0,3278,1,7807,TulsiGabbard
2018-06-17,3,182360,0,3278,0,7807,TulsiGabbard
2018-06-18,-5,182355,0,3278,0,7807,TulsiGabbard
2018-06-19,-30,182325,0,3278,1,7808,TulsiGabbard
2018-06-20,-3,182322,0,3278,0,7808,TulsiGabbard
2018-06-21,-11,182311,0,3278,3,7811,TulsiGabbard
2018-06-22,-7,182304,0,3278,2,7813,TulsiGabbard
2018-06-23,6,182310,0,3278,2,7815,TulsiGabbard
2018-06-24,10,182320,0,3278,0,7815,TulsiGabbard
2018-06-25,-19,182301,0,3278,1,7816,TulsiGabbard
2018-06-26,25,182326,-1,3277,6,7822,TulsiGabbard
2018-06-27,28,182354,0,3277,5,7827,TulsiGabbard
2018-06-28,78,182432,0,3277,3,7830,TulsiGabbard
2018-06-29,129,182561,0,3277,1,7831,TulsiGabbard
2018-06-30,-5,182556,-1,3276,1,7832,TulsiGabbard
2018-07-01,41,182597,0,3276,1,7833,TulsiGabbard
2018-07-02,40,182637,0,3276,2,7835,TulsiGabbard
2018-07-03,-1,182636,4,3280,8,7843,TulsiGabbard
2018-07-04,-1,182635,0,3280,0,7843,TulsiGabbard
2018-07-05,-9,182626,0,3280,4,7847,TulsiGabbard
2018-07-06,-3,182623,0,3280,0,7847,TulsiGabbard
2018-07-07,-8,182615,0,3280,1,7848,TulsiGabbard
2018-07-08,-7,182608,0,3280,0,7848,TulsiGabbard
2018-07-09,-8,182600,0,3280,1,7849,TulsiGabbard
2018-07-10,-1,182599,1,3281,2,7851,TulsiGabbard
2018-07-11,-20,182579,1,3282,3,7854,TulsiGabbard
2018-07-12,-34,182545,1,3283,7,7861,TulsiGabbard
2018-07-13,-632,181913,1,3284,1,7862,TulsiGabbard
2018-07-14,-12,181901,0,3284,1,7863,TulsiGabbard
2018-07-15,-1,181900,0,3284,1,7864,TulsiGabbard
2018-07-16,-6,181894,-1,3283,0,7864,TulsiGabbard
2018-07-17,1,181895,0,3283,0,7864,TulsiGabbard
2018-07-18,-20,181875,0,3283,4,7868,TulsiGabbard
2018-07-19,17,181892,0,3283,2,7870,TulsiGabbard
2018-07-20,7,181899,2,3285,2,7872,TulsiGabbard
2018-07-21,9,181908,0,3285,3,7875,TulsiGabbard
2018-07-22,-3,181905,1,3286,0,7875,TulsiGabbard
2018-07-23,48,181953,0,3286,1,7876,TulsiGabbard
2018-07-24,-36,181917,1,3287,1,7877,TulsiGabbard
2018-07-25,5,181922,0,3287,4,7881,TulsiGabbard
2018-07-26,-2,181920,-1,3286,-1,7880,TulsiGabbard
2018-07-27,-37,181883,0,3286,0,7880,TulsiGabbard
2018-07-28,-28,181855,0,3286,1,7881,TulsiGabbard
2018-07-29,-9,181846,0,3286,1,7882,TulsiGabbard
2018-07-30,-31,181815,4,3290,4,7886,TulsiGabbard
2018-07-31,-9,181806,0,3290,-5,7881,TulsiGabbard
2018-08-01,-14,181792,0,3290,0,7881,TulsiGabbard
2018-08-02,-18,181774,0,3290,4,7885,TulsiGabbard
2018-08-03,-27,181747,0,3290,2,7887,TulsiGabbard
2018-08-04,3,181750,0,3290,4,7891,TulsiGabbard
2018-08-05,-3,181747,0,3290,2,7893,TulsiGabbard
2018-08-06,-6,181741,-2,3288,0,7893,TulsiGabbard
2018-08-07,-43,181698,0,3288,5,7898,TulsiGabbard
2018-08-08,-56,181642,0,3288,7,7905,TulsiGabbard
2018-08-09,-12,181630,1,3289,-5,7900,TulsiGabbard
2018-08-10,42,181672,0,3289,7,7907,TulsiGabbard
2018-08-11,-43,181629,0,3289,10,7917,TulsiGabbard
2018-08-12,49,181678,0,3289,2,7919,TulsiGabbard
2018-08-13,182,181860,0,3289,3,7922,TulsiGabbard
2018-08-14,136,181996,0,3289,2,7924,TulsiGabbard
2018-08-15,27,182023,-1,3288,3,7927,TulsiGabbard
2018-08-16,-57,181966,1,3289,1,7928,TulsiGabbard
2018-08-17,-7,181959,0,3289,1,7929,TulsiGabbard
2018-08-18,-12,181947,0,3289,2,7931,TulsiGabbard
2018-08-19,8,181955,-2,3287,2,7933,TulsiGabbard
2018-08-20,-3,181952,0,3287,4,7937,TulsiGabbard
2018-08-21,11,181963,0,3287,0,7937,TulsiGabbard
2018-08-22,18,181981,-2,3285,8,7945,TulsiGabbard
2018-08-23,13,181994,1,3286,8,7953,TulsiGabbard
2018-08-24,-3,181991,0,3286,1,7954,TulsiGabbard
2018-08-25,-10,181981,0,3286,10,7964,TulsiGabbard
2018-08-26,-6,181975,0,3286,0,7964,TulsiGabbard
2018-08-27,-32,181943,-1,3285,5,7969,TulsiGabbard
2018-08-28,-9,181934,0,3285,0,7969,TulsiGabbard
2018-08-29,-4,181930,-1,3284,5,7974,TulsiGabbard
2018-08-30,38,181968,0,3284,3,7977,TulsiGabbard
2018-08-31,41,182009,0,3284,6,7983,TulsiGabbard
2018-09-01,16,182025,3,3287,0,7983,TulsiGabbard
2018-09-02,32,182057,0,3287,0,7983,TulsiGabbard
2018-09-03,9,182066,0,3287,1,7984,TulsiGabbard
2018-09-04,-14,182052,1,3288,0,7984,TulsiGabbard
2018-09-05,-19,182033,-1,3287,3,7987,TulsiGabbard
2018-09-06,40,182073,1,3288,7,7994,TulsiGabbard
2018-09-07,8,182081,-1,3287,1,7995,TulsiGabbard
2018-09-08,16,182097,-2,3285,4,7999,TulsiGabbard
2018-09-09,7,182104,-1,3284,0,7999,TulsiGabbard
2018-09-10,34,182138,0,3284,1,8000,TulsiGabbard
2018-09-11,1767,183905,0,3284,2,8002,TulsiGabbard
2018-09-12,478,184383,0,3284,0,8002,TulsiGabbard
2018-09-13,1152,185535,1,3285,3,8005,TulsiGabbard
2018-09-14,935,186470,0,3285,2,8007,TulsiGabbard
2018-09-15,314,186784,1,3286,0,8007,TulsiGabbard
2018-09-16,59,186843,-1,3285,0,8007,TulsiGabbard
2018-09-17,228,187071,1,3286,0,8007,TulsiGabbard
2018-09-18,135,187206,0,3286,1,8008,TulsiGabbard
2018-09-19,195,187401,-1,3285,3,8011,TulsiGabbard
2018-09-20,134,187535,-1,3284,3,8014,TulsiGabbard
2018-09-21,153,187688,0,3284,2,8016,TulsiGabbard
2018-09-22,106,187794,1,3285,3,8019,TulsiGabbard
2018-09-23,26,187820,0,3285,0,8019,TulsiGabbard
2018-09-24,163,187983,0,3285,1,8020,TulsiGabbard
2018-09-25,154,188137,0,3285,0,8020,TulsiGabbard
2018-09-26,65,188202,0,3285,5,8025,TulsiGabbard
2018-09-27,77,188279,0,3285,0,8025,TulsiGabbard
2018-09-28,24,188303,0,3285,4,8029,TulsiGabbard
2018-09-29,18,188321,-1,3284,3,8032,TulsiGabbard
2018-09-30,16,188337,1,3285,2,8034,TulsiGabbard
2018-10-01,26,188363,1,3286,5,8039,TulsiGabbard
2018-10-02,-10,188353,0,3286,2,8041,TulsiGabbard
2018-10-03,55,188408,-1,3285,3,8044,TulsiGabbard
2018-10-04,45,188453,1,3286,2,8046,TulsiGabbard
2018-10-05,33,188486,0,3286,2,8048,TulsiGabbard
2018-10-06,38,188524,1,3287,0,8048,TulsiGabbard
2018-10-07,0,188524,0,3287,2,8050,TulsiGabbard
2018-10-08,31,188555,0,3287,2,8052,TulsiGabbard
2018-10-09,10,188565,-1,3286,5,8057,TulsiGabbard
2018-10-10,0,188565,0,3286,0,8057,TulsiGabbard
2018-10-11,127,188692,0,3286,7,8064,TulsiGabbard
2018-10-12,36,188728,-1,3285,3,8067,TulsiGabbard
2018-10-13,15,188743,1,3286,1,8068,TulsiGabbard
2018-10-14,69,188812,0,3286,4,8072,TulsiGabbard
2018-10-15,63,188875,-1,3285,0,8072,TulsiGabbard
2018-10-16,63,188938,2,3287,4,8076,TulsiGabbard
2018-10-17,36,188974,7,3294,2,8078,TulsiGabbard
2018-10-18,171,189145,-1,3293,2,8080,TulsiGabbard
2018-10-19,102,189247,1,3294,2,8082,TulsiGabbard
2018-10-20,272,189519,0,3294,0,8082,TulsiGabbard
2018-10-21,217,189736,1,3295,1,8083,TulsiGabbard
2018-10-22,44,189780,0,3295,2,8085,TulsiGabbard
2018-10-23,15,189795,0,3295,0,8085,TulsiGabbard
2018-10-24,69,189864,1,3296,0,8085,TulsiGabbard
2018-10-25,256,190120,0,3296,4,8089,TulsiGabbard
2018-10-26,140,190260,0,3296,3,8092,TulsiGabbard
2018-10-27,51,190311,0,3296,1,8093,TulsiGabbard
2018-10-28,4,190315,1,3297,2,8095,TulsiGabbard
2018-10-29,73,190388,1,3298,2,8097,TulsiGabbard
2018-10-30,52,190440,1,3299,1,8098,TulsiGabbard
2018-10-31,23,190463,0,3299,0,8098,TulsiGabbard
2018-11-01,86,190549,0,3299,0,8098,TulsiGabbard
2018-11-02,1,190550,2,3301,2,8100,TulsiGabbard
2018-11-03,35,190585,0,3301,2,8102,TulsiGabbard
2018-11-04,19,190604,0,3301,1,8103,TulsiGabbard
2018-11-05,1,190605,0,3301,2,8105,TulsiGabbard
2018-11-06,38,190643,0,3301,3,8108,TulsiGabbard
2018-11-07,166,190809,2,3303,1,8109,TulsiGabbard
2018-11-08,108,190917,0,3303,4,8113,TulsiGabbard
2018-11-09,-7,190910,0,3303,0,8113,TulsiGabbard
2018-11-10,89,190999,-1,3302,2,8115,TulsiGabbard
2018-11-11,63,191062,0,3302,1,8116,TulsiGabbard
2018-11-12,131,191193,1,3303,2,8118,TulsiGabbard
2018-11-13,210,191403,-2,3301,0,8118,TulsiGabbard
2018-11-14,178,191581,1,3302,1,8119,TulsiGabbard
2018-11-15,213,191794,1,3303,1,8120,TulsiGabbard
2018-11-16,73,191867,1,3304,0,8120,TulsiGabbard
2018-11-17,38,191905,0,3304,0,8120,TulsiGabbard
2018-11-18,40,191945,0,3304,0,8120,TulsiGabbard
2018-11-19,42,191987,1,3305,0,8120,TulsiGabbard
2018-11-20,10,191997,0,3305,-1,8119,TulsiGabbard
2018-11-21,7472,199469,0,3305,1,8120,TulsiGabbard
2018-11-22,10413,209882,4,3309,2,8122,TulsiGabbard
2018-11-23,2205,212087,2,3311,2,8124,TulsiGabbard
2018-11-24,924,213011,-1,3310,0,8124,TulsiGabbard
2018-11-25,239,213250,1,3311,0,8124,TulsiGabbard
2018-11-26,371,213621,0,3311,6,8130,TulsiGabbard
2018-11-27,158,213779,0,3311,0,8130,TulsiGabbard
2018-11-28,45,213824,0,3311,1,8131,TulsiGabbard
2018-12-01,209,214033,1,3312,3,8134,TulsiGabbard
2018-12-02,42,214075,1,3313,0,8134,TulsiGabbard
2018-12-03,99,214174,-1,3312,1,8135,TulsiGabbard
2018-12-04,92,214266,0,3312,0,8135,TulsiGabbard
2018-12-05,76,214342,0,3312,0,8135,TulsiGabbard
2018-12-06,44,214386,-1,3311,0,8135,TulsiGabbard
2018-12-07,47,214433,0,3311,0,8135,TulsiGabbard
2018-12-08,46,214479,1,3312,-1,8134,TulsiGabbard
2018-12-09,15,214494,0,3312,7,8141,TulsiGabbard
2018-12-10,-23,214471,1,3313,2,8143,TulsiGabbard
2018-12-11,-2,214469,-1,3312,0,8143,TulsiGabbard
2018-12-12,7,214476,0,3312,0,8143,TulsiGabbard
2018-12-13,616,215092,-1,3311,1,8144,TulsiGabbard
2018-12-14,315,215407,1,3312,1,8145,TulsiGabbard
2018-12-15,60,215467,0,3312,0,8145,TulsiGabbard
2018-12-16,30,215497,-1,3311,0,8145,TulsiGabbard
2018-12-17,10,215507,0,3311,0,8145,TulsiGabbard
2018-12-18,141,215648,0,3311,0,8145,TulsiGabbard
2018-12-19,51,215699,0,3311,0,8145,TulsiGabbard
2018-12-20,34,215733,0,3311,0,8145,TulsiGabbard
2018-12-21,79,215812,0,3311,3,8148,TulsiGabbard
2018-12-22,395,216207,0,3311,4,8152,TulsiGabbard
2018-12-23,146,216353,1,3312,1,8153,TulsiGabbard
2018-12-24,72,216425,0,3312,0,8153,TulsiGabbard
2018-12-25,16,216441,-1,3311,2,8155,TulsiGabbard
2018-12-26,27,216468,0,3311,0,8155,TulsiGabbard
2018-12-27,10,216478,0,3311,0,8155,TulsiGabbard
2018-12-28,13,216491,0,3311,0,8155,TulsiGabbard
2018-12-29,20,216511,0,3311,0,8155,TulsiGabbard
2018-12-30,-7,216504,0,3311,0,8155,TulsiGabbard
2018-12-31,-24,216480,1,3312,0,8155,TulsiGabbard
2019-01-01,110,216590,0,3312,0,8155,TulsiGabbard
2019-01-02,73,216663,0,3312,2,8157,TulsiGabbard
2019-01-03,76,216739,-1,3311,0,8157,TulsiGabbard
2019-01-04,192,216931,0,3311,4,8161,TulsiGabbard
2019-01-05,338,217269,-1,3310,4,8165,TulsiGabbard
2019-01-06,276,217545,1,3311,1,8166,TulsiGabbard
2019-01-07,130,217675,0,3311,1,8167,TulsiGabbard
2019-01-08,92,217767,0,3311,0,8167,TulsiGabbard
2019-01-09,65,217832,0,3311,2,8169,TulsiGabbard
2019-01-10,388,218220,0,3311,4,8173,TulsiGabbard
2019-01-11,276,218496,0,3311,5,8178,TulsiGabbard
2019-01-12,6911,225407,0,3311,7,8185,TulsiGabbard
2019-01-13,8338,233745,0,3311,0,8185,TulsiGabbard
2019-01-14,3018,236763,-1,3310,6,8191,TulsiGabbard
2019-01-15,1531,238294,0,3310,-1,8190,TulsiGabbard
2019-01-16,761,239055,0,3310,6,8196,TulsiGabbard
2019-01-17,557,239612,0,3310,6,8202,TulsiGabbard
2019-01-18,829,240441,0,3310,18,8220,TulsiGabbard
2019-01-19,497,240938,-1,3309,0,8220,TulsiGabbard
2019-01-20,293,241231,0,3309,0,8220,TulsiGabbard
2019-01-21,478,241709,0,3309,3,8223,TulsiGabbard
2019-01-22,858,242567,0,3309,5,8228,TulsiGabbard
2019-01-23,445,243012,0,3309,2,8230,TulsiGabbard
2019-01-24,391,243403,2,3311,2,8232,TulsiGabbard
2019-01-25,2777,246180,6,3317,9,8241,TulsiGabbard
2019-01-26,1506,247686,-2,3315,8,8249,TulsiGabbard
2019-01-27,619,248305,0,3315,2,8251,TulsiGabbard
2019-01-28,678,248983,0,3315,3,8254,TulsiGabbard
2019-01-29,1293,250276,5,3320,10,8264,TulsiGabbard
2019-01-30,857,251133,3,3323,5,8269,TulsiGabbard
2019-01-31,544,251677,0,3323,5,8274,TulsiGabbard
2019-02-01,493,252170,0,3323,4,8278,TulsiGabbard
2019-02-02,441,252611,1,3324,5,8283,TulsiGabbard
2019-02-03,1095,253706,-2,3322,16,8299,TulsiGabbard
2019-02-04,2617,256323,3,3325,7,8306,TulsiGabbard
2019-02-05,3023,259346,0,3325,6,8312,TulsiGabbard
2019-02-06,3618,262964,1,3326,21,8333,TulsiGabbard
2019-02-07,2965,265929,0,3326,10,8343,TulsiGabbard
2019-02-10,4116,270045,-2,3324,36,8379,TulsiGabbard
2019-02-11,1450,271495,1,3325,13,8392,TulsiGabbard
2019-02-12,1174,272669,0,3325,8,8400,TulsiGabbard
2019-02-13,851,273520,1,3326,5,8405,TulsiGabbard
2019-02-14,1145,274665,0,3326,4,8409,TulsiGabbard
2019-02-15,1116,275781,1,3327,10,8419,TulsiGabbard
2019-02-16,1769,277550,1,3328,10,8429,TulsiGabbard
2019-02-17,621,278171,0,3328,12,8441,TulsiGabbard
2019-02-18,584,278755,0,3328,7,8448,TulsiGabbard
2019-02-19,549,279304,0,3328,11,8459,TulsiGabbard
2019-02-20,977,280281,0,3328,5,8464,TulsiGabbard
2019-02-21,1274,281555,0,3328,10,8474,TulsiGabbard
2019-02-22,1020,282575,2,3330,7,8481,TulsiGabbard
2019-02-23,982,283557,0,3330,5,8486,TulsiGabbard
2019-02-24,1062,284619,2,3332,5,8491,TulsiGabbard
2019-02-25,899,285518,0,3332,4,8495,TulsiGabbard
2019-02-26,1325,286843,1,3333,5,8500,TulsiGabbard
2019-02-27,1301,288144,1,3334,6,8506,TulsiGabbard
2019-02-28,456,288600,-1,3333,6,8512,TulsiGabbard
2019-03-01,807,289407,-1,3332,5,8517,TulsiGabbard
2019-03-02,1826,291233,0,3332,8,8525,TulsiGabbard
2019-03-03,2190,293423,0,3332,6,8531,TulsiGabbard
2019-03-04,526,293949,0,3332,6,8537,TulsiGabbard
2019-03-05,349,294298,-2,3330,5,8542,TulsiGabbard
2019-03-06,366,294664,0,3330,1,8543,TulsiGabbard
2019-03-07,416,295080,0,3330,4,8547,TulsiGabbard
2019-03-08,742,295822,-5,3325,6,8553,TulsiGabbard
2019-03-09,676,296498,0,3325,4,8557,TulsiGabbard
2019-03-10,927,297425,-1,3324,6,8563,TulsiGabbard
2019-03-11,1542,298967,0,3324,5,8568,TulsiGabbard
2019-03-12,1267,300234,0,3324,3,8571,TulsiGabbard
2019-03-13,1103,301337,0,3324,6,8577,TulsiGabbard
2019-03-14,1301,302638,-1,3323,5,8582,TulsiGabbard
2019-03-15,1472,304110,1,3324,4,8586,TulsiGabbard
2019-03-16,963,305073,0,3324,3,8589,TulsiGabbard
2019-03-17,1933,307006,0,3324,10,8599,TulsiGabbard
2019-03-18,613,307619,0,3324,0,8599,TulsiGabbard
2019-03-19,1193,308812,0,3324,2,8601,TulsiGabbard
2019-03-20,791,309603,0,3324,4,8605,TulsiGabbard
2019-03-21,836,310439,-2,3322,4,8609,TulsiGabbard
2019-03-22,686,311125,2,3324,4,8613,TulsiGabbard
2019-03-23,470,311595,0,3324,7,8620,TulsiGabbard
2019-03-24,522,312117,0,3324,5,8625,TulsiGabbard
2019-03-25,587,312704,1,3325,4,8629,TulsiGabbard
2019-03-26,604,313308,0,3325,9,8638,TulsiGabbard
2019-03-27,567,313875,0,3325,7,8645,TulsiGabbard
2019-03-28,405,314280,-1,3324,4,8649,TulsiGabbard
2019-03-29,936,315216,0,3324,5,8654,TulsiGabbard
2019-03-30,2743,317959,-1,3323,7,8661,TulsiGabbard
2019-03-31,1204,319163,0,3323,5,8666,TulsiGabbard
2019-04-01,480,319643,0,3323,6,8672,TulsiGabbard
2019-04-02,600,320243,0,3323,2,8674,TulsiGabbard
2019-04-03,525,320768,0,3323,5,8679,TulsiGabbard
2019-04-04,418,321186,0,3323,8,8687,TulsiGabbard
2019-04-05,515,321701,-1,3322,7,8694,TulsiGabbard
2019-04-06,356,322057,0,3322,2,8696,TulsiGabbard
2019-04-07,500,322557,1,3323,4,8700,TulsiGabbard
2019-04-08,361,322918,1,3324,5,8705,TulsiGabbard
2019-04-09,346,323264,-1,3323,4,8709,TulsiGabbard
2019-04-10,766,324030,0,3323,1,8710,TulsiGabbard
2019-04-11,898,324928,0,3323,2,8712,TulsiGabbard
2019-04-12,2695,327623,2,3325,4,8716,TulsiGabbard
2019-04-13,2186,329809,0,3325,3,8719,TulsiGabbard
2019-04-14,895,330704,0,3325,1,8720,TulsiGabbard
2019-04-15,497,331201,1,3326,4,8724,TulsiGabbard
2019-04-16,713,331914,1,3327,5,8729,TulsiGabbard
2019-04-17,814,332728,0,3327,1,8730,TulsiGabbard
2019-04-18,854,333582,0,3327,2,8732,TulsiGabbard
2019-04-19,533,334115,0,3327,2,8734,TulsiGabbard
2019-04-20,350,334465,0,3327,3,8737,TulsiGabbard
2019-04-21,568,335033,0,3327,4,8741,TulsiGabbard
2019-04-22,543,335576,-1,3326,3,8744,TulsiGabbard
2019-04-23,434,336010,0,3326,2,8746,TulsiGabbard
2019-04-24,433,336443,0,3326,3,8749,TulsiGabbard
2019-04-25,1334,337777,1,3327,2,8751,TulsiGabbard
2019-04-26,1024,338801,2,3329,3,8754,TulsiGabbard
2019-04-27,973,339774,0,3329,3,8757,TulsiGabbard
2019-04-28,914,340688,0,3329,4,8761,TulsiGabbard
2019-04-29,478,341166,2,3331,3,8764,TulsiGabbard
2019-04-30,511,341677,0,3331,1,8765,TulsiGabbard
2019-05-01,539,342216,1,3332,3,8768,TulsiGabbard
2019-05-02,661,342877,1,3333,2,8770,TulsiGabbard
2019-05-03,778,343655,0,3333,4,8774,TulsiGabbard
2019-05-04,677,344332,3,3336,6,8780,TulsiGabbard
2019-05-05,689,345021,0,3336,3,8783,TulsiGabbard
2019-05-06,685,345706,0,3336,2,8785,TulsiGabbard
2019-05-07,743,346449,0,3336,2,8787,TulsiGabbard
2019-05-08,507,346956,0,3336,2,8789,TulsiGabbard
2019-05-09,446,347402,-2,3334,1,8790,TulsiGabbard
2019-05-10,575,347977,1,3335,1,8791,TulsiGabbard
2019-05-11,778,348755,0,3335,2,8793,TulsiGabbard
2019-05-12,477,349232,-1,3334,-2,8791,TulsiGabbard
2019-05-14,2592,351824,0,3334,8,8799,TulsiGabbard
2019-05-15,2395,354219,0,3334,0,8799,TulsiGabbard
2019-05-16,2576,356795,0,3334,-1,8798,TulsiGabbard
2019-05-17,1786,358581,1,3335,9,8807,TulsiGabbard
2019-05-18,1121,359702,4,3339,1,8808,TulsiGabbard
2019-05-19,804,360506,2,3341,2,8810,TulsiGabbard
2019-05-20,823,361329,0,3341,2,8812,TulsiGabbard
2019-05-21,744,362073,0,3341,1,8813,TulsiGabbard
2019-05-22,955,363028,0,3341,2,8815,TulsiGabbard
2019-05-23,671,363699,-1,3340,3,8818,TulsiGabbard
2019-05-24,816,364515,0,3340,2,8820,TulsiGabbard
2019-05-25,749,365264,0,3340,2,8822,TulsiGabbard
2019-05-26,458,365722,2,3342,2,8824,TulsiGabbard
2019-05-27,414,366136,0,3342,2,8826,TulsiGabbard
2019-05-28,358,366494,1,3343,3,8829,TulsiGabbard
2019-05-29,344,366838,1,3344,3,8832,TulsiGabbard
2019-05-30,441,367279,-2,3342,3,8835,TulsiGabbard
2019-05-31,1194,368473,0,3342,1,8836,TulsiGabbard
2019-06-01,505,368978,0,3342,4,8840,TulsiGabbard
2019-06-02,445,369423,0,3342,5,8845,TulsiGabbard
2019-06-03,443,369866,0,3342,3,8848,TulsiGabbard
2019-06-04,814,370680,-1,3341,4,8852,TulsiGabbard
2019-06-05,616,371296,0,3341,3,8855,TulsiGabbard
2019-06-06,660,371956,2,3343,2,8857,TulsiGabbard
2019-06-07,577,372533,-1,3342,1,8858,TulsiGabbard
2019-06-08,293,372826,1,3343,4,8862,TulsiGabbard
2019-06-09,397,373223,0,3343,6,8868,TulsiGabbard
2019-06-10,632,373855,-1,3342,1,8869,TulsiGabbard
2019-06-11,542,374397,-1,3341,1,8870,TulsiGabbard
2019-06-12,376,374773,0,3341,2,8872,TulsiGabbard
2019-06-13,522,375295,1,3342,7,8879,TulsiGabbard
2019-06-14,589,375884,0,3342,3,8882,TulsiGabbard
2019-06-15,638,376522,-1,3341,6,8888,TulsiGabbard
2019-06-16,457,376979,0,3341,2,8890,TulsiGabbard
2019-06-17,511,377490,0,3341,5,8895,TulsiGabbard
2019-06-18,175,377665,0,3341,1,8896,TulsiGabbard
2019-06-19,400,378065,0,3341,2,8898,TulsiGabbard
2019-06-20,329,378394,1,3342,4,8902,TulsiGabbard
2019-06-21,466,378860,1,3343,4,8906,TulsiGabbard
2019-06-22,586,379446,0,3343,5,8911,TulsiGabbard
2019-06-23,537,379983,1,3344,3,8914,TulsiGabbard
2019-06-24,310,380293,0,3344,2,8916,TulsiGabbard
2019-06-25,298,380591,0,3344,3,8919,TulsiGabbard
2019-06-26,548,381139,0,3344,1,8920,TulsiGabbard
2019-06-27,13052,394191,1,3345,18,8938,TulsiGabbard
2019-06-28,13234,407425,0,3345,4,8942,TulsiGabbard
2019-06-29,6286,413711,0,3345,3,8945,TulsiGabbard
2019-06-30,4132,417843,0,3345,3,8948,TulsiGabbard
2019-07-01,3135,420978,0,3345,2,8950,TulsiGabbard
2019-07-02,1850,422828,2,3347,2,8952,TulsiGabbard
2019-07-03,1300,424128,0,3347,1,8953,TulsiGabbard
2019-07-04,824,424952,-1,3346,6,8959,TulsiGabbard
2019-07-05,271,425223,-1,3345,7,8966,TulsiGabbard
2019-07-06,651,425874,0,3345,2,8968,TulsiGabbard
2019-07-07,490,426364,0,3345,1,8969,TulsiGabbard
2019-07-08,486,426850,0,3345,4,8973,TulsiGabbard
2019-07-09,781,427631,0,3345,4,8977,TulsiGabbard
2019-07-10,596,428227,0,3345,5,8982,TulsiGabbard
2019-07-11,973,429200,0,3345,5,8987,TulsiGabbard
2019-07-12,855,430055,0,3345,2,8989,TulsiGabbard
2019-07-13,552,430607,0,3345,1,8990,TulsiGabbard
2019-07-14,478,431085,0,3345,1,8991,TulsiGabbard
2019-07-15,515,431600,1,3346,2,8993,TulsiGabbard
2019-07-16,429,432029,0,3346,10,9003,TulsiGabbard
2019-07-17,483,432512,0,3346,0,9003,TulsiGabbard
2019-07-18,367,432879,0,3346,3,9006,TulsiGabbard
2019-07-19,563,433442,1,3347,4,9010,TulsiGabbard
2019-07-20,855,434297,1,3348,12,9022,TulsiGabbard
2019-07-21,815,435112,0,3348,3,9025,TulsiGabbard
2019-07-22,391,435503,0,3348,2,9027,TulsiGabbard
2019-07-23,745,436248,-1,3347,2,9029,TulsiGabbard
2019-07-24,1076,437324,-1,3346,4,9033,TulsiGabbard
2019-07-25,451,437775,0,3346,2,9035,TulsiGabbard
2019-07-26,1899,439674,-1,3345,4,9039,TulsiGabbard
2019-07-27,999,440673,-1,3344,1,9040,TulsiGabbard
2019-07-28,287,440960,-1,3343,4,9044,TulsiGabbard
2019-07-29,955,441915,-2,3341,3,9047,TulsiGabbard
2019-07-30,988,442903,0,3341,2,9049,TulsiGabbard
2019-07-31,2210,445113,2,3343,1,9050,TulsiGabbard
2019-08-01,21629,466742,0,3343,24,9074,TulsiGabbard
2019-08-02,31876,498618,2,3345,8,9082,TulsiGabbard
2019-08-03,9020,507638,2,3347,4,9086,TulsiGabbard
2019-08-04,4267,511905,5,3352,3,9089,TulsiGabbard
2019-08-05,2963,514868,0,3352,8,9097,TulsiGabbard
2019-08-06,2115,516983,0,3352,0,9097,TulsiGabbard
2019-08-07,2977,519960,1,3353,2,9099,TulsiGabbard
2019-08-08,2366,522326,-1,3352,1,9100,TulsiGabbard
2019-08-09,2288,524614,0,3352,4,9104,TulsiGabbard
2019-08-10,1428,526042,2,3354,6,9110,TulsiGabbard
2019-08-11,1346,527388,0,3354,2,9112,TulsiGabbard
2019-08-12,1334,528722,0,3354,4,9116,TulsiGabbard
2019-08-13,1290,530012,0,3354,1,9117,TulsiGabbard
2019-08-14,1273,531285,-1,3353,2,9119,TulsiGabbard
2019-08-15,1010,532295,0,3353,1,9120,TulsiGabbard
2019-08-16,900,533195,1,3354,2,9122,TulsiGabbard
2019-08-17,1088,534283,0,3354,3,9125,TulsiGabbard
2019-08-18,691,534974,0,3354,3,9128,TulsiGabbard
2019-08-19,566,535540,0,3354,2,9130,TulsiGabbard
2019-08-20,269,535809,0,3354,2,9132,TulsiGabbard
2019-08-21,450,536259,0,3354,3,9135,TulsiGabbard
2019-08-22,483,536742,-2,3352,3,9138,TulsiGabbard
2019-08-23,951,537693,0,3352,1,9139,TulsiGabbard
2019-08-24,769,538462,-2,3350,1,9140,TulsiGabbard
