Date,Daily Followers Gained,Total Follower Count,Daily Followed Users,Total Followed Users,Daily Tweets Posted,Total Tweets Posted,Name
2017-12-02,646,50658,1,558,6,2045,BetoORourke
2017-12-03,384,51042,0,558,8,2053,BetoORourke
2017-12-04,220,51262,1,559,6,2059,BetoORourke
2017-12-05,241,51503,0,559,4,2063,BetoORourke
2017-12-06,120,51623,1,560,0,2063,BetoORourke
2017-12-07,180,51803,0,560,8,2071,BetoORourke
2017-12-08,99,51902,0,560,2,2073,BetoORourke
2017-12-09,42,51944,0,560,0,2073,BetoORourke
2017-12-10,100,52044,0,560,2,2075,BetoORourke
2017-12-13,6806,58850,4,564,13,2088,BetoORourke
2017-12-16,5313,64163,2,566,25,2113,BetoORourke
2017-12-17,340,64503,1,567,5,2118,BetoORourke
2017-12-18,1390,65893,1,568,5,2123,BetoORourke
2017-12-19,223,66116,0,568,2,2125,BetoORourke
2017-12-20,684,66800,1,569,14,2139,BetoORourke
2017-12-21,481,67281,0,569,8,2147,BetoORourke
2017-12-22,2102,69383,1,570,5,2152,BetoORourke
2017-12-23,1344,70727,0,570,5,2157,BetoORourke
2017-12-24,298,71025,0,570,1,2158,BetoORourke
2017-12-25,456,71481,0,570,4,2162,BetoORourke
2017-12-26,168,71649,0,570,0,2162,BetoORourke
2017-12-27,443,72092,0,570,5,2167,BetoORourke
2017-12-28,461,72553,0,570,8,2175,BetoORourke
2017-12-29,672,73225,0,570,9,2184,BetoORourke
2017-12-30,1450,74675,0,570,8,2192,BetoORourke
2017-12-31,711,75386,2,572,2,2194,BetoORourke
2018-01-01,624,76010,0,572,11,2205,BetoORourke
2018-01-02,408,76418,0,572,3,2208,BetoORourke
2018-01-03,765,77183,1,573,8,2216,BetoORourke
2018-01-04,220,77403,0,573,9,2225,BetoORourke
2018-01-05,447,77850,0,573,24,2249,BetoORourke
2018-01-06,577,78427,0,573,11,2260,BetoORourke
2018-01-07,424,78851,0,573,12,2272,BetoORourke
2018-01-08,195,79046,0,573,7,2279,BetoORourke
2018-01-09,152,79198,0,573,4,2283,BetoORourke
2018-01-10,124,79322,0,573,5,2288,BetoORourke
2018-01-11,408,79730,0,573,15,2303,BetoORourke
2018-01-12,271,80001,0,573,8,2311,BetoORourke
2018-01-13,241,80242,0,573,9,2320,BetoORourke
2018-01-14,189,80431,0,573,15,2335,BetoORourke
2018-01-15,107,80538,0,573,5,2340,BetoORourke
2018-01-16,986,81524,0,573,3,2343,BetoORourke
2018-01-17,691,82215,0,573,4,2347,BetoORourke
2018-01-18,140,82355,0,573,1,2348,BetoORourke
2018-01-19,305,82660,0,573,10,2358,BetoORourke
2018-01-20,205,82865,1,574,4,2362,BetoORourke
2018-01-21,405,83270,0,574,5,2367,BetoORourke
2018-01-22,331,83601,0,574,0,2367,BetoORourke
2018-01-23,361,83962,4,578,11,2378,BetoORourke
2018-01-24,459,84421,0,578,11,2389,BetoORourke
2018-01-25,611,85032,0,578,2,2391,BetoORourke
2018-01-26,1479,86511,0,578,11,2402,BetoORourke
2018-01-27,1137,87648,2,580,12,2414,BetoORourke
2018-01-28,1101,88749,2,582,22,2436,BetoORourke
2018-01-29,2099,90848,0,582,31,2467,BetoORourke
2018-01-30,792,91640,0,582,4,2471,BetoORourke
2018-01-31,797,92437,2,584,4,2475,BetoORourke
2018-02-01,692,93129,0,584,9,2484,BetoORourke
2018-02-02,1886,95015,0,584,2,2486,BetoORourke
2018-02-03,1250,96265,1,585,4,2490,BetoORourke
2018-02-04,500,96765,0,585,2,2492,BetoORourke
2018-02-05,390,97155,0,585,1,2493,BetoORourke
2018-02-06,398,97553,1,586,7,2500,BetoORourke
2018-02-07,306,97859,1,587,9,2509,BetoORourke
2018-02-08,280,98139,0,587,3,2512,BetoORourke
2018-02-09,174,98313,1,588,2,2514,BetoORourke
2018-02-10,207,98520,0,588,9,2523,BetoORourke
2018-02-11,283,98803,0,588,6,2529,BetoORourke
2018-02-12,274,99077,0,588,9,2538,BetoORourke
2018-02-13,401,99478,-1,587,12,2550,BetoORourke
2018-02-14,611,100089,0,587,7,2557,BetoORourke
2018-02-15,378,100467,0,587,2,2559,BetoORourke
2018-02-16,507,100974,1,588,10,2569,BetoORourke
2018-02-17,554,101528,0,588,12,2581,BetoORourke
2018-02-18,343,101871,1,589,7,2588,BetoORourke
2018-02-19,400,102271,0,589,8,2596,BetoORourke
2018-02-20,545,102816,1,590,7,2603,BetoORourke
2018-02-21,595,103411,0,590,8,2611,BetoORourke
2018-02-22,901,104312,1,591,11,2622,BetoORourke
2018-02-23,1193,105505,1,592,11,2633,BetoORourke
2018-02-24,1072,106577,0,592,9,2642,BetoORourke
2018-02-25,1843,108420,2,594,13,2655,BetoORourke
2018-02-26,4580,113000,2,596,15,2670,BetoORourke
2018-02-27,1919,114919,2,598,2,2672,BetoORourke
2018-02-28,4212,119131,1,599,12,2684,BetoORourke
2018-03-01,777,119908,0,599,11,2695,BetoORourke
2018-03-02,546,120454,1,600,8,2703,BetoORourke
2018-03-03,736,121190,0,600,5,2708,BetoORourke
2018-03-04,633,121823,0,600,3,2711,BetoORourke
2018-03-05,729,122552,0,600,3,2714,BetoORourke
2018-03-06,1930,124482,0,600,9,2723,BetoORourke
2018-03-07,7741,132223,0,600,13,2736,BetoORourke
2018-03-08,5596,137819,0,600,1,2737,BetoORourke
2018-03-09,2108,139927,1,601,4,2741,BetoORourke
2018-03-10,1370,141297,0,601,4,2745,BetoORourke
2018-03-11,940,142237,1,602,5,2750,BetoORourke
2018-03-12,2024,144261,0,602,7,2757,BetoORourke
2018-03-13,1195,145456,0,602,1,2758,BetoORourke
2018-03-14,929,146385,3,605,5,2763,BetoORourke
2018-03-15,1211,147596,0,605,6,2769,BetoORourke
2018-03-16,787,148383,6,611,8,2777,BetoORourke
2018-03-17,1363,149746,0,611,4,2781,BetoORourke
2018-03-18,1198,150944,0,611,2,2783,BetoORourke
2018-03-19,1467,152411,0,611,2,2785,BetoORourke
2018-03-20,1115,153526,1,612,5,2790,BetoORourke
2018-03-21,1517,155043,0,612,6,2796,BetoORourke
2018-03-22,580,155623,0,612,3,2799,BetoORourke
2018-03-23,278,155901,1,613,9,2808,BetoORourke
2018-03-24,977,156878,-1,612,2,2810,BetoORourke
2018-03-25,831,157709,0,612,6,2816,BetoORourke
2018-03-26,436,158145,-1,611,4,2820,BetoORourke
2018-03-27,477,158622,0,611,4,2824,BetoORourke
2018-03-28,319,158941,0,611,7,2831,BetoORourke
2018-03-29,559,159500,0,611,10,2841,BetoORourke
2018-03-30,219,159719,2,613,6,2847,BetoORourke
2018-03-31,215,159934,0,613,3,2850,BetoORourke
2018-04-01,256,160190,0,613,3,2853,BetoORourke
2018-04-02,152,160342,0,613,5,2858,BetoORourke
2018-04-03,1456,161798,1,614,6,2864,BetoORourke
2018-04-04,1517,163315,0,614,14,2878,BetoORourke
2018-04-05,844,164159,0,614,8,2886,BetoORourke
2018-04-06,535,164694,0,614,11,2897,BetoORourke
2018-04-07,214,164908,0,614,3,2900,BetoORourke
2018-04-08,738,165646,0,614,15,2915,BetoORourke
2018-04-09,533,166179,1,615,11,2926,BetoORourke
2018-04-10,444,166623,1,616,5,2931,BetoORourke
2018-04-11,557,167180,0,616,18,2949,BetoORourke
2018-04-12,294,167474,0,616,4,2953,BetoORourke
2018-04-13,370,167844,0,616,8,2961,BetoORourke
2018-04-14,364,168208,0,616,9,2970,BetoORourke
2018-04-15,260,168468,0,616,0,2970,BetoORourke
2018-04-16,490,168958,0,616,21,2991,BetoORourke
2018-04-17,227,169185,1,617,2,2993,BetoORourke
2018-04-18,193,169378,1,618,6,2999,BetoORourke
2018-04-19,1297,170675,0,618,3,3002,BetoORourke
2018-04-20,2017,172692,1,619,15,3017,BetoORourke
2018-04-21,972,173664,0,619,8,3025,BetoORourke
2018-04-22,329,173993,0,619,4,3029,BetoORourke
2018-04-23,285,174278,1,620,7,3036,BetoORourke
2018-04-24,355,174633,-1,619,4,3040,BetoORourke
2018-04-25,382,175015,2,621,4,3044,BetoORourke
2018-04-26,241,175256,0,621,6,3050,BetoORourke
2018-04-27,186,175442,0,621,5,3055,BetoORourke
2018-04-28,136,175578,0,621,19,3074,BetoORourke
2018-04-29,121,175699,0,621,6,3080,BetoORourke
2018-04-30,240,175939,0,621,12,3092,BetoORourke
2018-05-01,260,176199,-1,620,5,3097,BetoORourke
2018-05-02,289,176488,0,620,5,3102,BetoORourke
2018-05-03,219,176707,0,620,5,3107,BetoORourke
2018-05-04,215,176922,1,621,4,3111,BetoORourke
2018-05-05,272,177194,0,621,2,3113,BetoORourke
2018-05-06,205,177399,0,621,4,3117,BetoORourke
2018-05-07,338,177737,0,621,3,3120,BetoORourke
2018-05-08,124,177861,1,622,4,3124,BetoORourke
2018-05-09,118,177979,1,623,9,3133,BetoORourke
2018-05-10,117,178096,0,623,10,3143,BetoORourke
2018-05-11,441,178537,0,623,12,3155,BetoORourke
2018-05-12,316,178853,1,624,7,3162,BetoORourke
2018-05-13,251,179104,0,624,9,3171,BetoORourke
2018-05-14,206,179310,1,625,11,3182,BetoORourke
2018-05-15,229,179539,0,625,7,3189,BetoORourke
2018-05-16,264,179803,0,625,6,3195,BetoORourke
2018-05-17,496,180299,0,625,7,3202,BetoORourke
2018-05-18,599,180898,0,625,4,3206,BetoORourke
2018-05-19,1699,182597,1,626,7,3213,BetoORourke
2018-05-20,705,183302,0,626,3,3216,BetoORourke
2018-05-21,261,183563,2,628,4,3220,BetoORourke
2018-05-22,200,183763,0,628,4,3224,BetoORourke
2018-05-23,604,184367,4,632,6,3230,BetoORourke
2018-05-24,177,184544,0,632,2,3232,BetoORourke
2018-05-25,233,184777,1,633,4,3236,BetoORourke
2018-05-26,175,184952,0,633,5,3241,BetoORourke
2018-05-27,287,185239,0,633,2,3243,BetoORourke
2018-05-28,193,185432,0,633,4,3247,BetoORourke
2018-05-29,286,185718,0,633,2,3249,BetoORourke
2018-05-30,147,185865,1,634,6,3255,BetoORourke
2018-05-31,343,186208,0,634,2,3257,BetoORourke
2018-06-01,269,186477,0,634,7,3264,BetoORourke
2018-06-02,768,187245,0,634,11,3275,BetoORourke
2018-06-03,591,187836,0,634,2,3277,BetoORourke
2018-06-04,621,188457,0,634,4,3281,BetoORourke
2018-06-05,1273,189730,3,637,4,3285,BetoORourke
2018-06-06,441,190171,4,641,15,3300,BetoORourke
2018-06-07,442,190613,4,645,8,3308,BetoORourke
2018-06-08,575,191188,0,645,17,3325,BetoORourke
2018-06-09,419,191607,3,648,16,3341,BetoORourke
2018-06-10,855,192462,2,650,9,3350,BetoORourke
2018-06-11,330,192792,0,650,7,3357,BetoORourke
2018-06-12,397,193189,2,652,3,3360,BetoORourke
2018-06-13,471,193660,0,652,7,3367,BetoORourke
2018-06-14,320,193980,1,653,1,3368,BetoORourke
2018-06-15,474,194454,1,654,6,3374,BetoORourke
2018-06-16,1284,195738,1,655,9,3383,BetoORourke
2018-06-17,5300,201038,1,656,11,3394,BetoORourke
2018-06-18,3618,204656,7,663,10,3404,BetoORourke
2018-06-19,3040,207696,5,668,9,3413,BetoORourke
2018-06-20,2659,210355,4,672,8,3421,BetoORourke
2018-06-21,3230,213585,0,672,9,3430,BetoORourke
2018-06-22,1837,215422,0,672,7,3437,BetoORourke
2018-06-23,970,216392,0,672,6,3443,BetoORourke
2018-06-24,757,217149,1,673,16,3459,BetoORourke
2018-06-25,536,217685,2,675,8,3467,BetoORourke
2018-06-26,495,218180,2,677,7,3474,BetoORourke
2018-06-27,746,218926,1,678,1,3475,BetoORourke
2018-06-28,1304,220230,1,679,21,3496,BetoORourke
2018-06-29,956,221186,1,680,6,3502,BetoORourke
2018-06-30,1255,222441,0,680,12,3514,BetoORourke
2018-07-01,957,223398,2,682,4,3518,BetoORourke
2018-07-02,699,224097,1,683,6,3524,BetoORourke
2018-07-03,419,224516,0,683,18,3542,BetoORourke
2018-07-04,329,224845,0,683,8,3550,BetoORourke
2018-07-05,583,225428,0,683,2,3552,BetoORourke
2018-07-06,508,225936,1,684,12,3564,BetoORourke
2018-07-07,479,226415,0,684,7,3571,BetoORourke
2018-07-08,283,226698,0,684,6,3577,BetoORourke
2018-07-09,1247,227945,0,684,10,3587,BetoORourke
2018-07-10,752,228697,1,685,2,3589,BetoORourke
2018-07-11,754,229451,0,685,3,3592,BetoORourke
2018-07-12,1576,231027,8,693,6,3598,BetoORourke
2018-07-13,793,231820,2,695,9,3607,BetoORourke
2018-07-14,753,232573,0,695,10,3617,BetoORourke
2018-07-15,839,233412,0,695,8,3625,BetoORourke
2018-07-16,436,233848,1,696,3,3628,BetoORourke
2018-07-17,1252,235100,0,696,7,3635,BetoORourke
2018-07-18,736,235836,0,696,10,3645,BetoORourke
2018-07-19,247,236083,0,696,7,3652,BetoORourke
2018-07-20,1080,237163,1,697,6,3658,BetoORourke
2018-07-21,1681,238844,0,697,4,3662,BetoORourke
2018-07-22,3374,242218,0,697,4,3666,BetoORourke
2018-07-23,708,242926,1,698,6,3672,BetoORourke
2018-07-24,314,243240,2,700,4,3676,BetoORourke
2018-07-25,231,243471,1,701,4,3680,BetoORourke
2018-07-26,1692,245163,0,701,3,3683,BetoORourke
2018-07-27,3006,248169,3,704,11,3694,BetoORourke
2018-07-28,1051,249220,1,705,6,3700,BetoORourke
2018-07-29,740,249960,0,705,9,3709,BetoORourke
2018-07-30,679,250639,0,705,8,3717,BetoORourke
2018-07-31,518,251157,1,706,8,3725,BetoORourke
2018-08-01,577,251734,0,706,11,3736,BetoORourke
2018-08-02,1188,252922,2,708,14,3750,BetoORourke
2018-08-03,1206,254128,0,708,15,3765,BetoORourke
2018-08-04,790,254918,0,708,4,3769,BetoORourke
2018-08-05,816,255734,0,708,4,3773,BetoORourke
2018-08-06,1157,256891,0,708,10,3783,BetoORourke
2018-08-07,1316,258207,0,708,4,3787,BetoORourke
2018-08-08,1454,259661,0,708,12,3799,BetoORourke
2018-08-09,776,260437,1,709,12,3811,BetoORourke
2018-08-10,655,261092,0,709,12,3823,BetoORourke
2018-08-11,622,261714,0,709,8,3831,BetoORourke
2018-08-12,435,262149,1,710,10,3841,BetoORourke
2018-08-13,529,262678,0,710,8,3849,BetoORourke
2018-08-14,642,263320,1,711,9,3858,BetoORourke
2018-08-15,856,264176,0,711,7,3865,BetoORourke
2018-08-16,441,264617,0,711,10,3875,BetoORourke
2018-08-17,432,265049,0,711,12,3887,BetoORourke
2018-08-18,355,265404,0,711,6,3893,BetoORourke
2018-08-19,1080,266484,1,712,11,3904,BetoORourke
2018-08-20,1346,267830,0,712,9,3913,BetoORourke
2018-08-21,1019,268849,0,712,12,3925,BetoORourke
2018-08-22,35426,304275,3,715,11,3936,BetoORourke
2018-08-23,34076,338351,1,716,12,3948,BetoORourke
2018-08-24,15564,353915,1,717,6,3954,BetoORourke
2018-08-25,10961,364876,1,718,10,3964,BetoORourke
2018-08-26,7583,372459,0,718,9,3973,BetoORourke
2018-08-27,4285,376744,0,718,4,3977,BetoORourke
2018-08-28,3084,379828,0,718,4,3981,BetoORourke
2018-08-29,6428,386256,0,718,4,3985,BetoORourke
2018-08-30,15247,401503,0,718,8,3993,BetoORourke
2018-08-31,12362,413865,1,719,15,4008,BetoORourke
2018-09-01,8171,422036,0,719,5,4013,BetoORourke
2018-09-02,6503,428539,0,719,2,4015,BetoORourke
2018-09-03,4456,432995,0,719,3,4018,BetoORourke
2018-09-04,3849,436844,1,720,2,4020,BetoORourke
2018-09-05,4261,441105,1,721,3,4023,BetoORourke
2018-09-06,5323,446428,1,722,4,4027,BetoORourke
2018-09-07,3118,449546,0,722,0,4027,BetoORourke
2018-09-08,2344,451890,0,722,3,4030,BetoORourke
2018-09-09,3849,455739,0,722,6,4036,BetoORourke
2018-09-10,1950,457689,0,722,5,4041,BetoORourke
2018-09-11,3722,461411,0,722,6,4047,BetoORourke
2018-09-12,2506,463917,1,723,4,4051,BetoORourke
2018-09-13,5510,469427,2,725,3,4054,BetoORourke
2018-09-14,6423,475850,0,725,3,4057,BetoORourke
2018-09-15,5129,480979,1,726,7,4064,BetoORourke
2018-09-16,6007,486986,0,726,6,4070,BetoORourke
2018-09-17,3541,490527,0,726,5,4075,BetoORourke
2018-09-18,4426,494953,0,726,4,4079,BetoORourke
2018-09-19,3774,498727,0,726,4,4083,BetoORourke
2018-09-20,2918,501645,0,726,9,4092,BetoORourke
2018-09-21,3310,504955,0,726,0,4092,BetoORourke
2018-09-22,34371,539326,0,726,58,4150,BetoORourke
2018-09-23,27530,566856,0,726,13,4163,BetoORourke
2018-09-24,11692,578548,0,726,8,4171,BetoORourke
2018-09-25,6070,584618,0,726,8,4179,BetoORourke
2018-09-26,7744,592362,0,726,5,4184,BetoORourke
2018-09-27,3412,595774,0,726,2,4186,BetoORourke
2018-09-28,3195,598969,0,726,2,4188,BetoORourke
2018-09-29,2635,601604,0,726,3,4191,BetoORourke
2018-09-30,3172,604776,0,726,10,4201,BetoORourke
2018-10-01,7250,612026,0,726,6,4207,BetoORourke
2018-10-02,3066,615092,1,727,10,4217,BetoORourke
2018-10-03,4726,619818,0,727,8,4225,BetoORourke
2018-10-04,2361,622179,0,727,6,4231,BetoORourke
2018-10-05,2145,624324,0,727,9,4240,BetoORourke
2018-10-06,1690,626014,0,727,10,4250,BetoORourke
2018-10-07,3404,629418,0,727,7,4257,BetoORourke
2018-10-08,6464,635882,0,727,11,4268,BetoORourke
2018-10-09,3270,639152,0,727,12,4280,BetoORourke
2018-10-10,2747,641899,0,727,6,4286,BetoORourke
2018-10-11,4906,646805,0,727,13,4299,BetoORourke
2018-10-12,3272,650077,1,728,7,4306,BetoORourke
2018-10-13,3119,653196,0,728,8,4314,BetoORourke
2018-10-14,2363,655559,0,728,15,4329,BetoORourke
2018-10-15,2116,657675,0,728,4,4333,BetoORourke
2018-10-16,1679,659354,0,728,4,4337,BetoORourke
2018-10-17,11559,670913,0,728,65,4402,BetoORourke
2018-10-18,3980,674893,0,728,7,4409,BetoORourke
2018-10-19,4220,679113,0,728,34,4443,BetoORourke
2018-10-20,3247,682360,0,728,8,4451,BetoORourke
2018-10-21,2782,685142,1,729,9,4460,BetoORourke
2018-10-22,3674,688816,0,729,23,4483,BetoORourke
2018-10-23,4926,693742,0,729,30,4513,BetoORourke
2018-10-24,3501,697243,0,729,15,4528,BetoORourke
2018-10-25,3811,701054,0,729,12,4540,BetoORourke
2018-10-26,3399,704453,0,729,17,4557,BetoORourke
2018-10-27,2683,707136,0,729,14,4571,BetoORourke
2018-10-28,4473,711609,0,729,6,4577,BetoORourke
2018-10-29,3555,715164,0,729,15,4592,BetoORourke
2018-10-30,4312,719476,0,729,21,4613,BetoORourke
2018-10-31,4469,723945,0,729,20,4633,BetoORourke
2018-11-01,4355,728300,0,729,18,4651,BetoORourke
2018-11-02,4290,732590,0,729,12,4663,BetoORourke
2018-11-03,4423,737013,0,729,20,4683,BetoORourke
2018-11-04,4675,741688,0,729,11,4694,BetoORourke
2018-11-05,6205,747893,0,729,14,4708,BetoORourke
2018-11-06,9804,757697,0,729,41,4749,BetoORourke
2018-11-07,123547,881244,0,729,24,4773,BetoORourke
2018-11-08,38976,920220,0,729,0,4773,BetoORourke
2018-11-09,13888,934108,0,729,0,4773,BetoORourke
2018-11-10,8873,942981,0,729,0,4773,BetoORourke
2018-11-11,5572,948553,0,729,0,4773,BetoORourke
2018-11-12,10703,959256,0,729,2,4775,BetoORourke
2018-11-13,4195,963451,0,729,0,4775,BetoORourke
2018-11-14,2848,966299,0,729,0,4775,BetoORourke
2018-11-15,3163,969462,0,729,0,4775,BetoORourke
2018-11-16,4031,973493,1,730,0,4775,BetoORourke
2018-11-17,3566,977059,2,732,0,4775,BetoORourke
2018-11-18,2544,979603,0,732,0,4775,BetoORourke
2018-11-19,2750,982353,1,733,0,4775,BetoORourke
2018-11-20,4863,987216,0,733,1,4776,BetoORourke
2018-11-21,14609,1001825,0,733,1,4777,BetoORourke
2018-11-22,8675,1010500,0,733,3,4780,BetoORourke
2018-11-23,4994,1015494,0,733,1,4781,BetoORourke
2018-11-24,2698,1018192,0,733,0,4781,BetoORourke
2018-11-25,1483,1019675,-1,732,0,4781,BetoORourke
2018-11-26,2875,1022550,1,733,1,4782,BetoORourke
2018-11-27,6039,1028589,0,733,2,4784,BetoORourke
2018-11-28,2209,1030798,0,733,0,4784,BetoORourke
2018-12-01,4080,1034878,2,735,4,4788,BetoORourke
2018-12-02,1498,1036376,1,736,1,4789,BetoORourke
2018-12-03,1415,1037791,1,737,0,4789,BetoORourke
2018-12-04,1492,1039283,0,737,0,4789,BetoORourke
2018-12-05,1184,1040467,0,737,0,4789,BetoORourke
2018-12-06,2287,1042754,1,738,2,4791,BetoORourke
2018-12-07,2382,1045136,1,739,1,4792,BetoORourke
2018-12-08,2745,1047881,0,739,0,4792,BetoORourke
2018-12-09,3070,1050951,0,739,0,4792,BetoORourke
2018-12-10,1556,1052507,0,739,0,4792,BetoORourke
2018-12-11,679,1053186,1,740,0,4792,BetoORourke
2018-12-12,863,1054049,0,740,0,4792,BetoORourke
2018-12-13,962,1055011,0,740,0,4792,BetoORourke
2018-12-14,1263,1056274,0,740,1,4793,BetoORourke
2018-12-15,3185,1059459,0,740,5,4798,BetoORourke
2018-12-16,4756,1064215,0,740,5,4803,BetoORourke
2018-12-17,2103,1066318,0,740,0,4803,BetoORourke
2018-12-18,1140,1067458,0,740,0,4803,BetoORourke
2018-12-19,692,1068150,0,740,0,4803,BetoORourke
2018-12-20,411,1068561,0,740,0,4803,BetoORourke
2018-12-21,1257,1069818,3,743,5,4808,BetoORourke
2018-12-22,2754,1072572,0,743,3,4811,BetoORourke
2018-12-23,3596,1076168,0,743,2,4813,BetoORourke
2018-12-24,3060,1079228,0,743,1,4814,BetoORourke
2018-12-25,2259,1081487,0,743,10,4824,BetoORourke
2018-12-26,3874,1085361,0,743,6,4830,BetoORourke
2018-12-27,2898,1088259,0,743,2,4832,BetoORourke
2018-12-28,1183,1089442,1,744,1,4833,BetoORourke
2018-12-29,6994,1096436,-1,743,3,4836,BetoORourke
2018-12-30,9471,1105907,0,743,1,4837,BetoORourke
2018-12-31,2884,1108791,2,745,0,4837,BetoORourke
2019-01-01,2291,1111082,0,745,2,4839,BetoORourke
2019-01-02,3041,1114123,0,745,0,4839,BetoORourke
2019-01-03,2084,1116207,-2,743,1,4840,BetoORourke
2019-01-04,4849,1121056,1,744,1,4841,BetoORourke
2019-01-05,9859,1130915,-1,743,0,4841,BetoORourke
2019-01-06,7035,1137950,1,744,2,4843,BetoORourke
2019-01-07,6729,1144679,1,745,0,4843,BetoORourke
2019-01-08,3443,1148122,4,749,0,4843,BetoORourke
2019-01-09,4218,1152340,1,750,4,4847,BetoORourke
2019-01-10,3646,1155986,0,750,0,4847,BetoORourke
2019-01-11,3660,1159646,1,751,4,4851,BetoORourke
2019-01-12,4817,1164463,0,751,4,4855,BetoORourke
2019-01-13,3914,1168377,0,751,1,4856,BetoORourke
2019-01-14,2941,1171318,0,751,0,4856,BetoORourke
2019-01-15,2011,1173329,0,751,0,4856,BetoORourke
2019-01-16,1628,1174957,-1,750,0,4856,BetoORourke
2019-01-17,2376,1177333,1,751,2,4858,BetoORourke
2019-01-18,2757,1180090,-1,750,1,4859,BetoORourke
2019-01-19,1715,1181805,0,750,1,4860,BetoORourke
2019-01-20,1993,1183798,1,751,0,4860,BetoORourke
2019-01-21,1554,1185352,0,751,1,4861,BetoORourke
2019-01-22,1280,1186632,-2,749,1,4862,BetoORourke
2019-01-23,595,1187227,0,749,1,4863,BetoORourke
2019-01-24,598,1187825,0,749,3,4866,BetoORourke
2019-01-25,642,1188467,2,751,2,4868,BetoORourke
2019-01-26,914,1189381,0,751,0,4868,BetoORourke
2019-01-27,798,1190179,0,751,0,4868,BetoORourke
2019-01-28,481,1190660,0,751,0,4868,BetoORourke
2019-01-29,325,1190985,0,751,2,4870,BetoORourke
2019-01-30,775,1191760,-1,750,1,4871,BetoORourke
2019-01-31,643,1192403,1,751,0,4871,BetoORourke
2019-02-01,366,1192769,0,751,1,4872,BetoORourke
2019-02-02,315,1193084,0,751,0,4872,BetoORourke
2019-02-03,305,1193389,0,751,0,4872,BetoORourke
2019-02-04,221,1193610,0,751,0,4872,BetoORourke
2019-02-05,84,1193694,-1,750,0,4872,BetoORourke
2019-02-06,2115,1195809,0,750,1,4873,BetoORourke
2019-02-07,2017,1197826,1,751,7,4880,BetoORourke
2019-02-10,3420,1201246,0,751,5,4885,BetoORourke
2019-02-11,1696,1202942,-1,750,2,4887,BetoORourke
2019-02-12,4764,1207706,0,750,3,4890,BetoORourke
2019-02-13,13029,1220735,1,751,3,4893,BetoORourke
2019-02-14,2344,1223079,0,751,0,4893,BetoORourke
2019-02-15,1280,1224359,0,751,1,4894,BetoORourke
2019-02-16,2042,1226401,0,751,4,4898,BetoORourke
2019-02-17,1278,1227679,0,751,5,4903,BetoORourke
2019-02-18,1815,1229494,0,751,0,4903,BetoORourke
2019-02-19,887,1230381,0,751,0,4903,BetoORourke
2019-02-20,1227,1231608,0,751,0,4903,BetoORourke
2019-02-21,1181,1232789,0,751,1,4904,BetoORourke
2019-02-22,1027,1233816,0,751,2,4906,BetoORourke
2019-02-23,1112,1234928,1,752,0,4906,BetoORourke
2019-02-24,765,1235693,0,752,0,4906,BetoORourke
2019-02-25,703,1236396,0,752,1,4907,BetoORourke
2019-02-26,718,1237114,2,754,1,4908,BetoORourke
2019-02-27,922,1238036,0,754,0,4908,BetoORourke
2019-02-28,1772,1239808,2,756,1,4909,BetoORourke
2019-03-01,1658,1241466,0,756,0,4909,BetoORourke
2019-03-02,1041,1242507,0,756,0,4909,BetoORourke
2019-03-03,1004,1243511,1,757,0,4909,BetoORourke
2019-03-04,944,1244455,0,757,0,4909,BetoORourke
2019-03-05,691,1245146,-1,756,0,4909,BetoORourke
2019-03-06,578,1245724,0,756,-1,4908,BetoORourke
2019-03-07,417,1246141,0,756,0,4908,BetoORourke
2019-03-08,582,1246723,0,756,0,4908,BetoORourke
2019-03-09,702,1247425,0,756,0,4908,BetoORourke
2019-03-10,787,1248212,0,756,0,4908,BetoORourke
2019-03-11,868,1249080,0,756,0,4908,BetoORourke
2019-03-12,1186,1250266,0,756,0,4908,BetoORourke
2019-03-13,975,1251241,0,756,0,4908,BetoORourke
2019-03-14,7589,1258830,0,756,0,4908,BetoORourke
2019-03-15,48513,1307343,1,757,15,4923,BetoORourke
2019-03-16,14168,1321511,3,760,14,4937,BetoORourke
2019-03-17,5648,1327159,0,760,13,4950,BetoORourke
2019-03-18,9157,1336316,0,760,14,4964,BetoORourke
2019-03-19,6951,1343267,0,760,10,4974,BetoORourke
2019-03-20,5786,1349053,0,760,13,4987,BetoORourke
2019-03-21,4668,1353721,0,760,17,5004,BetoORourke
2019-03-22,4133,1357854,1,761,13,5017,BetoORourke
2019-03-23,6024,1363878,2,763,21,5038,BetoORourke
2019-03-24,6793,1370671,3,766,10,5048,BetoORourke
2019-03-25,2987,1373658,0,766,14,5062,BetoORourke
2019-03-26,2133,1375791,0,766,4,5066,BetoORourke
2019-03-27,1655,1377446,0,766,4,5070,BetoORourke
2019-03-28,1967,1379413,0,766,2,5072,BetoORourke
2019-03-29,2215,1381628,-1,765,5,5077,BetoORourke
2019-03-30,2233,1383861,0,765,4,5081,BetoORourke
2019-03-31,1322,1385183,0,765,90,5171,BetoORourke
2019-04-01,659,1385842,0,765,42,5213,BetoORourke
2019-04-02,1683,1387525,0,765,15,5228,BetoORourke
2019-04-03,1945,1389470,0,765,4,5232,BetoORourke
2019-04-04,1430,1390900,1,766,16,5248,BetoORourke
2019-04-05,1443,1392343,0,766,16,5264,BetoORourke
2019-04-06,1310,1393653,0,766,13,5277,BetoORourke
2019-04-07,1903,1395556,1,767,25,5302,BetoORourke
2019-04-08,1921,1397477,2,769,15,5317,BetoORourke
2019-04-09,2245,1399722,0,769,4,5321,BetoORourke
2019-04-10,1336,1401058,0,769,2,5323,BetoORourke
2019-04-11,1185,1402243,0,769,2,5325,BetoORourke
2019-04-12,712,1402955,-1,768,2,5327,BetoORourke
2019-04-13,1336,1404291,1,769,8,5335,BetoORourke
2019-04-14,2639,1406930,2,771,18,5353,BetoORourke
2019-04-15,2182,1409112,1,772,22,5375,BetoORourke
2019-04-16,1284,1410396,-1,771,36,5411,BetoORourke
2019-04-17,1043,1411439,2,773,35,5446,BetoORourke
2019-04-18,901,1412340,0,773,23,5469,BetoORourke
2019-04-19,1037,1413377,0,773,15,5484,BetoORourke
2019-04-20,1024,1414401,-1,772,7,5491,BetoORourke
2019-04-21,922,1415323,1,773,2,5493,BetoORourke
2019-04-22,839,1416162,0,773,3,5496,BetoORourke
2019-04-23,692,1416854,0,773,5,5501,BetoORourke
2019-04-24,782,1417636,0,773,1,5502,BetoORourke
2019-04-25,537,1418173,1,774,12,5514,BetoORourke
2019-04-26,802,1418975,0,774,15,5529,BetoORourke
2019-04-27,451,1419426,3,777,11,5540,BetoORourke
2019-04-28,294,1419720,0,777,20,5560,BetoORourke
2019-04-29,86,1419806,0,777,15,5575,BetoORourke
2019-04-30,449,1420255,0,777,23,5598,BetoORourke
2019-05-01,449,1420704,0,777,15,5613,BetoORourke
2019-05-02,545,1421249,1,778,7,5620,BetoORourke
2019-05-03,938,1422187,1,779,7,5627,BetoORourke
2019-05-04,498,1422685,0,779,12,5639,BetoORourke
2019-05-05,548,1423233,1,780,34,5673,BetoORourke
2019-05-06,379,1423612,0,780,20,5693,BetoORourke
2019-05-07,259,1423871,0,780,11,5704,BetoORourke
2019-05-08,192,1424063,0,780,18,5722,BetoORourke
2019-05-09,124,1424187,0,780,19,5741,BetoORourke
2019-05-10,354,1424541,0,780,11,5752,BetoORourke
2019-05-11,313,1424854,0,780,12,5764,BetoORourke
2019-05-12,167,1425021,0,780,13,5777,BetoORourke
2019-05-14,559,1425580,0,780,15,5792,BetoORourke
2019-05-15,607,1426187,0,780,8,5800,BetoORourke
2019-05-16,792,1426979,0,780,8,5808,BetoORourke
2019-05-17,483,1427462,0,780,16,5824,BetoORourke
2019-05-18,34,1427496,0,780,18,5842,BetoORourke
2019-05-19,112,1427608,0,780,9,5851,BetoORourke
2019-05-20,627,1428235,0,780,2,5853,BetoORourke
2019-05-21,474,1428709,0,780,45,5898,BetoORourke
2019-05-22,-39,1428670,0,780,16,5914,BetoORourke
2019-05-23,112,1428782,0,780,17,5931,BetoORourke
2019-05-24,235,1429017,-1,779,6,5937,BetoORourke
2019-05-25,240,1429257,0,779,7,5944,BetoORourke
2019-05-26,342,1429599,0,779,3,5947,BetoORourke
2019-05-27,247,1429846,0,779,4,5951,BetoORourke
2019-05-28,249,1430095,0,779,2,5953,BetoORourke
2019-05-29,317,1430412,0,779,1,5954,BetoORourke
2019-05-30,166,1430578,1,780,28,5982,BetoORourke
2019-05-31,403,1430981,0,780,18,6000,BetoORourke
2019-06-01,347,1431328,0,780,8,6008,BetoORourke
2019-06-02,179,1431507,0,780,18,6026,BetoORourke
2019-06-03,184,1431691,2,782,16,6042,BetoORourke
2019-06-04,278,1431969,-1,781,3,6045,BetoORourke
2019-06-05,257,1432226,0,781,6,6051,BetoORourke
2019-06-06,73,1432299,3,784,33,6084,BetoORourke
2019-06-07,30,1432329,2,786,11,6095,BetoORourke
2019-06-08,-93,1432236,-2,784,15,6110,BetoORourke
2019-06-09,-251,1431985,0,784,24,6134,BetoORourke
2019-06-10,-150,1431835,0,784,15,6149,BetoORourke
2019-06-11,-135,1431700,0,784,10,6159,BetoORourke
2019-06-12,17,1431717,0,784,4,6163,BetoORourke
2019-06-13,89,1431806,0,784,28,6191,BetoORourke
2019-06-14,324,1432130,0,784,13,6204,BetoORourke
2019-06-15,149,1432279,0,784,15,6219,BetoORourke
2019-06-16,-115,1432164,1,785,31,6250,BetoORourke
2019-06-17,-67,1432097,0,785,14,6264,BetoORourke
2019-06-18,-208,1431889,1,786,10,6274,BetoORourke
2019-06-19,311,1432200,0,786,4,6278,BetoORourke
2019-06-20,346,1432546,0,786,6,6284,BetoORourke
2019-06-21,358,1432904,1,787,7,6291,BetoORourke
2019-06-22,103,1433007,0,787,15,6306,BetoORourke
2019-06-23,-232,1432775,1,788,27,6333,BetoORourke
2019-06-24,68,1432843,0,788,6,6339,BetoORourke
2019-06-25,-285,1432558,5,793,21,6360,BetoORourke
2019-06-26,-367,1432191,1,794,25,6385,BetoORourke
2019-06-27,3641,1435832,2,796,31,6416,BetoORourke
2019-06-28,624,1436456,0,796,25,6441,BetoORourke
2019-06-29,1072,1437528,0,796,16,6457,BetoORourke
2019-06-30,411,1437939,0,796,14,6471,BetoORourke
2019-07-01,416,1438355,1,797,26,6497,BetoORourke
2019-07-02,505,1438860,0,797,6,6503,BetoORourke
2019-07-03,70,1438930,0,797,15,6518,BetoORourke
2019-07-04,-165,1438765,0,797,11,6529,BetoORourke
2019-07-05,-162,1438603,0,797,13,6542,BetoORourke
2019-07-06,-299,1438304,2,799,21,6563,BetoORourke
2019-07-07,-542,1437762,-1,798,11,6574,BetoORourke
2019-07-08,-499,1437263,1,799,18,6592,BetoORourke
2019-07-09,-544,1436719,2,801,16,6608,BetoORourke
2019-07-10,-83,1436636,0,801,10,6618,BetoORourke
2019-07-11,297,1436933,0,801,5,6623,BetoORourke
2019-07-12,-506,1436427,2,803,18,6641,BetoORourke
2019-07-13,300,1436727,0,803,4,6645,BetoORourke
2019-07-14,-174,1436553,1,804,26,6671,BetoORourke
2019-07-15,1294,1437847,1,805,8,6679,BetoORourke
2019-07-16,948,1438795,0,805,18,6697,BetoORourke
2019-07-17,65,1438860,-1,804,10,6707,BetoORourke
2019-07-18,68,1438928,0,804,8,6715,BetoORourke
2019-07-19,775,1439703,1,805,7,6722,BetoORourke
2019-07-20,78,1439781,0,805,15,6737,BetoORourke
2019-07-21,109,1439890,0,805,14,6751,BetoORourke
2019-07-22,893,1440783,0,805,5,6756,BetoORourke
2019-07-23,247,1441030,0,805,21,6777,BetoORourke
2019-07-24,260,1441290,0,805,10,6787,BetoORourke
2019-07-25,-170,1441120,0,805,22,6809,BetoORourke
2019-07-26,164,1441284,0,805,8,6817,BetoORourke
2019-07-27,110,1441394,0,805,7,6824,BetoORourke
2019-07-28,113,1441507,0,805,1,6825,BetoORourke
2019-07-29,45,1441552,0,805,3,6828,BetoORourke
2019-07-30,-81,1441471,0,805,5,6833,BetoORourke
2019-07-31,1590,1443061,0,805,30,6863,BetoORourke
2019-08-01,1208,1444269,0,805,14,6877,BetoORourke
2019-08-02,479,1444748,1,806,10,6887,BetoORourke
2019-08-03,594,1445342,0,806,7,6894,BetoORourke
2019-08-04,4419,1449761,0,806,20,6914,BetoORourke
2019-08-05,9772,1459533,0,806,13,6927,BetoORourke
2019-08-06,21603,1481136,-1,805,17,6944,BetoORourke
2019-08-07,14446,1495582,0,805,34,6978,BetoORourke
2019-08-08,17471,1513053,0,805,14,6992,BetoORourke
2019-08-09,8266,1521319,0,805,17,7009,BetoORourke
2019-08-10,6171,1527490,0,805,11,7020,BetoORourke
2019-08-11,3402,1530892,0,805,10,7030,BetoORourke
2019-08-12,2869,1533761,1,806,7,7037,BetoORourke
2019-08-13,2025,1535786,0,806,6,7043,BetoORourke
2019-08-14,2184,1537970,-1,805,7,7050,BetoORourke
2019-08-15,2025,1539995,0,805,9,7059,BetoORourke
2019-08-16,1436,1541431,0,805,27,7086,BetoORourke
2019-08-17,1336,1542767,1,806,12,7098,BetoORourke
2019-08-18,1817,1544584,0,806,11,7109,BetoORourke
2019-08-19,2396,1546980,1,807,13,7122,BetoORourke
2019-08-20,1531,1548511,0,807,13,7135,BetoORourke
2019-08-21,917,1549428,1,808,13,7148,BetoORourke
2019-08-22,1403,1550831,-1,807,20,7168,BetoORourke
2019-08-23,1709,1552540,1,808,16,7184,BetoORourke
2019-08-24,1486,1554026,2,810,7,7191,BetoORourke
