Date,Daily Followed Users,Daily Followers Gained,Daily Tweets Posted,Name,Total Followed Users,Total Follower Count,Total Tweets Posted
2018-02-14,4,113,19,AndrewYang,759,6472,1630
2018-02-15,1,43,10,AndrewYang,760,6515,1640
2018-02-16,1,35,3,AndrewYang,761,6550,1643
2018-02-17,1,47,10,AndrewYang,762,6597,1653
2018-02-18,2,89,8,AndrewYang,764,6686,1661
2018-02-19,0,17,4,AndrewYang,764,6703,1665
2018-02-20,0,11,4,AndrewYang,764,6714,1669
2018-02-21,0,17,4,AndrewYang,764,6731,1673
2018-02-22,1,13,3,AndrewYang,765,6744,1676
2018-02-23,0,11,1,AndrewYang,765,6755,1677
2018-02-24,2,24,4,AndrewYang,767,6779,1681
2018-02-25,1,6,2,AndrewYang,768,6785,1683
2018-02-26,0,11,1,AndrewYang,768,6796,1684
2018-02-27,0,4,0,AndrewYang,768,6800,1684
2018-02-28,1,17,5,AndrewYang,769,6817,1689
2018-03-01,1,23,8,AndrewYang,770,6840,1697
2018-03-02,2,43,11,AndrewYang,772,6883,1708
2018-03-03,1,15,8,AndrewYang,773,6898,1716
2018-03-04,0,8,10,AndrewYang,773,6906,1726
2018-03-05,0,6,2,AndrewYang,773,6912,1728
2018-03-06,2,12,7,AndrewYang,775,6924,1735
2018-03-07,0,48,7,AndrewYang,775,6972,1742
2018-03-08,1,86,3,AndrewYang,776,7058,1745
2018-03-09,3,57,6,AndrewYang,779,7115,1751
2018-03-10,1,23,2,AndrewYang,780,7138,1753
2018-03-11,0,18,3,AndrewYang,780,7156,1756
2018-03-12,1,17,2,AndrewYang,781,7173,1758
2018-03-13,-1,16,6,AndrewYang,780,7189,1764
2018-03-14,0,25,0,AndrewYang,780,7214,1764
2018-03-15,0,26,6,AndrewYang,780,7240,1770
2018-03-16,0,25,1,AndrewYang,780,7265,1771
2018-03-17,0,33,8,AndrewYang,780,7298,1779
2018-03-18,0,20,1,AndrewYang,780,7318,1780
2018-03-19,4,98,13,AndrewYang,784,7416,1793
2018-03-20,0,117,7,AndrewYang,784,7533,1800
2018-03-21,1,22,9,AndrewYang,785,7555,1809
2018-03-22,0,11,5,AndrewYang,785,7566,1814
2018-03-23,1,16,1,AndrewYang,786,7582,1815
2018-03-24,1,29,5,AndrewYang,787,7611,1820
2018-03-25,0,12,6,AndrewYang,787,7623,1826
2018-03-26,3,25,3,AndrewYang,790,7648,1829
2018-03-27,0,163,2,AndrewYang,790,7811,1831
2018-03-28,0,27,6,AndrewYang,790,7838,1837
2018-03-29,1,23,9,AndrewYang,791,7861,1846
2018-03-30,2,56,8,AndrewYang,793,7917,1854
2018-03-31,1,103,2,AndrewYang,794,8020,1856
2018-04-01,1,30,4,AndrewYang,795,8050,1860
2018-04-02,0,35,1,AndrewYang,795,8085,1861
2018-04-03,0,84,12,AndrewYang,795,8169,1873
2018-04-04,2,71,15,AndrewYang,797,8240,1888
2018-04-05,1,30,10,AndrewYang,798,8270,1898
2018-04-06,0,26,6,AndrewYang,798,8296,1904
2018-04-07,1,8,7,AndrewYang,799,8304,1911
2018-04-08,1,38,11,AndrewYang,800,8342,1922
2018-04-09,0,28,1,AndrewYang,800,8370,1923
2018-04-10,0,7,1,AndrewYang,800,8377,1924
2018-04-11,3,3,4,AndrewYang,803,8380,1928
2018-04-12,0,144,3,AndrewYang,803,8524,1931
2018-04-13,1,140,15,AndrewYang,804,8664,1946
2018-04-14,2,72,3,AndrewYang,806,8736,1949
2018-04-15,3,46,1,AndrewYang,809,8782,1950
2018-04-16,0,48,1,AndrewYang,809,8830,1951
2018-04-17,1,37,2,AndrewYang,810,8867,1953
2018-04-18,3,61,7,AndrewYang,813,8928,1960
2018-04-19,0,27,5,AndrewYang,813,8955,1965
2018-04-20,4,92,17,AndrewYang,817,9047,1982
2018-04-21,0,23,6,AndrewYang,817,9070,1988
2018-04-22,0,24,0,AndrewYang,817,9094,1988
2018-04-23,1,35,7,AndrewYang,818,9129,1995
2018-04-24,0,85,2,AndrewYang,818,9214,1997
2018-04-25,1,149,13,AndrewYang,819,9363,2010
2018-04-27,3,71,11,AndrewYang,822,9434,2021
2018-04-28,1,44,4,AndrewYang,823,9478,2025
2018-04-29,2,34,7,AndrewYang,825,9512,2032
2018-04-30,1,39,6,AndrewYang,826,9551,2038
2018-05-01,1,50,10,AndrewYang,827,9601,2048
2018-05-02,4,33,18,AndrewYang,831,9634,2066
2018-05-03,0,33,2,AndrewYang,831,9667,2068
2018-05-04,1,11,3,AndrewYang,832,9678,2071
2018-05-05,1,7,1,AndrewYang,833,9685,2072
2018-05-06,0,16,4,AndrewYang,833,9701,2076
2018-05-07,2,17,6,AndrewYang,835,9718,2082
2018-05-08,1,29,5,AndrewYang,836,9747,2087
2018-05-09,0,8,2,AndrewYang,836,9755,2089
2018-05-11,0,20,7,AndrewYang,836,9775,2096
2018-05-12,112,29,6,AndrewYang,948,9804,2102
2018-05-13,-88,82,5,AndrewYang,860,9886,2107
2018-05-14,-172,33,6,AndrewYang,688,9919,2113
2018-05-15,185,74,11,AndrewYang,873,9993,2124
2018-05-16,17,27,5,AndrewYang,890,10020,2129
2018-05-17,16,42,6,AndrewYang,906,10062,2135
2018-05-18,53,35,3,AndrewYang,959,10097,2138
2018-05-19,11,12,0,AndrewYang,970,10109,2138
2018-05-20,-118,35,1,AndrewYang,852,10144,2139
2018-05-21,210,69,11,AndrewYang,1062,10213,2150
2018-05-22,-31,21,6,AndrewYang,1031,10234,2156
2018-05-23,-17,30,9,AndrewYang,1014,10264,2165
2018-05-24,-3,11,5,AndrewYang,1011,10275,2170
2018-05-25,-62,53,5,AndrewYang,949,10328,2175
2018-05-26,-166,14,8,AndrewYang,783,10342,2183
2018-05-27,0,8,3,AndrewYang,783,10350,2186
2018-05-28,0,8,10,AndrewYang,783,10358,2196
2018-05-29,0,7,5,AndrewYang,783,10365,2201
2018-05-30,275,33,6,AndrewYang,1058,10398,2207
2018-05-31,6,18,12,AndrewYang,1064,10416,2219
2018-06-01,1,19,6,AndrewYang,1065,10435,2225
2018-06-02,9,117,10,AndrewYang,1074,10552,2235
2018-06-03,1,18,3,AndrewYang,1075,10570,2238
2018-06-04,-30,41,11,AndrewYang,1045,10611,2249
2018-06-05,13,29,8,AndrewYang,1058,10640,2257
2018-06-06,0,4,0,AndrewYang,1058,10644,2257
2018-06-07,7,72,14,AndrewYang,1065,10716,2271
2018-06-08,6,35,6,AndrewYang,1071,10751,2277
2018-06-09,0,28,7,AndrewYang,1071,10779,2284
2018-06-10,3,25,13,AndrewYang,1074,10804,2297
2018-06-11,6,35,9,AndrewYang,1080,10839,2306
2018-06-12,4,35,14,AndrewYang,1084,10874,2320
2018-06-13,1,31,7,AndrewYang,1085,10905,2327
2018-06-14,-244,66,15,AndrewYang,841,10971,2342
2018-06-15,2,52,14,AndrewYang,843,11023,2356
2018-06-16,2,17,2,AndrewYang,845,11040,2358
2018-06-17,1,16,5,AndrewYang,846,11056,2363
2018-06-18,3,22,5,AndrewYang,849,11078,2368
2018-06-19,8,1325,42,AndrewYang,857,12403,2410
2018-06-20,7,621,23,AndrewYang,864,13024,2433
2018-06-21,0,175,3,AndrewYang,864,13199,2436
2018-06-22,1,362,14,AndrewYang,865,13561,2450
2018-06-23,10,539,28,AndrewYang,875,14100,2478
2018-06-24,7,194,11,AndrewYang,882,14294,2489
2018-06-25,4,250,6,AndrewYang,886,14544,2495
2018-06-26,8,187,16,AndrewYang,894,14731,2511
2018-06-27,8,141,17,AndrewYang,902,14872,2528
2018-06-28,0,47,12,AndrewYang,902,14919,2540
2018-06-29,2,195,26,AndrewYang,904,15114,2566
2018-06-30,12,171,27,AndrewYang,916,15285,2593
2018-07-01,7,120,15,AndrewYang,923,15405,2608
2018-07-02,0,134,10,AndrewYang,923,15539,2618
2018-07-03,5,99,35,AndrewYang,928,15638,2653
2018-07-04,3,116,9,AndrewYang,931,15754,2662
2018-07-05,4,93,8,AndrewYang,935,15847,2670
2018-07-06,0,110,11,AndrewYang,935,15957,2681
2018-07-07,2,64,11,AndrewYang,937,16021,2692
2018-07-08,2,34,7,AndrewYang,939,16055,2699
2018-07-09,2,108,15,AndrewYang,941,16163,2714
2018-07-10,23,72,14,AndrewYang,964,16235,2728
2018-07-11,69,73,12,AndrewYang,1033,16308,2740
2018-07-12,41,55,10,AndrewYang,1074,16363,2750
2018-07-13,73,107,9,AndrewYang,1147,16470,2759
2018-07-14,47,53,4,AndrewYang,1194,16523,2763
2018-07-15,19,64,9,AndrewYang,1213,16587,2772
2018-07-16,110,72,3,AndrewYang,1323,16659,2775
2018-07-17,45,73,8,AndrewYang,1368,16732,2783
2018-07-18,48,41,4,AndrewYang,1416,16773,2787
2018-07-19,54,63,6,AndrewYang,1470,16836,2793
2018-07-20,63,80,8,AndrewYang,1533,16916,2801
2018-07-21,33,48,12,AndrewYang,1566,16964,2813
2018-07-22,48,52,3,AndrewYang,1614,17016,2816
2018-07-23,56,73,4,AndrewYang,1670,17089,2820
2018-07-24,63,106,17,AndrewYang,1733,17195,2837
2018-07-25,44,165,9,AndrewYang,1777,17360,2846
2018-07-26,53,111,10,AndrewYang,1830,17471,2856
2018-07-27,31,71,13,AndrewYang,1861,17542,2869
2018-07-28,22,72,5,AndrewYang,1883,17614,2874
2018-07-29,51,57,9,AndrewYang,1934,17671,2883
2018-07-30,53,53,2,AndrewYang,1987,17724,2885
2018-07-31,54,64,18,AndrewYang,2041,17788,2903
2018-08-01,61,44,15,AndrewYang,2102,17832,2918
2018-08-02,43,36,5,AndrewYang,2145,17868,2923
2018-08-03,42,36,8,AndrewYang,2187,17904,2931
2018-08-04,1,27,4,AndrewYang,2188,17931,2935
2018-08-05,17,47,8,AndrewYang,2205,17978,2943
2018-08-06,20,43,8,AndrewYang,2225,18021,2951
2018-08-07,64,55,2,AndrewYang,2289,18076,2953
2018-08-08,44,72,8,AndrewYang,2333,18148,2961
2018-08-09,1,24,14,AndrewYang,2334,18172,2975
2018-08-10,25,59,12,AndrewYang,2359,18231,2987
2018-08-11,2,67,11,AndrewYang,2361,18298,2998
2018-08-12,36,36,9,AndrewYang,2397,18334,3007
2018-08-13,63,22,15,AndrewYang,2460,18356,3022
2018-08-14,37,32,7,AndrewYang,2497,18388,3029
2018-08-15,18,42,4,AndrewYang,2515,18430,3033
2018-08-16,36,4,8,AndrewYang,2551,18434,3041
2018-08-17,34,47,8,AndrewYang,2585,18481,3049
2018-08-18,29,21,9,AndrewYang,2614,18502,3058
2018-08-19,4,64,7,AndrewYang,2618,18566,3065
2018-08-20,5,153,13,AndrewYang,2623,18719,3078
2018-08-21,9,113,32,AndrewYang,2632,18832,3110
2018-08-22,1,76,11,AndrewYang,2633,18908,3121
2018-08-23,8,103,17,AndrewYang,2641,19011,3138
2018-08-24,3,34,8,AndrewYang,2644,19045,3146
2018-08-25,2,49,3,AndrewYang,2646,19094,3149
2018-08-26,2,16,3,AndrewYang,2648,19110,3152
2018-08-27,12,109,32,AndrewYang,2660,19219,3184
2018-08-28,2,50,5,AndrewYang,2662,19269,3189
2018-08-29,6,37,12,AndrewYang,2668,19306,3201
2018-08-30,0,70,11,AndrewYang,2668,19376,3212
2018-08-31,1,32,16,AndrewYang,2669,19408,3228
2018-09-01,5,69,13,AndrewYang,2674,19477,3241
2018-09-02,4,70,9,AndrewYang,2678,19547,3250
2018-09-03,2,28,12,AndrewYang,2680,19575,3262
2018-09-04,7,7,16,AndrewYang,2687,19582,3278
2018-09-05,3,30,18,AndrewYang,2690,19612,3296
2018-09-06,5,71,25,AndrewYang,2695,19683,3321
2018-09-07,1,29,10,AndrewYang,2696,19712,3331
2018-09-08,5,660,14,AndrewYang,2701,20372,3345
2018-09-09,4,209,8,AndrewYang,2705,20581,3353
2018-09-10,0,75,6,AndrewYang,2705,20656,3359
2018-09-11,2,70,8,AndrewYang,2707,20726,3367
2018-09-12,2,94,6,AndrewYang,2709,20820,3373
2018-09-13,4,37,12,AndrewYang,2713,20857,3385
2018-09-14,1,35,8,AndrewYang,2714,20892,3393
2018-09-15,4,33,25,AndrewYang,2718,20925,3418
2018-09-16,1,34,20,AndrewYang,2719,20959,3438
2018-09-17,4,31,12,AndrewYang,2723,20990,3450
2018-09-18,5,36,9,AndrewYang,2728,21026,3459
2018-09-19,4,49,16,AndrewYang,2732,21075,3475
2018-09-20,8,51,44,AndrewYang,2740,21126,3519
2018-09-21,6,37,24,AndrewYang,2746,21163,3543
2018-09-22,5,50,16,AndrewYang,2751,21213,3559
2018-09-23,2,51,7,AndrewYang,2753,21264,3566
2018-09-24,2,6,16,AndrewYang,2755,21270,3582
2018-09-25,7,40,20,AndrewYang,2762,21310,3602
2018-09-26,0,34,17,AndrewYang,2762,21344,3619
2018-09-27,3,19,8,AndrewYang,2765,21363,3627
2018-09-28,0,8,11,AndrewYang,2765,21371,3638
2018-09-29,0,13,9,AndrewYang,2765,21384,3647
2018-09-30,1,16,4,AndrewYang,2766,21400,3651
2018-10-01,2,11,8,AndrewYang,2768,21411,3659
2018-10-02,1,24,11,AndrewYang,2769,21435,3670
2018-10-03,9,281,28,AndrewYang,2778,21716,3698
2018-10-04,1,64,13,AndrewYang,2779,21780,3711
2018-10-05,3,145,6,AndrewYang,2782,21925,3717
2018-10-06,4,48,16,AndrewYang,2786,21973,3733
2018-10-11,19,299,53,AndrewYang,2805,22272,3786
2018-10-14,10,182,40,AndrewYang,2815,22454,3826
2018-10-15,10,211,19,AndrewYang,2825,22665,3845
2018-10-16,2,49,3,AndrewYang,2827,22714,3848
2018-10-17,0,6,3,AndrewYang,2827,22720,3851
2018-10-18,12,14,0,AndrewYang,2839,22734,3851
2018-10-19,19,20,0,AndrewYang,2858,22754,3851
2018-10-20,84,32,6,AndrewYang,2942,22786,3857
2018-10-21,-96,25,7,AndrewYang,2846,22811,3864
2018-10-22,1,50,20,AndrewYang,2847,22861,3884
2018-10-23,1,34,8,AndrewYang,2848,22895,3892
2018-10-25,8,129,28,AndrewYang,2856,23024,3920
2018-10-26,3,38,27,AndrewYang,2859,23062,3947
2018-10-27,-1,12,1,AndrewYang,2858,23074,3948
2018-10-28,4,21,25,AndrewYang,2862,23095,3973
2018-10-29,2,13,26,AndrewYang,2864,23108,3999
2018-11-02,5,43,17,AndrewYang,2869,23151,4016
2018-11-03,0,-4,2,AndrewYang,2869,23147,4018
2018-11-04,1,27,2,AndrewYang,2870,23174,4020
2018-11-05,-9,45,5,AndrewYang,2861,23219,4025
2018-11-06,5,219,19,AndrewYang,2866,23438,4044
2018-11-07,7,319,10,AndrewYang,2873,23757,4054
2018-11-08,5,182,12,AndrewYang,2878,23939,4066
2018-11-09,5,199,5,AndrewYang,2883,24138,4071
2018-11-11,6,463,30,AndrewYang,2889,24601,4101
2018-11-12,6,94,15,AndrewYang,2895,24695,4116
2018-11-13,3,85,6,AndrewYang,2898,24780,4122
2018-11-14,1,76,12,AndrewYang,2899,24856,4134
2018-11-15,3,42,13,AndrewYang,2902,24898,4147
2018-11-16,6,39,19,AndrewYang,2908,24937,4166
2018-11-17,1,30,12,AndrewYang,2909,24967,4178
2018-11-18,0,24,4,AndrewYang,2909,24991,4182
2018-11-19,0,34,9,AndrewYang,2909,25025,4191
2018-11-20,3,48,14,AndrewYang,2912,25073,4205
2018-11-21,7,70,15,AndrewYang,2919,25143,4220
2018-11-22,2,34,14,AndrewYang,2921,25177,4234
2018-11-23,1,24,5,AndrewYang,2922,25201,4239
2018-11-24,2,20,11,AndrewYang,2924,25221,4250
2018-11-26,5,82,13,AndrewYang,2929,25303,4263
2018-12-01,46,330,59,AndrewYang,2975,25633,4322
2018-12-02,4,17,2,AndrewYang,2979,25650,4324
2018-12-03,5,51,4,AndrewYang,2984,25701,4328
2018-12-04,5,66,10,AndrewYang,2989,25767,4338
2018-12-05,4,69,9,AndrewYang,2993,25836,4347
2018-12-06,13,118,13,AndrewYang,3006,25954,4360
2018-12-07,2,66,13,AndrewYang,3008,26020,4373
2018-12-08,-122,46,11,AndrewYang,2886,26066,4384
2018-12-09,-7,73,6,AndrewYang,2879,26139,4390
2018-12-10,2,65,5,AndrewYang,2881,26204,4395
2018-12-11,7,52,10,AndrewYang,2888,26256,4405
2018-12-12,1,9,4,AndrewYang,2889,26265,4409
2018-12-13,-9,102,16,AndrewYang,2880,26367,4425
2018-12-14,11,134,12,AndrewYang,2891,26501,4437
2018-12-15,2,167,14,AndrewYang,2893,26668,4451
2018-12-16,2,193,13,AndrewYang,2895,26861,4464
2018-12-17,2,106,6,AndrewYang,2897,26967,4470
2018-12-18,11,122,17,AndrewYang,2908,27089,4487
2018-12-19,5,53,15,AndrewYang,2913,27142,4502
2018-12-20,1,36,10,AndrewYang,2914,27178,4512
2018-12-21,14,52,18,AndrewYang,2928,27230,4530
2018-12-22,9,94,11,AndrewYang,2937,27324,4541
2018-12-23,9,113,14,AndrewYang,2946,27437,4555
2018-12-24,1,32,11,AndrewYang,2947,27469,4566
2018-12-25,1,22,7,AndrewYang,2948,27491,4573
2018-12-26,2,78,11,AndrewYang,2950,27569,4584
2018-12-27,5,40,12,AndrewYang,2955,27609,4596
2018-12-28,4,63,16,AndrewYang,2959,27672,4612
2018-12-29,2,66,9,AndrewYang,2961,27738,4621
2018-12-30,1,34,9,AndrewYang,2962,27772,4630
2018-12-31,-1,27,4,AndrewYang,2961,27799,4634
2019-01-01,5,30,7,AndrewYang,2966,27829,4641
2019-01-02,4,62,8,AndrewYang,2970,27891,4649
2019-01-03,7,124,16,AndrewYang,2977,28015,4665
2019-01-04,2,312,6,AndrewYang,2979,28327,4671
2019-01-05,6,115,7,AndrewYang,2985,28442,4678
2019-01-06,2,50,12,AndrewYang,2987,28492,4690
2019-01-07,1,46,7,AndrewYang,2988,28538,4697
2019-01-08,3,51,19,AndrewYang,2991,28589,4716
2019-01-09,5,53,12,AndrewYang,2996,28642,4728
2019-01-10,13,664,24,AndrewYang,3009,29306,4752
2019-01-11,23,1428,27,AndrewYang,3032,30734,4779
2019-01-12,7,753,15,AndrewYang,3039,31487,4794
2019-01-13,3,504,-7,AndrewYang,3042,31991,4787
2019-01-14,3,471,24,AndrewYang,3045,32462,4811
2019-01-15,11,422,18,AndrewYang,3056,32884,4829
2019-01-16,21,330,28,AndrewYang,3077,33214,4857
2019-01-17,9,342,11,AndrewYang,3086,33556,4868
2019-01-18,5,266,15,AndrewYang,3091,33822,4883
2019-01-19,8,234,28,AndrewYang,3099,34056,4911
2019-01-20,4,148,13,AndrewYang,3103,34204,4924
2019-01-21,4,208,9,AndrewYang,3107,34412,4933
2019-01-22,8,443,18,AndrewYang,3115,34855,4951
2019-01-23,12,371,8,AndrewYang,3127,35226,4959
2019-01-24,20,316,17,AndrewYang,3147,35542,4976
2019-01-25,6,228,18,AndrewYang,3153,35770,4994
2019-01-26,6,210,18,AndrewYang,3159,35980,5012
2019-01-27,6,189,16,AndrewYang,3165,36169,5028
2019-01-28,4,268,17,AndrewYang,3169,36437,5045
2019-01-29,15,446,26,AndrewYang,3184,36883,5071
2019-01-30,11,295,16,AndrewYang,3195,37178,5087
2019-01-31,9,197,29,AndrewYang,3204,37375,5116
2019-02-01,7,275,13,AndrewYang,3211,37650,5129
2019-02-02,7,340,23,AndrewYang,3218,37990,5152
2019-02-03,8,142,20,AndrewYang,3226,38132,5172
2019-02-04,7,138,13,AndrewYang,3233,38270,5185
2019-02-05,4,141,14,AndrewYang,3237,38411,5199
2019-02-06,5,156,22,AndrewYang,3242,38567,5221
2019-02-07,-1,142,15,AndrewYang,3241,38709,5236
2019-02-10,11,969,32,AndrewYang,3252,39678,5268
2019-02-11,14,871,13,AndrewYang,3266,40549,5281
2019-02-12,3,360,18,AndrewYang,3269,40909,5299
2019-02-13,3,3316,20,AndrewYang,3272,44225,5319
2019-02-14,27,6205,43,AndrewYang,3299,50430,5362
2019-02-15,7,3649,31,AndrewYang,3306,54079,5393
2019-02-16,19,2550,85,AndrewYang,3325,56629,5478
2019-02-17,38,1975,37,AndrewYang,3363,58604,5515
2019-02-18,17,1791,25,AndrewYang,3380,60395,5540
2019-02-19,20,1741,57,AndrewYang,3400,62136,5597
2019-02-20,56,3105,25,AndrewYang,3456,65241,5622
2019-02-21,11,1994,46,AndrewYang,3467,67235,5668
2019-02-22,13,2447,29,AndrewYang,3480,69682,5697
2019-02-23,16,1396,31,AndrewYang,3496,71078,5728
2019-02-24,4,1568,29,AndrewYang,3500,72646,5757
2019-02-25,9,1873,30,AndrewYang,3509,74519,5787
2019-02-26,17,2111,33,AndrewYang,3526,76630,5820
2019-02-28,22,3145,76,AndrewYang,3548,79775,5896
2019-03-01,11,1500,24,AndrewYang,3559,81275,5920
2019-03-02,10,2024,22,AndrewYang,3569,83299,5942
2019-03-03,32,2502,45,AndrewYang,3601,85801,5987
2019-03-04,6,888,2,AndrewYang,3607,86689,5989
2019-03-05,16,2438,29,AndrewYang,3623,89127,6018
2019-03-06,28,2499,30,AndrewYang,3651,91626,6048
2019-03-07,30,5126,37,AndrewYang,3681,96752,6085
2019-03-08,50,6960,37,AndrewYang,3731,103712,6122
2019-03-09,29,5032,61,AndrewYang,3760,108744,6183
2019-03-10,38,5137,89,AndrewYang,3798,113881,6272
2019-03-11,43,6561,73,AndrewYang,3841,120442,6345
2019-03-12,82,9781,87,AndrewYang,3923,130223,6432
2019-03-13,25,7014,47,AndrewYang,3948,137237,6479
2019-03-14,42,5854,53,AndrewYang,3990,143091,6532
2019-03-15,23,6157,85,AndrewYang,4013,149248,6617
2019-03-16,29,6548,23,AndrewYang,4042,155796,6640
2019-03-17,119,11171,49,AndrewYang,4161,166967,6689
2019-03-18,67,7359,21,AndrewYang,4228,174326,6710
2019-03-19,4,6882,20,AndrewYang,4232,181208,6730
2019-03-20,8,1692,3,AndrewYang,4240,182900,6733
2019-03-21,7,4841,24,AndrewYang,4247,187741,6757
2019-03-22,6,3068,13,AndrewYang,4253,190809,6770
2019-03-23,4,2158,25,AndrewYang,4257,192967,6795
2019-03-24,1,1762,9,AndrewYang,4258,194729,6804
2019-03-25,6,1611,9,AndrewYang,4264,196340,6813
2019-03-26,4,2234,20,AndrewYang,4268,198574,6833
2019-03-27,3,2801,19,AndrewYang,4271,201375,6852
2019-03-28,7,1918,12,AndrewYang,4278,203293,6864
2019-03-29,19,1954,36,AndrewYang,4297,205247,6900
2019-03-30,0,2297,11,AndrewYang,4297,207544,6911
2019-03-31,0,1572,3,AndrewYang,4297,209116,6914
2019-04-01,7,942,13,AndrewYang,4304,210058,6927
2019-04-02,1,921,8,AndrewYang,4305,210979,6935
2019-04-03,3,1186,16,AndrewYang,4308,212165,6951
2019-04-04,8,1496,18,AndrewYang,4316,213661,6969
2019-04-05,3,2032,18,AndrewYang,4319,215693,6987
2019-04-06,1,2086,17,AndrewYang,4320,217779,7004
2019-04-07,5,1782,16,AndrewYang,4325,219561,7020
2019-04-08,-2,3982,14,AndrewYang,4323,223543,7034
2019-04-09,0,2823,12,AndrewYang,4323,226366,7046
2019-04-10,9,2141,18,AndrewYang,4332,228507,7064
2019-04-11,4,2616,32,AndrewYang,4336,231123,7096
2019-04-12,2,2247,19,AndrewYang,4338,233370,7115
2019-04-13,3,2025,25,AndrewYang,4341,235395,7140
2019-04-14,3,1650,25,AndrewYang,4344,237045,7165
2019-04-15,1,2229,35,AndrewYang,4345,239274,7200
2019-04-16,7,2209,53,AndrewYang,4352,241483,7253
2019-04-17,10,1782,22,AndrewYang,4362,243265,7275
2019-04-18,11,1610,22,AndrewYang,4373,244875,7297
2019-04-19,0,1430,24,AndrewYang,4373,246305,7321
2019-04-20,8,974,16,AndrewYang,4381,247279,7337
2019-04-21,0,1104,14,AndrewYang,4381,248383,7351
2019-04-22,3,1108,11,AndrewYang,4384,249491,7362
2019-04-23,3,1320,19,AndrewYang,4387,250811,7381
2019-04-24,4,1167,20,AndrewYang,4391,251978,7401
2019-04-25,10,1100,19,AndrewYang,4401,253078,7420
2019-04-26,1,1416,17,AndrewYang,4402,254494,7437
2019-04-27,5,1017,16,AndrewYang,4407,255511,7453
2019-04-28,5,873,16,AndrewYang,4412,256384,7469
2019-04-29,1,728,18,AndrewYang,4413,257112,7487
2019-04-30,7,567,29,AndrewYang,4420,257679,7516
2019-05-01,6,565,19,AndrewYang,4426,258244,7535
2019-05-02,3,524,20,AndrewYang,4429,258768,7555
2019-05-03,-1,646,13,AndrewYang,4428,259414,7568
2019-05-04,5,665,13,AndrewYang,4433,260079,7581
2019-05-05,5,617,15,AndrewYang,4438,260696,7596
2019-05-06,8,505,19,AndrewYang,4446,261201,7615
2019-05-07,0,492,15,AndrewYang,4446,261693,7630
2019-05-08,1,518,15,AndrewYang,4447,262211,7645
2019-05-09,3,602,19,AndrewYang,4450,262813,7664
2019-05-10,5,1114,14,AndrewYang,4455,263927,7678
2019-05-11,15,1079,17,AndrewYang,4470,265006,7695
2019-05-12,0,775,14,AndrewYang,4470,265781,7709
2019-05-14,12,1593,19,AndrewYang,4482,267374,7728
2019-05-15,6,407,6,AndrewYang,4488,267781,7734
2019-05-16,13,904,14,AndrewYang,4501,268685,7748
2019-05-17,9,1305,29,AndrewYang,4510,269990,7777
2019-05-18,4,986,28,AndrewYang,4514,270976,7805
2019-05-19,10,988,10,AndrewYang,4524,271964,7815
2019-05-20,8,620,12,AndrewYang,4532,272584,7827
2019-05-21,7,803,24,AndrewYang,4539,273387,7851
2019-05-22,6,755,18,AndrewYang,4545,274142,7869
2019-05-23,16,696,32,AndrewYang,4561,274838,7901
2019-05-24,19,1824,26,AndrewYang,4580,276662,7927
2019-05-25,10,1549,21,AndrewYang,4590,278211,7948
2019-05-26,8,1578,15,AndrewYang,4598,279789,7963
2019-05-27,5,1310,6,AndrewYang,4603,281099,7969
2019-05-28,7,956,7,AndrewYang,4610,282055,7976
2019-05-29,10,768,25,AndrewYang,4620,282823,8001
2019-05-30,15,752,30,AndrewYang,4635,283575,8031
2019-05-31,11,918,22,AndrewYang,4646,284493,8053
2019-06-01,7,596,23,AndrewYang,4653,285089,8076
2019-06-02,5,964,15,AndrewYang,4658,286053,8091
2019-06-03,4,1983,10,AndrewYang,4662,288036,8101
2019-06-04,13,1377,13,AndrewYang,4675,289413,8114
2019-06-05,14,822,22,AndrewYang,4689,290235,8136
2019-06-06,11,1059,11,AndrewYang,4700,291294,8147
2019-06-07,7,836,23,AndrewYang,4707,292130,8170
2019-06-08,14,1276,16,AndrewYang,4721,293406,8186
2019-06-09,15,2096,28,AndrewYang,4736,295502,8214
2019-06-10,20,3120,17,AndrewYang,4756,298622,8231
2019-06-11,14,1938,40,AndrewYang,4770,300560,8271
2019-06-12,16,1536,16,AndrewYang,4786,302096,8287
2019-06-13,9,1268,18,AndrewYang,4795,303364,8305
2019-06-14,16,1257,21,AndrewYang,4811,304621,8326
2019-06-15,17,1534,30,AndrewYang,4828,306155,8356
2019-06-16,3,1817,11,AndrewYang,4831,307972,8367
2019-06-17,11,1062,30,AndrewYang,4842,309034,8397
2019-06-18,11,951,12,AndrewYang,4853,309985,8409
2019-06-19,8,1101,36,AndrewYang,4861,311086,8445
2019-06-20,10,1213,14,AndrewYang,4871,312299,8459
2019-06-21,10,989,16,AndrewYang,4881,313288,8475
2019-06-22,8,573,18,AndrewYang,4889,313861,8493
2019-06-23,13,657,17,AndrewYang,4902,314518,8510
2019-06-24,10,956,16,AndrewYang,4912,315474,8526
2019-06-25,4,12925,20,AndrewYang,4916,328399,8546
2019-06-26,44,47500,20,AndrewYang,4960,375899,8566
2019-06-27,38,23566,25,AndrewYang,4998,399465,8591
2019-06-28,11,50249,44,AndrewYang,5009,449714,8635
2019-06-29,6,22808,12,AndrewYang,5015,472522,8647
2019-06-30,3,19969,16,AndrewYang,5018,492491,8663
2019-07-01,0,10387,20,AndrewYang,5018,502878,8683
2019-07-02,2,7441,15,AndrewYang,5020,510319,8698
2019-07-03,0,3734,29,AndrewYang,5020,514053,8727
2019-07-04,0,6530,11,AndrewYang,5020,520583,8738
2019-07-05,-1,1850,7,AndrewYang,5019,522433,8745
2019-07-06,0,413,8,AndrewYang,5019,522846,8753
2019-07-07,1,34,8,AndrewYang,5020,522880,8761
2019-07-08,-1,218,-2,AndrewYang,5019,523098,8759
2019-07-09,8,787,21,AndrewYang,5027,523885,8780
2019-07-10,0,186,22,AndrewYang,5027,524071,8802
2019-07-11,11,225,15,AndrewYang,5038,524296,8817
2019-07-12,1,-692,16,AndrewYang,5039,523604,8833
2019-07-13,5,1076,11,AndrewYang,5044,524680,8844
2019-07-14,4,1503,2,AndrewYang,5048,526183,8846
2019-07-15,0,576,4,AndrewYang,5048,526759,8850
2019-07-16,2,61,29,AndrewYang,5050,526820,8879
2019-07-17,-1,118,16,AndrewYang,5049,526938,8895
2019-07-18,1,379,18,AndrewYang,5050,527317,8913
2019-07-19,-1,892,13,AndrewYang,5049,528209,8926
2019-07-20,-3,454,32,AndrewYang,5046,528663,8958
2019-07-21,0,644,11,AndrewYang,5046,529307,8969
2019-07-22,1,323,15,AndrewYang,5047,529630,8984
2019-07-23,0,1097,15,AndrewYang,5047,530727,8999
2019-07-24,1,1000,12,AndrewYang,5048,531727,9011
2019-07-25,5,504,15,AndrewYang,5053,532231,9026
2019-07-26,0,1192,21,AndrewYang,5053,533423,9047
2019-07-27,13,2840,12,AndrewYang,5066,536263,9059
2019-07-28,3,817,12,AndrewYang,5069,537080,9071
2019-07-29,4,1103,14,AndrewYang,5073,538183,9085
2019-07-30,2,981,24,AndrewYang,5075,539164,9109
2019-07-31,8,2843,24,AndrewYang,5083,542007,9133
2019-08-01,5,25841,51,AndrewYang,5088,567848,9184
2019-08-02,19,20799,29,AndrewYang,5107,588647,9213
2019-08-03,3,7983,38,AndrewYang,5110,596630,9251
2019-08-04,5,5635,14,AndrewYang,5115,602265,9265
2019-08-05,4,4319,27,AndrewYang,5119,606584,9292
2019-08-06,6,2802,20,AndrewYang,5125,609386,9312
2019-08-07,5,3223,20,AndrewYang,5130,612609,9332
2019-08-08,6,4594,29,AndrewYang,5136,617203,9361
2019-08-09,8,6745,43,AndrewYang,5144,623948,9404
2019-08-10,8,5227,30,AndrewYang,5152,629175,9434
2019-08-11,14,18801,19,AndrewYang,5166,647976,9453
2019-08-12,16,13232,23,AndrewYang,5182,661208,9476
2019-08-13,16,10440,25,AndrewYang,5198,671648,9501
2019-08-14,12,6078,24,AndrewYang,5210,677726,9525
2016-12-09,0,1832,0,joebiden,10,1385792,1199
2016-12-10,0,1209,0,joebiden,10,1387001,1199
2016-12-11,0,1331,0,joebiden,10,1388332,1199
2016-12-12,0,1038,0,joebiden,10,1389370,1199
2016-12-13,0,1231,0,joebiden,10,1390601,1199
2016-12-14,0,665,0,joebiden,10,1391266,1199
2016-12-15,0,1267,0,joebiden,10,1392533,1199
2016-12-16,0,1000,0,joebiden,10,1393533,1199
2016-12-17,0,925,0,joebiden,10,1394458,1199
2016-12-18,0,872,0,joebiden,10,1395330,1199
2016-12-19,0,1096,0,joebiden,10,1396426,1199
2016-12-20,0,1048,0,joebiden,10,1397474,1199
2016-12-21,0,915,0,joebiden,10,1398389,1199
2016-12-22,0,827,0,joebiden,10,1399216,1199
2016-12-23,0,916,0,joebiden,10,1400132,1199
2016-12-24,0,698,0,joebiden,10,1400830,1199
2016-12-25,0,837,0,joebiden,10,1401667,1199
2016-12-26,0,796,0,joebiden,10,1402463,1199
2016-12-27,0,956,0,joebiden,10,1403419,1199
2016-12-28,0,1046,0,joebiden,10,1404465,1199
2016-12-29,0,847,0,joebiden,10,1405312,1199
2016-12-30,0,847,0,joebiden,10,1406159,1199
2016-12-31,0,894,0,joebiden,10,1407053,1199
2017-01-01,0,535,0,joebiden,10,1407588,1199
2017-01-02,0,1713,0,joebiden,10,1409301,1199
2017-01-03,0,2188,0,joebiden,10,1411489,1199
2017-01-04,0,1524,0,joebiden,10,1413013,1199
2017-01-05,0,1523,0,joebiden,10,1414536,1199
2017-01-06,0,2632,0,joebiden,10,1417168,1199
2017-01-07,0,2075,0,joebiden,10,1419243,1199
2017-01-08,0,395,0,joebiden,10,1419638,1199
2017-01-09,0,259,0,joebiden,10,1419897,1199
2017-01-10,0,361,0,joebiden,10,1420258,1199
2017-01-11,0,2436,0,joebiden,10,1422694,1199
2017-01-12,0,328,0,joebiden,10,1423022,1199
2017-01-13,0,12773,0,joebiden,10,1435795,1199
2017-01-14,0,1175,0,joebiden,10,1436970,1199
2017-01-15,0,1526,0,joebiden,10,1438496,1199
2017-01-16,0,489,0,joebiden,10,1438985,1199
2017-01-17,0,1270,0,joebiden,10,1440255,1199
2017-01-18,0,7368,0,joebiden,10,1447623,1199
2017-01-19,0,3914,0,joebiden,10,1451537,1199
2017-01-20,1,29772,0,joebiden,11,1481309,1199
2017-01-21,1,29631,0,joebiden,12,1510940,1199
2017-01-22,0,6570,0,joebiden,12,1517510,1199
2017-01-23,0,5658,0,joebiden,12,1523168,1199
2017-01-24,0,2889,0,joebiden,12,1526057,1199
2017-01-25,0,2123,0,joebiden,12,1528180,1199
2017-01-26,0,2183,0,joebiden,12,1530363,1199
2017-01-27,0,1522,0,joebiden,12,1531885,1199
2017-01-28,0,1218,0,joebiden,12,1533103,1199
2017-01-29,0,2145,0,joebiden,12,1535248,1199
2017-01-30,0,2024,0,joebiden,12,1537272,1199
2017-01-31,0,1278,0,joebiden,12,1538550,1199
2017-02-01,1,2623,3,joebiden,13,1541173,1202
2017-02-02,0,8888,0,joebiden,13,1550061,1202
2017-02-03,0,8535,1,joebiden,13,1558596,1203
2017-02-04,0,7997,0,joebiden,13,1566593,1203
2017-02-05,0,6695,0,joebiden,13,1573288,1203
2017-02-06,0,19960,1,joebiden,13,1593248,1204
2017-02-07,0,7973,0,joebiden,13,1601221,1204
2017-02-08,0,8636,0,joebiden,13,1609857,1204
2017-02-09,0,9121,0,joebiden,13,1618978,1204
2017-02-10,0,8111,0,joebiden,13,1627089,1204
2017-02-11,1,4244,0,joebiden,14,1631333,1204
2017-02-12,0,3906,0,joebiden,14,1635239,1204
2017-02-13,0,3979,0,joebiden,14,1639218,1204
2017-02-14,0,3005,0,joebiden,14,1642223,1204
2017-02-15,0,6210,0,joebiden,14,1648433,1204
2017-02-16,0,3777,0,joebiden,14,1652210,1204
2017-02-17,0,3533,0,joebiden,14,1655743,1204
2017-02-18,0,2685,0,joebiden,14,1658428,1204
2017-02-19,0,2295,0,joebiden,14,1660723,1204
2017-02-20,0,2707,0,joebiden,14,1663430,1204
2017-02-21,0,2568,0,joebiden,14,1665998,1204
2017-02-22,0,2058,0,joebiden,14,1668056,1204
2017-02-23,0,1987,0,joebiden,14,1670043,1204
2017-02-24,0,2202,0,joebiden,14,1672245,1204
2017-02-25,0,1910,0,joebiden,14,1674155,1204
2017-02-26,0,4104,1,joebiden,14,1678259,1205
2017-02-27,0,2788,0,joebiden,14,1681047,1205
2017-02-28,0,1906,0,joebiden,14,1682953,1205
2017-03-01,0,2841,0,joebiden,14,1685794,1205
2017-03-02,0,2258,0,joebiden,14,1688052,1205
2017-03-03,0,2106,0,joebiden,14,1690158,1205
2017-03-04,0,1879,0,joebiden,14,1692037,1205
2017-03-05,0,2239,0,joebiden,14,1694276,1205
2017-03-06,0,1973,0,joebiden,14,1696249,1205
2017-03-07,0,2410,0,joebiden,14,1698659,1205
2017-03-08,0,2186,0,joebiden,14,1700845,1205
2017-03-09,0,2736,1,joebiden,14,1703581,1206
2017-03-10,0,1863,0,joebiden,14,1705444,1206
2017-03-11,0,1460,0,joebiden,14,1706904,1206
2017-03-12,0,1405,0,joebiden,14,1708309,1206
2017-03-13,0,2217,3,joebiden,14,1710526,1209
2017-03-14,0,1970,0,joebiden,14,1712496,1209
2017-03-15,0,2058,0,joebiden,14,1714554,1209
2017-03-16,0,2013,0,joebiden,14,1716567,1209
2017-03-17,0,2255,3,joebiden,14,1718822,1212
2017-03-18,1,2526,0,joebiden,15,1721348,1212
2017-03-19,0,1928,0,joebiden,15,1723276,1212
2017-03-20,0,2181,0,joebiden,15,1725457,1212
2017-03-21,0,2357,0,joebiden,15,1727814,1212
2017-03-22,0,2333,0,joebiden,15,1730147,1212
2017-03-23,0,3258,0,joebiden,15,1733405,1212
2017-03-24,0,7643,1,joebiden,15,1741048,1213
2017-03-25,0,5781,1,joebiden,15,1746829,1214
2017-03-26,0,2809,0,joebiden,15,1749638,1214
2017-03-27,0,2370,0,joebiden,15,1752008,1214
2017-03-28,0,1799,1,joebiden,15,1753807,1215
2017-03-29,0,3855,0,joebiden,15,1757662,1215
2017-03-30,0,2590,4,joebiden,15,1760252,1219
2017-03-31,1,1807,2,joebiden,16,1762059,1221
2017-04-01,0,1360,0,joebiden,16,1763419,1221
2017-04-02,0,1062,0,joebiden,16,1764481,1221
2017-04-03,0,1061,0,joebiden,16,1765542,1221
2017-04-04,0,1286,0,joebiden,16,1766828,1221
2017-04-05,0,1108,0,joebiden,16,1767936,1221
2017-04-06,0,1202,1,joebiden,16,1769138,1222
2017-04-07,0,1393,2,joebiden,16,1770531,1224
2017-04-08,0,1306,3,joebiden,16,1771837,1227
2017-04-09,0,869,0,joebiden,16,1772706,1227
2017-04-10,0,851,0,joebiden,16,1773557,1227
2017-04-11,0,713,0,joebiden,16,1774270,1227
2017-04-12,0,843,0,joebiden,16,1775113,1227
2017-04-13,0,613,0,joebiden,16,1775726,1227
2017-04-14,0,1158,0,joebiden,16,1776884,1227
2017-04-15,0,1848,2,joebiden,16,1778732,1229
2017-04-16,0,1186,0,joebiden,16,1779918,1229
2017-04-17,0,698,0,joebiden,16,1780616,1229
2017-04-18,0,614,1,joebiden,16,1781230,1230
2017-04-19,0,819,0,joebiden,16,1782049,1230
2017-04-20,0,885,0,joebiden,16,1782934,1230
2017-04-21,0,1306,0,joebiden,16,1784240,1230
2017-04-22,0,1278,0,joebiden,16,1785518,1230
2017-04-23,0,1298,0,joebiden,16,1786816,1230
2017-04-24,0,1411,0,joebiden,16,1788227,1230
2017-04-25,0,1471,0,joebiden,16,1789698,1230
2017-04-26,0,1146,0,joebiden,16,1790844,1230
2017-04-27,0,1822,1,joebiden,16,1792666,1231
2017-04-28,0,1314,0,joebiden,16,1793980,1231
2017-04-29,0,1113,0,joebiden,16,1795093,1231
2017-04-30,0,1135,0,joebiden,16,1796228,1231
2017-05-01,0,1242,0,joebiden,16,1797470,1231
2017-05-02,0,1079,0,joebiden,16,1798549,1231
2017-05-03,0,1221,0,joebiden,16,1799770,1231
2017-05-04,0,1341,0,joebiden,16,1801111,1231
2017-05-05,0,8140,2,joebiden,16,1809251,1233
2017-05-06,0,3892,0,joebiden,16,1813143,1233
2017-05-07,0,1264,0,joebiden,16,1814407,1233
2017-05-08,0,1705,0,joebiden,16,1816112,1233
2017-05-09,0,1222,0,joebiden,16,1817334,1233
2017-05-10,0,2173,1,joebiden,16,1819507,1234
2017-05-11,0,1872,0,joebiden,16,1821379,1234
2017-05-12,0,1336,0,joebiden,16,1822715,1234
2017-05-13,0,1428,0,joebiden,16,1824143,1234
2017-05-14,0,1244,0,joebiden,16,1825387,1234
2017-05-15,0,2072,0,joebiden,16,1827459,1234
2017-05-16,0,1938,0,joebiden,16,1829397,1234
2017-05-17,0,1944,0,joebiden,16,1831341,1234
2017-05-18,0,1855,1,joebiden,16,1833196,1235
2017-05-19,0,1347,0,joebiden,16,1834543,1235
2017-05-20,0,505,0,joebiden,16,1835048,1235
2017-05-21,0,621,0,joebiden,16,1835669,1235
2017-05-22,0,513,0,joebiden,16,1836182,1235
2017-05-23,0,777,0,joebiden,16,1836959,1235
2017-05-24,0,2348,0,joebiden,16,1839307,1235
2017-05-25,0,1863,1,joebiden,16,1841170,1236
2017-05-26,0,1885,0,joebiden,16,1843055,1236
2017-05-27,0,1697,0,joebiden,16,1844752,1236
2017-05-28,0,2472,1,joebiden,16,1847224,1237
2017-05-29,0,2319,0,joebiden,16,1849543,1237
2017-05-30,0,2381,1,joebiden,16,1851924,1238
2017-05-31,0,2143,0,joebiden,16,1854067,1238
2017-06-01,0,4129,7,joebiden,16,1858196,1245
2017-06-02,0,6492,1,joebiden,16,1864688,1246
2017-06-03,0,2620,0,joebiden,16,1867308,1246
2017-06-04,0,2103,1,joebiden,16,1869411,1247
2017-06-05,0,2009,0,joebiden,16,1871420,1247
2017-06-06,0,1665,0,joebiden,16,1873085,1247
2017-06-07,0,1704,1,joebiden,16,1874789,1248
2017-06-08,0,1895,1,joebiden,16,1876684,1249
2017-06-09,0,1978,0,joebiden,16,1878662,1249
2017-06-10,0,1374,0,joebiden,16,1880036,1249
2017-06-11,0,1228,0,joebiden,16,1881264,1249
2017-06-12,0,1489,0,joebiden,16,1882753,1249
2017-06-13,0,1540,1,joebiden,16,1884293,1250
2017-06-14,0,2096,0,joebiden,16,1886389,1250
2017-06-15,0,1725,1,joebiden,16,1888114,1251
2017-06-16,0,1621,1,joebiden,16,1889735,1252
2017-06-17,0,1935,0,joebiden,16,1891670,1252
2017-06-18,0,1857,1,joebiden,16,1893527,1253
2017-06-19,0,3099,0,joebiden,16,1896626,1253
2017-06-20,0,2519,0,joebiden,16,1899145,1253
2017-06-21,1,2205,1,joebiden,17,1901350,1254
2017-06-22,0,2095,0,joebiden,17,1903445,1254
2017-06-23,0,2750,0,joebiden,17,1906195,1254
2017-06-24,0,3725,4,joebiden,17,1909920,1258
2017-06-25,0,2858,0,joebiden,17,1912778,1258
2017-06-26,0,2333,0,joebiden,17,1915111,1258
2017-06-27,0,2494,2,joebiden,17,1917605,1260
2017-06-28,0,2200,0,joebiden,17,1919805,1260
2017-06-29,0,2469,0,joebiden,17,1922274,1260
2017-06-30,0,2599,0,joebiden,17,1924873,1260
2017-07-01,0,1952,0,joebiden,17,1926825,1260
2017-07-02,0,1716,0,joebiden,17,1928541,1260
2017-07-03,0,1910,0,joebiden,17,1930451,1260
2017-07-04,0,1822,0,joebiden,17,1932273,1260
2017-07-05,0,2133,1,joebiden,17,1934406,1261
2017-07-06,0,1899,0,joebiden,17,1936305,1261
2017-07-07,0,1559,0,joebiden,17,1937864,1261
2017-07-08,0,2602,0,joebiden,17,1940466,1261
2017-07-09,0,2221,0,joebiden,17,1942687,1261
2017-07-10,0,2820,0,joebiden,17,1945507,1261
2017-07-11,0,4245,0,joebiden,17,1949752,1261
2017-07-12,0,3274,1,joebiden,17,1953026,1262
2017-07-13,0,3143,0,joebiden,17,1956169,1262
2017-07-14,0,2436,0,joebiden,17,1958605,1262
2017-07-15,0,2442,0,joebiden,17,1961047,1262
2017-07-16,0,2489,0,joebiden,17,1963536,1262
2017-07-17,0,2620,1,joebiden,17,1966156,1263
2017-07-18,0,2990,7,joebiden,17,1969146,1270
2017-07-19,0,2319,0,joebiden,17,1971465,1270
2017-07-20,0,7520,2,joebiden,17,1978985,1272
2017-07-21,1,4624,0,joebiden,18,1983609,1272
2017-07-22,0,2858,0,joebiden,18,1986467,1272
2017-07-23,0,2388,0,joebiden,18,1988855,1272
2017-07-24,0,2204,0,joebiden,18,1991059,1272
2017-07-25,0,2176,1,joebiden,18,1993235,1273
2017-07-26,0,5756,1,joebiden,18,1998991,1274
2017-07-27,0,26731,2,joebiden,18,2025722,1276
2017-07-28,0,5985,1,joebiden,18,2031707,1277
2017-07-29,0,4349,1,joebiden,18,2036056,1278
2017-07-30,0,3316,0,joebiden,18,2039372,1278
2017-07-31,0,2606,0,joebiden,18,2041978,1278
2017-08-01,0,2309,1,joebiden,18,2044287,1279
2017-08-02,0,2341,0,joebiden,18,2046628,1279
2017-08-03,0,2140,0,joebiden,18,2048768,1279
2017-08-04,0,2909,1,joebiden,18,2051677,1280
2017-08-05,0,11807,0,joebiden,18,2063484,1280
2017-08-06,0,3132,0,joebiden,18,2066616,1280
2017-08-07,0,1416,0,joebiden,18,2068032,1280
2017-08-08,0,1792,0,joebiden,18,2069824,1280
2017-08-09,0,2591,0,joebiden,18,2072415,1280
2017-08-10,0,3082,0,joebiden,18,2075497,1280
2017-08-11,0,3452,0,joebiden,18,2078949,1280
2017-08-12,0,2998,0,joebiden,18,2081947,1280
2017-08-13,0,30975,2,joebiden,18,2112922,1282
2017-08-14,0,14185,0,joebiden,18,2127107,1282
2017-08-15,0,6210,0,joebiden,18,2133317,1282
2017-08-16,0,9897,0,joebiden,18,2143214,1282
2017-08-17,0,8128,0,joebiden,18,2151342,1282
2017-08-18,0,6123,1,joebiden,18,2157465,1283
2017-08-19,0,4934,0,joebiden,18,2162399,1283
2017-08-20,0,4305,0,joebiden,18,2166704,1283
2017-08-21,0,3477,0,joebiden,18,2170181,1283
2017-08-22,0,3521,0,joebiden,18,2173702,1283
2017-08-23,0,3929,0,joebiden,18,2177631,1283
2017-08-24,0,3980,1,joebiden,18,2181611,1284
2017-08-25,0,4057,0,joebiden,18,2185668,1284
2017-08-26,0,3584,0,joebiden,18,2189252,1284
2017-08-27,0,4512,0,joebiden,18,2193764,1284
2017-08-28,0,6824,1,joebiden,18,2200588,1285
2017-08-29,0,4467,0,joebiden,18,2205055,1285
2017-08-30,0,3264,0,joebiden,18,2208319,1285
2017-08-31,0,3302,0,joebiden,18,2211621,1285
2017-09-01,0,1861,0,joebiden,18,2213482,1285
2017-09-02,0,1623,0,joebiden,18,2215105,1285
2017-09-03,0,1731,0,joebiden,18,2216836,1285
2017-09-04,0,1817,0,joebiden,18,2218653,1285
2017-09-05,0,1876,0,joebiden,18,2220529,1285
2017-09-06,0,14836,1,joebiden,18,2235365,1286
2017-09-07,0,5047,0,joebiden,18,2240412,1286
2017-09-08,0,2778,1,joebiden,18,2243190,1287
2017-09-09,0,2616,0,joebiden,18,2245806,1287
2017-09-10,0,2592,1,joebiden,18,2248398,1288
2017-09-11,0,2468,1,joebiden,18,2250866,1289
2017-09-12,0,3018,0,joebiden,18,2253884,1289
2017-09-13,0,2600,0,joebiden,18,2256484,1289
2017-09-14,0,3189,1,joebiden,18,2259673,1290
2017-09-15,0,2368,1,joebiden,18,2262041,1291
2017-09-16,0,1950,0,joebiden,18,2263991,1291
2017-09-17,0,1864,0,joebiden,18,2265855,1291
2017-09-18,0,1947,2,joebiden,18,2267802,1293
2017-09-19,0,8765,2,joebiden,18,2276567,1295
2017-09-20,0,4909,1,joebiden,18,2281476,1296
2017-09-21,0,3403,3,joebiden,18,2284879,1299
2017-09-22,0,1970,0,joebiden,18,2286849,1299
2017-09-23,0,2110,1,joebiden,18,2288959,1300
2017-09-24,0,2640,0,joebiden,18,2291599,1300
2017-09-25,0,2536,0,joebiden,18,2294135,1300
2017-09-26,0,8689,2,joebiden,18,2302824,1302
2017-09-27,0,4257,0,joebiden,18,2307081,1302
2017-09-28,0,4029,1,joebiden,18,2311110,1303
2017-09-29,0,13209,3,joebiden,18,2324319,1306
2017-09-30,1,8195,2,joebiden,19,2332514,1308
2017-10-01,0,4462,0,joebiden,19,2336976,1308
2017-10-02,0,5930,2,joebiden,19,2342906,1310
2017-10-03,0,6947,1,joebiden,19,2349853,1311
2017-10-04,0,5747,2,joebiden,19,2355600,1313
2017-10-05,0,3996,1,joebiden,19,2359596,1314
2017-10-06,0,3370,1,joebiden,19,2362966,1315
2017-10-07,0,3479,0,joebiden,19,2366445,1315
2017-10-08,0,3433,0,joebiden,19,2369878,1315
2017-10-09,0,3665,0,joebiden,19,2373543,1315
2017-10-10,0,3625,0,joebiden,19,2377168,1315
2017-10-11,0,3540,0,joebiden,19,2380708,1315
2017-10-12,0,3704,0,joebiden,19,2384412,1315
2017-10-13,1,3032,2,joebiden,20,2387444,1317
2017-10-14,0,3142,1,joebiden,20,2390586,1318
2017-10-15,0,2790,0,joebiden,20,2393376,1318
2017-10-16,0,2624,0,joebiden,20,2396000,1318
2017-10-17,0,4259,5,joebiden,20,2400259,1323
2017-10-18,0,4136,1,joebiden,20,2404395,1324
2017-10-19,0,2518,0,joebiden,20,2406913,1324
2017-10-20,0,2824,0,joebiden,20,2409737,1324
2017-10-21,0,2575,-1,joebiden,20,2412312,1323
2017-10-22,0,2720,0,joebiden,20,2415032,1323
2017-10-23,1,2650,1,joebiden,21,2417682,1324
2017-10-24,0,2817,1,joebiden,21,2420499,1325
2017-10-25,0,7641,1,joebiden,21,2428140,1326
2017-10-26,1,566,1,joebiden,22,2428706,1327
2017-10-27,0,2213,0,joebiden,22,2430919,1327
2017-10-28,0,1840,0,joebiden,22,2432759,1327
2017-10-29,0,2399,0,joebiden,22,2435158,1327
2017-10-30,0,2779,0,joebiden,22,2437937,1327
2017-10-31,0,3538,0,joebiden,22,2441475,1327
2017-11-01,0,2918,3,joebiden,22,2444393,1330
2017-11-02,0,8544,0,joebiden,22,2452937,1330
2017-11-03,0,1131,0,joebiden,22,2454068,1330
2017-11-04,0,2830,0,joebiden,22,2456898,1330
2017-11-05,0,2052,0,joebiden,22,2458950,1330
2017-11-06,0,3018,2,joebiden,22,2461968,1332
2017-11-07,0,2701,1,joebiden,22,2464669,1333
2017-11-08,0,5240,5,joebiden,22,2469909,1338
2017-11-09,0,6039,1,joebiden,22,2475948,1339
2017-11-10,0,979,0,joebiden,22,2476927,1339
2017-11-11,0,1109,0,joebiden,22,2478036,1339
2017-11-12,0,1259,2,joebiden,22,2479295,1341
2017-11-13,0,2315,0,joebiden,22,2481610,1341
2017-11-14,0,2186,0,joebiden,22,2483796,1341
2017-11-15,0,1741,0,joebiden,22,2485537,1341
2017-11-16,0,3834,0,joebiden,22,2489371,1341
2017-11-17,0,2224,0,joebiden,22,2491595,1341
2017-11-18,0,2070,0,joebiden,22,2493665,1341
2017-11-19,0,2091,0,joebiden,22,2495756,1341
2017-11-20,0,2455,0,joebiden,22,2498211,1341
2017-11-21,0,15765,0,joebiden,22,2513976,1341
2017-11-22,0,5965,0,joebiden,22,2519941,1341
2017-11-23,0,3110,1,joebiden,22,2523051,1342
2017-11-24,0,2623,0,joebiden,22,2525674,1342
2017-11-25,0,2521,0,joebiden,22,2528195,1342
2017-11-26,0,1734,1,joebiden,22,2529929,1343
2017-11-27,0,1142,0,joebiden,22,2531071,1343
2017-11-28,0,1672,0,joebiden,22,2532743,1343
2017-11-29,0,1706,0,joebiden,22,2534449,1343
2017-11-30,0,1691,3,joebiden,22,2536140,1346
2017-12-01,0,1400,2,joebiden,22,2537540,1348
2017-12-02,0,2534,1,joebiden,22,2540074,1349
2017-12-03,0,3876,0,joebiden,22,2543950,1349
2017-12-04,0,1507,0,joebiden,22,2545457,1349
2017-12-05,0,1474,1,joebiden,22,2546931,1350
2017-12-06,0,1614,0,joebiden,22,2548545,1350
2017-12-07,0,1623,2,joebiden,22,2550168,1352
2017-12-08,0,1272,0,joebiden,22,2551440,1352
2017-12-09,0,1037,0,joebiden,22,2552477,1352
2017-12-10,0,1572,0,joebiden,22,2554049,1352
2017-12-11,0,1646,1,joebiden,22,2555695,1353
2017-12-12,0,1187,2,joebiden,22,2556882,1355
2017-12-13,0,8077,1,joebiden,22,2564959,1356
2017-12-14,0,10211,3,joebiden,22,2575170,1359
2017-12-15,0,1733,0,joebiden,22,2576903,1359
2017-12-16,0,1860,0,joebiden,22,2578763,1359
2017-12-17,0,616,0,joebiden,22,2579379,1359
2017-12-18,0,1318,0,joebiden,22,2580697,1359
2017-12-19,0,1128,0,joebiden,22,2581825,1359
2017-12-20,0,1574,0,joebiden,22,2583399,1359
2017-12-21,0,2400,0,joebiden,22,2585799,1359
2017-12-22,0,1805,0,joebiden,22,2587604,1359
2017-12-23,0,1559,0,joebiden,22,2589163,1359
2017-12-24,0,1560,0,joebiden,22,2590723,1359
2017-12-25,0,2008,1,joebiden,22,2592731,1360
2017-12-26,0,2173,0,joebiden,22,2594904,1360
2017-12-27,0,2080,0,joebiden,22,2596984,1360
2017-12-28,0,2993,0,joebiden,22,2599977,1360
2017-12-29,0,2321,0,joebiden,22,2602298,1360
2017-12-30,0,2256,0,joebiden,22,2604554,1360
2017-12-31,0,2025,0,joebiden,22,2606579,1360
2018-01-01,0,1525,0,joebiden,22,2608104,1360
2018-01-02,0,1726,1,joebiden,22,2609830,1361
2018-01-03,0,2861,0,joebiden,22,2612691,1361
2018-01-04,0,3900,0,joebiden,22,2616591,1361
2018-01-05,0,4080,0,joebiden,22,2620671,1361
2018-01-06,0,2233,0,joebiden,22,2622904,1361
2018-01-07,0,2089,0,joebiden,22,2624993,1361
2018-01-08,0,2192,1,joebiden,22,2627185,1362
2018-01-09,0,2011,0,joebiden,22,2629196,1362
2018-01-10,0,1370,0,joebiden,22,2630566,1362
2018-01-11,0,1145,0,joebiden,22,2631711,1362
2018-01-12,0,3366,1,joebiden,22,2635077,1363
2018-01-13,0,12767,0,joebiden,22,2647844,1363
2018-01-14,0,3597,0,joebiden,22,2651441,1363
2018-01-15,0,1884,0,joebiden,22,2653325,1363
2018-01-16,0,2587,1,joebiden,22,2655912,1364
2018-01-17,0,1761,0,joebiden,22,2657673,1364
2018-01-18,0,1628,0,joebiden,22,2659301,1364
2018-01-19,0,1822,0,joebiden,22,2661123,1364
2018-01-20,0,216,0,joebiden,22,2661339,1364
2018-01-21,0,1000,0,joebiden,22,2662339,1364
2018-01-22,0,887,0,joebiden,22,2663226,1364
2018-01-23,0,738,1,joebiden,22,2663964,1365
2018-01-24,0,1309,0,joebiden,22,2665273,1365
2018-01-25,0,1375,0,joebiden,22,2666648,1365
2018-01-26,0,1453,0,joebiden,22,2668101,1365
2018-01-27,0,1172,0,joebiden,22,2669273,1365
2018-01-28,0,636,0,joebiden,22,2669909,1365
2018-01-29,0,524,0,joebiden,22,2670433,1365
2018-01-30,0,634,0,joebiden,22,2671067,1365
2018-01-31,0,2333,1,joebiden,22,2673400,1366
2018-02-01,0,1882,0,joebiden,22,2675282,1366
2018-02-02,0,1757,1,joebiden,22,2677039,1367
2018-02-03,0,940,0,joebiden,22,2677979,1367
2018-02-04,0,2002,0,joebiden,22,2679981,1367
2018-02-05,0,1718,2,joebiden,22,2681699,1369
2018-02-06,0,1266,0,joebiden,22,2682965,1369
2018-02-07,0,2163,0,joebiden,22,2685128,1369
2018-02-08,0,1717,0,joebiden,22,2686845,1369
2018-02-09,0,1963,2,joebiden,22,2688808,1371
2018-02-10,0,1305,1,joebiden,22,2690113,1372
2018-02-11,0,3091,0,joebiden,22,2693204,1372
2018-02-12,0,2379,0,joebiden,22,2695583,1372
2018-02-13,0,1338,0,joebiden,22,2696921,1372
2018-02-14,0,1768,2,joebiden,22,2698689,1374
2018-02-15,0,3428,1,joebiden,22,2702117,1375
2018-02-16,0,3340,0,joebiden,22,2705457,1375
2018-02-17,0,2007,0,joebiden,22,2707464,1375
2018-02-18,0,2159,0,joebiden,22,2709623,1375
2018-02-19,0,2091,0,joebiden,22,2711714,1375
2018-02-20,0,2517,0,joebiden,22,2714231,1375
2018-02-21,0,1690,0,joebiden,22,2715921,1375
2018-02-22,0,2446,1,joebiden,22,2718367,1376
2018-02-23,0,2743,1,joebiden,22,2721110,1377
2018-02-24,0,2015,0,joebiden,22,2723125,1377
2018-02-25,0,1850,0,joebiden,22,2724975,1377
2018-02-26,0,1885,0,joebiden,22,2726860,1377
2018-02-27,0,1670,1,joebiden,22,2728530,1378
2018-02-28,0,1587,0,joebiden,22,2730117,1378
2018-03-01,0,1698,1,joebiden,22,2731815,1379
2018-03-02,0,1516,0,joebiden,22,2733331,1379
2018-03-03,0,1429,0,joebiden,22,2734760,1379
2018-03-04,0,1410,0,joebiden,22,2736170,1379
2018-03-05,0,1452,0,joebiden,22,2737622,1379
2018-03-06,0,1341,0,joebiden,22,2738963,1379
2018-03-07,0,2289,1,joebiden,22,2741252,1380
2018-03-08,0,1588,0,joebiden,22,2742840,1380
2018-03-09,0,773,1,joebiden,22,2743613,1381
2018-03-10,0,863,0,joebiden,22,2744476,1381
2018-03-11,0,1161,0,joebiden,22,2745637,1381
2018-03-12,0,1059,0,joebiden,22,2746696,1381
2018-03-13,0,1616,1,joebiden,22,2748312,1382
2018-03-14,0,1335,1,joebiden,22,2749647,1383
2018-03-15,0,1306,0,joebiden,22,2750953,1383
2018-03-16,0,819,0,joebiden,22,2751772,1383
2018-03-17,0,963,2,joebiden,22,2752735,1385
2018-03-18,0,1052,0,joebiden,22,2753787,1385
2018-03-19,0,792,0,joebiden,22,2754579,1385
2018-03-20,0,872,1,joebiden,22,2755451,1386
2018-03-21,0,953,0,joebiden,22,2756404,1386
2018-03-22,0,9226,1,joebiden,22,2765630,1387
2018-03-23,0,13612,1,joebiden,22,2779242,1388
2018-03-24,0,6673,0,joebiden,22,2785915,1388
2018-03-25,0,3663,0,joebiden,22,2789578,1388
2018-03-26,0,2088,0,joebiden,22,2791666,1388
2018-03-27,0,1555,1,joebiden,22,2793221,1389
2018-03-28,0,869,2,joebiden,22,2794090,1391
2018-03-29,0,943,0,joebiden,22,2795033,1391
2018-03-30,0,720,0,joebiden,22,2795753,1391
2018-03-31,0,1053,0,joebiden,22,2796806,1391
2018-04-01,0,449,0,joebiden,22,2797255,1391
2018-04-02,0,807,0,joebiden,22,2798062,1391
2018-04-03,0,830,2,joebiden,22,2798892,1393
2018-04-04,0,512,1,joebiden,22,2799404,1394
2018-04-05,0,1055,0,joebiden,22,2800459,1394
2018-04-06,0,1203,1,joebiden,22,2801662,1395
2018-04-07,0,1356,0,joebiden,22,2803018,1395
2018-04-08,0,1435,0,joebiden,22,2804453,1395
2018-04-09,0,1510,0,joebiden,22,2805963,1395
2018-04-10,0,1664,0,joebiden,22,2807627,1395
2018-04-11,0,1642,0,joebiden,22,2809269,1395
2018-04-12,0,1689,0,joebiden,22,2810958,1395
2018-04-13,0,396,0,joebiden,22,2811354,1395
2018-04-14,0,975,0,joebiden,22,2812329,1395
2018-04-15,0,1325,0,joebiden,22,2813654,1395
2018-04-16,0,1647,1,joebiden,22,2815301,1396
2018-04-17,0,1453,0,joebiden,22,2816754,1396
2018-04-18,0,1583,1,joebiden,22,2818337,1397
2018-04-19,0,983,1,joebiden,22,2819320,1398
2018-04-20,0,446,2,joebiden,22,2819766,1400
2018-04-21,0,411,0,joebiden,22,2820177,1400
2018-04-22,0,377,0,joebiden,22,2820554,1400
2018-04-23,0,205,0,joebiden,22,2820759,1400
2018-04-24,0,1169,0,joebiden,22,2821928,1400
2018-04-25,0,509,0,joebiden,22,2822437,1400
2018-04-26,0,368,1,joebiden,22,2822805,1401
2018-04-27,0,221,0,joebiden,22,2823026,1401
2018-04-28,0,223,0,joebiden,22,2823249,1401
2018-04-29,0,76,0,joebiden,22,2823325,1401
2018-04-30,0,91,0,joebiden,22,2823416,1401
2018-05-01,0,346,0,joebiden,22,2823762,1401
2018-05-02,0,90,0,joebiden,22,2823852,1401
2018-05-03,0,443,0,joebiden,22,2824295,1401
2018-05-04,0,-213,0,joebiden,22,2824082,1401
2018-05-05,0,-58,1,joebiden,22,2824024,1402
2018-05-06,0,178,0,joebiden,22,2824202,1402
2018-05-07,0,141,0,joebiden,22,2824343,1402
2018-05-08,0,230,0,joebiden,22,2824573,1402
2018-05-09,0,1070,1,joebiden,22,2825643,1403
2018-05-10,0,459,0,joebiden,22,2826102,1403
2018-05-11,0,475,0,joebiden,22,2826577,1403
2018-05-12,0,1068,1,joebiden,22,2827645,1404
2018-05-13,0,934,0,joebiden,22,2828579,1404
2018-05-14,0,876,0,joebiden,22,2829455,1404
2018-05-15,0,455,1,joebiden,22,2829910,1405
2018-05-16,0,656,2,joebiden,22,2830566,1407
2018-05-17,0,343,1,joebiden,22,2830909,1408
2018-05-18,1,105,1,joebiden,23,2831014,1409
2018-05-19,0,1478,1,joebiden,23,2832492,1410
2018-05-20,0,716,0,joebiden,23,2833208,1410
2018-05-21,0,499,1,joebiden,23,2833707,1411
2018-05-22,0,269,0,joebiden,23,2833976,1411
2018-05-23,0,502,2,joebiden,23,2834478,1413
2018-05-24,0,642,0,joebiden,23,2835120,1413
2018-05-25,0,22,0,joebiden,23,2835142,1413
2018-05-26,0,535,1,joebiden,23,2835677,1414
2018-05-27,0,415,1,joebiden,23,2836092,1415
2018-05-28,0,515,1,joebiden,23,2836607,1416
2018-05-29,0,1191,1,joebiden,23,2837798,1417
2018-05-30,0,1413,0,joebiden,23,2839211,1417
2018-05-31,0,792,1,joebiden,23,2840003,1418
2018-06-01,0,991,1,joebiden,23,2840994,1419
2018-06-02,0,881,0,joebiden,23,2841875,1419
2018-06-03,0,679,0,joebiden,23,2842554,1419
2018-06-04,0,684,0,joebiden,23,2843238,1419
2018-06-05,0,747,0,joebiden,23,2843985,1419
2018-06-06,0,835,0,joebiden,23,2844820,1419
2018-06-07,0,789,1,joebiden,23,2845609,1420
2018-06-08,0,1205,2,joebiden,23,2846814,1422
2018-06-09,0,3147,3,joebiden,23,2849961,1425
2018-06-10,0,4469,1,joebiden,23,2854430,1426
2018-06-11,0,1696,0,joebiden,23,2856126,1426
2018-06-12,0,1565,1,joebiden,23,2857691,1427
2018-06-13,0,787,0,joebiden,23,2858478,1427
2018-06-14,0,727,0,joebiden,23,2859205,1427
2018-06-15,0,830,1,joebiden,23,2860035,1428
2018-06-16,0,753,1,joebiden,23,2860788,1429
2018-06-17,0,630,1,joebiden,23,2861418,1430
2018-06-18,0,722,0,joebiden,23,2862140,1430
2018-06-19,0,1628,0,joebiden,23,2863768,1430
2018-06-20,0,1343,0,joebiden,23,2865111,1430
2018-06-21,0,1269,1,joebiden,23,2866380,1431
2018-06-22,0,911,0,joebiden,23,2867291,1431
2018-06-23,0,656,0,joebiden,23,2867947,1431
2018-06-24,0,635,0,joebiden,23,2868582,1431
2018-06-25,0,653,0,joebiden,23,2869235,1431
2018-06-26,0,503,0,joebiden,23,2869738,1431
2018-06-27,0,359,2,joebiden,23,2870097,1433
2018-06-28,0,-63,5,joebiden,23,2870034,1438
2018-06-29,0,1690,2,joebiden,23,2871724,1440
2018-06-30,0,1671,0,joebiden,23,2873395,1440
2018-07-01,0,539,0,joebiden,23,2873934,1440
2018-07-02,0,390,0,joebiden,23,2874324,1440
2018-07-03,0,265,0,joebiden,23,2874589,1440
2018-07-04,0,256,0,joebiden,23,2874845,1440
2018-07-05,0,490,1,joebiden,23,2875335,1441
2018-07-06,0,481,1,joebiden,23,2875816,1442
2018-07-07,0,524,0,joebiden,23,2876340,1442
2018-07-08,0,366,0,joebiden,23,2876706,1442
2018-07-09,0,311,0,joebiden,23,2877017,1442
2018-07-10,0,-155,0,joebiden,23,2876862,1442
2018-07-11,0,-1843,0,joebiden,23,2875019,1442
2018-07-12,0,453,1,joebiden,23,2875472,1443
2018-07-13,0,-27562,0,joebiden,23,2847910,1443
2018-07-14,0,722,0,joebiden,23,2848632,1443
2018-07-15,0,677,0,joebiden,23,2849309,1443
2018-07-16,0,674,0,joebiden,23,2849983,1443
2018-07-17,0,2282,1,joebiden,23,2852265,1444
2018-07-18,0,631,0,joebiden,23,2852896,1444
2018-07-19,0,389,0,joebiden,23,2853285,1444
2018-07-20,0,832,0,joebiden,23,2854117,1444
2018-07-21,0,453,1,joebiden,23,2854570,1445
2018-07-22,0,530,0,joebiden,23,2855100,1445
2018-07-23,0,390,0,joebiden,23,2855490,1445
2018-07-24,0,468,0,joebiden,23,2855958,1445
2018-07-25,0,905,0,joebiden,23,2856863,1445
2018-07-26,0,1170,0,joebiden,23,2858033,1445
2018-07-27,0,1116,0,joebiden,23,2859149,1445
2018-07-28,0,768,1,joebiden,23,2859917,1446
2018-07-29,0,858,0,joebiden,23,2860775,1446
2018-07-30,0,793,0,joebiden,23,2861568,1446
2018-07-31,0,1546,0,joebiden,23,2863114,1446
2018-08-01,0,1547,-1,joebiden,23,2864661,1445
2018-08-02,0,2066,0,joebiden,23,2866727,1445
2018-08-03,0,1455,0,joebiden,23,2868182,1445
2018-08-04,0,5538,1,joebiden,23,2873720,1446
2018-08-05,0,16271,0,joebiden,23,2889991,1446
2018-08-06,0,3913,0,joebiden,23,2893904,1446
2018-08-07,0,1701,2,joebiden,23,2895605,1448
2018-08-08,0,1890,0,joebiden,23,2897495,1448
2018-08-09,0,1209,0,joebiden,23,2898704,1448
2018-08-10,0,1090,0,joebiden,23,2899794,1448
2018-08-11,0,905,0,joebiden,23,2900699,1448
2018-08-12,0,928,0,joebiden,23,2901627,1448
2018-08-13,0,2927,1,joebiden,23,2904554,1449
2018-08-14,0,1187,0,joebiden,23,2905741,1449
2018-08-15,0,1313,0,joebiden,23,2907054,1449
2018-08-16,0,3267,1,joebiden,23,2910321,1450
2018-08-17,0,2195,1,joebiden,23,2912516,1451
2018-08-18,0,724,1,joebiden,23,2913240,1452
2018-08-19,0,1780,1,joebiden,23,2915020,1453
2018-08-20,0,1122,1,joebiden,23,2916142,1454
2018-08-21,0,1253,0,joebiden,23,2917395,1454
2018-08-22,0,1509,0,joebiden,23,2918904,1454
2018-08-23,0,1380,0,joebiden,23,2920284,1454
2018-08-24,0,1249,0,joebiden,23,2921533,1454
2018-08-25,0,1645,1,joebiden,23,2923178,1455
2018-08-26,0,8114,1,joebiden,23,2931292,1456
2018-08-27,0,3250,0,joebiden,23,2934542,1456
2018-08-28,0,1315,0,joebiden,23,2935857,1456
2018-08-29,0,1599,0,joebiden,23,2937456,1456
2018-08-30,0,2190,1,joebiden,23,2939646,1457
2018-08-31,0,7016,0,joebiden,23,2946662,1457
2018-09-01,0,1788,1,joebiden,23,2948450,1458
2018-09-02,0,1900,0,joebiden,23,2950350,1458
2018-09-03,0,1252,0,joebiden,23,2951602,1458
2018-09-04,0,1338,0,joebiden,23,2952940,1458
2018-09-05,0,1488,0,joebiden,23,2954428,1458
2018-09-06,0,1841,2,joebiden,23,2956269,1460
2018-09-07,0,2341,0,joebiden,23,2958610,1460
2018-09-08,0,3919,1,joebiden,23,2962529,1461
2018-09-09,0,2958,0,joebiden,23,2965487,1461
2018-09-10,0,2491,0,joebiden,23,2967978,1461
2018-09-11,0,2292,1,joebiden,23,2970270,1462
2018-09-12,0,2735,1,joebiden,23,2973005,1463
2018-09-13,0,1988,0,joebiden,23,2974993,1463
2018-09-14,0,1836,1,joebiden,23,2976829,1464
2018-09-15,0,1720,0,joebiden,23,2978549,1464
2018-09-16,0,1833,0,joebiden,23,2980382,1464
2018-09-17,0,1528,0,joebiden,23,2981910,1464
2018-09-18,0,1674,0,joebiden,23,2983584,1464
2018-09-19,0,1579,0,joebiden,23,2985163,1464
2018-09-20,0,1327,0,joebiden,23,2986490,1464
2018-09-21,0,1434,5,joebiden,23,2987924,1469
2018-09-22,0,1474,0,joebiden,23,2989398,1469
2018-09-23,0,1263,0,joebiden,23,2990661,1469
2018-09-24,0,1145,1,joebiden,23,2991806,1470
2018-09-25,0,1053,0,joebiden,23,2992859,1470
2018-09-26,0,1287,1,joebiden,23,2994146,1471
2018-09-27,0,1379,0,joebiden,23,2995525,1471
2018-09-28,0,2556,0,joebiden,23,2998081,1471
2018-09-29,0,2032,0,joebiden,23,3000113,1471
2018-09-30,0,1588,0,joebiden,23,3001701,1471
2018-10-01,0,1456,1,joebiden,23,3003157,1472
2018-10-02,0,1565,0,joebiden,23,3004722,1472
2018-10-03,0,1907,1,joebiden,23,3006629,1473
2018-10-04,0,3468,0,joebiden,23,3010097,1473
2018-10-05,0,3126,0,joebiden,23,3013223,1473
2018-10-06,0,1715,0,joebiden,23,3014938,1473
2018-10-07,0,796,0,joebiden,23,3015734,1473
2018-10-08,0,2702,0,joebiden,23,3018436,1473
2018-10-09,0,491,1,joebiden,23,3018927,1474
2018-10-10,0,2376,0,joebiden,23,3021303,1474
2018-10-11,0,4725,0,joebiden,23,3026028,1474
2018-10-12,0,2440,0,joebiden,23,3028468,1474
2018-10-13,0,1501,1,joebiden,23,3029969,1475
2018-10-14,0,203,0,joebiden,23,3030172,1475
2018-10-15,0,1257,0,joebiden,23,3031429,1475
2018-10-16,0,1382,0,joebiden,23,3032811,1475
2018-10-17,0,513,0,joebiden,23,3033324,1475
2018-10-18,0,1013,1,joebiden,23,3034337,1476
2018-10-19,0,886,2,joebiden,23,3035223,1478
2018-10-20,0,950,0,joebiden,23,3036173,1478
2018-10-21,0,1051,0,joebiden,23,3037224,1478
2018-10-22,0,901,0,joebiden,23,3038125,1478
2018-10-23,0,1053,0,joebiden,23,3039178,1478
2018-10-24,0,1197,0,joebiden,23,3040375,1478
2018-10-25,0,5695,4,joebiden,23,3046070,1482
2018-10-26,0,2914,1,joebiden,23,3048984,1483
2018-10-27,0,3564,0,joebiden,23,3052548,1483
2018-10-28,0,1679,0,joebiden,23,3054227,1483
2018-10-29,0,1471,1,joebiden,23,3055698,1484
2018-10-30,0,1996,1,joebiden,23,3057694,1485
2018-10-31,0,2282,3,joebiden,23,3059976,1488
2018-11-01,0,2071,0,joebiden,23,3062047,1488
2018-11-02,0,1310,0,joebiden,23,3063357,1488
2018-11-03,0,1896,3,joebiden,23,3065253,1491
2018-11-04,0,1184,1,joebiden,23,3066437,1492
2018-11-05,0,1123,1,joebiden,23,3067560,1493
2018-11-06,0,2020,2,joebiden,23,3069580,1495
2018-11-07,0,2575,2,joebiden,23,3072155,1497
2018-11-08,0,2248,0,joebiden,23,3074403,1497
2018-11-09,0,-6265,0,joebiden,23,3068138,1497
2018-11-10,0,2989,1,joebiden,23,3071127,1498
2018-11-11,0,2332,0,joebiden,23,3073459,1498
2018-11-12,0,2753,2,joebiden,23,3076212,1500
2018-11-13,0,2439,1,joebiden,23,3078651,1501
2018-11-14,0,2844,0,joebiden,23,3081495,1501
2018-11-15,0,2476,1,joebiden,23,3083971,1502
2018-11-16,0,2318,1,joebiden,23,3086289,1503
2018-11-17,0,1471,1,joebiden,23,3087760,1504
2018-11-18,0,1544,0,joebiden,23,3089304,1504
2018-11-19,0,1802,0,joebiden,23,3091106,1504
2018-11-20,0,1755,0,joebiden,23,3092861,1504
2018-11-21,0,1768,0,joebiden,23,3094629,1504
2018-11-22,0,1636,1,joebiden,23,3096265,1505
2018-11-23,0,1531,0,joebiden,23,3097796,1505
2018-11-24,0,1507,0,joebiden,23,3099303,1505
2018-11-25,0,1421,0,joebiden,23,3100724,1505
2018-11-26,0,1437,0,joebiden,23,3102161,1505
2018-11-27,0,1252,0,joebiden,23,3103413,1505
2018-11-28,0,764,0,joebiden,23,3104177,1505
2018-12-01,0,4833,0,joebiden,23,3109010,1505
2018-12-02,0,1378,2,joebiden,23,3110388,1507
2018-12-03,0,1689,0,joebiden,23,3112077,1507
2018-12-04,0,1366,0,joebiden,23,3113443,1507
2018-12-05,0,2285,0,joebiden,23,3115728,1507
2018-12-06,0,1659,0,joebiden,23,3117387,1507
2018-12-07,0,1088,0,joebiden,23,3118475,1507
2018-12-08,0,1011,1,joebiden,23,3119486,1508
2018-12-09,0,1605,0,joebiden,23,3121091,1508
2018-12-10,0,1078,0,joebiden,23,3122169,1508
2018-12-11,0,374,0,joebiden,23,3122543,1508
2018-12-12,0,974,0,joebiden,23,3123517,1508
2018-12-13,0,1758,0,joebiden,23,3125275,1508
2018-12-14,0,1988,0,joebiden,23,3127263,1508
2018-12-15,0,3301,1,joebiden,23,3130564,1509
2018-12-16,0,3660,1,joebiden,23,3134224,1510
2018-12-17,0,2563,0,joebiden,23,3136787,1510
2018-12-18,0,2029,0,joebiden,23,3138816,1510
2018-12-19,0,1980,0,joebiden,23,3140796,1510
2018-12-20,0,2044,0,joebiden,23,3142840,1510
2018-12-21,0,2682,3,joebiden,23,3145522,1513
2018-12-22,0,2684,1,joebiden,23,3148206,1514
2018-12-23,0,2471,0,joebiden,23,3150677,1514
2018-12-24,0,2385,0,joebiden,23,3153062,1514
2018-12-25,0,2055,0,joebiden,23,3155117,1514
2018-12-26,0,2412,0,joebiden,23,3157529,1514
2018-12-27,0,2329,0,joebiden,23,3159858,1514
2018-12-28,0,2523,0,joebiden,23,3162381,1514
2018-12-29,0,2810,0,joebiden,23,3165191,1514
2018-12-30,0,3047,0,joebiden,23,3168238,1514
2018-12-31,0,2970,0,joebiden,23,3171208,1514
2019-01-01,0,2717,0,joebiden,23,3173925,1514
2019-01-02,0,3528,0,joebiden,23,3177453,1514
2019-01-03,0,3296,0,joebiden,23,3180749,1514
2019-01-04,0,3251,0,joebiden,23,3184000,1514
2019-01-05,0,3499,0,joebiden,23,3187499,1514
2019-01-06,0,3694,0,joebiden,23,3191193,1514
2019-01-07,0,4034,0,joebiden,23,3195227,1514
2019-01-08,0,2911,0,joebiden,23,3198138,1514
2019-01-09,0,3290,-1,joebiden,23,3201428,1513
2019-01-10,0,2978,0,joebiden,23,3204406,1513
2019-01-11,0,2491,0,joebiden,23,3206897,1513
2019-01-12,0,2482,1,joebiden,23,3209379,1514
2019-01-13,0,3449,0,joebiden,23,3212828,1514
2019-01-14,0,2944,0,joebiden,23,3215772,1514
2019-01-15,0,1643,0,joebiden,23,3217415,1514
2019-01-16,0,2761,0,joebiden,23,3220176,1514
2019-01-17,0,2499,2,joebiden,23,3222675,1516
2019-01-18,0,3335,1,joebiden,23,3226010,1517
2019-01-19,0,3359,0,joebiden,23,3229369,1517
2019-01-20,0,2522,0,joebiden,23,3231891,1517
2019-01-21,0,2463,0,joebiden,23,3234354,1517
2019-01-22,0,2718,1,joebiden,23,3237072,1518
2019-01-23,0,2361,2,joebiden,23,3239433,1520
2019-01-24,0,2922,0,joebiden,23,3242355,1520
2019-01-25,0,3347,0,joebiden,23,3245702,1520
2019-01-26,0,3407,0,joebiden,23,3249109,1520
2019-01-27,0,3590,2,joebiden,23,3252699,1522
2019-01-28,0,3798,0,joebiden,23,3256497,1522
2019-01-29,0,2519,0,joebiden,23,3259016,1522
2019-01-30,0,286,1,joebiden,23,3259302,1523
2019-01-31,0,2375,0,joebiden,23,3261677,1523
2019-02-01,0,1400,6,joebiden,23,3263077,1529
2019-02-02,0,1632,0,joebiden,23,3264709,1529
2019-02-03,0,2725,1,joebiden,23,3267434,1530
2019-02-04,0,2283,0,joebiden,23,3269717,1530
2019-02-05,0,1629,0,joebiden,23,3271346,1530
2019-02-06,0,2890,2,joebiden,23,3274236,1532
2019-02-07,0,3090,0,joebiden,23,3277326,1532
2019-02-10,0,6791,3,joebiden,23,3284117,1535
2019-02-11,0,4102,0,joebiden,23,3288219,1535
2019-02-12,0,2637,0,joebiden,23,3290856,1535
2019-02-13,0,2799,0,joebiden,23,3293655,1535
2019-02-14,0,2237,0,joebiden,23,3295892,1535
2019-02-15,0,2347,2,joebiden,23,3298239,1537
2019-02-16,0,3338,7,joebiden,23,3301577,1544
2019-02-17,0,2317,1,joebiden,23,3303894,1545
2019-02-18,0,2188,0,joebiden,23,3306082,1545
2019-02-19,0,2033,0,joebiden,23,3308115,1545
2019-02-20,0,2458,0,joebiden,23,3310573,1545
2019-02-21,0,2210,0,joebiden,23,3312783,1545
2019-02-22,0,2150,0,joebiden,23,3314933,1545
2019-02-23,0,2004,1,joebiden,23,3316937,1546
2019-02-24,0,2052,0,joebiden,23,3318989,1546
2019-02-25,0,1848,0,joebiden,23,3320837,1546
2019-02-26,0,1585,0,joebiden,23,3322422,1546
2019-02-27,0,2156,2,joebiden,23,3324578,1548
2019-02-28,0,3027,0,joebiden,23,3327605,1548
2019-03-01,0,2352,2,joebiden,23,3329957,1550
2019-03-02,0,2359,0,joebiden,23,3332316,1550
2019-03-03,0,2034,0,joebiden,23,3334350,1550
2019-03-04,0,1937,0,joebiden,23,3336287,1550
2019-03-05,0,1739,0,joebiden,23,3338026,1550
2019-03-06,0,1726,0,joebiden,23,3339752,1550
2019-03-07,0,1744,0,joebiden,23,3341496,1550
2019-03-08,0,1238,1,joebiden,23,3342734,1551
2019-03-09,0,605,1,joebiden,23,3343339,1552
2019-03-10,0,902,0,joebiden,23,3344241,1552
2019-03-11,0,969,0,joebiden,23,3345210,1552
2019-03-12,0,1558,2,joebiden,23,3346768,1554
2019-03-13,0,3968,0,joebiden,23,3350736,1554
2019-03-14,0,2749,2,joebiden,23,3353485,1556
2019-03-15,0,2458,0,joebiden,23,3355943,1556
2019-03-16,0,1961,3,joebiden,23,3357904,1559
2019-03-17,0,1525,2,joebiden,23,3359429,1561
2019-03-18,0,1776,0,joebiden,23,3361205,1561
2019-03-19,0,2182,0,joebiden,23,3363387,1561
2019-03-20,0,1677,0,joebiden,23,3365064,1561
2019-03-21,0,2088,0,joebiden,23,3367152,1561
2019-03-22,0,1913,0,joebiden,23,3369065,1561
2019-03-23,0,2039,0,joebiden,23,3371104,1561
2019-03-24,0,2434,0,joebiden,23,3373538,1561
2019-03-25,0,2614,1,joebiden,23,3376152,1562
2019-03-26,0,2023,0,joebiden,23,3378175,1562
2019-03-27,0,1658,2,joebiden,23,3379833,1564
2019-03-28,0,1528,0,joebiden,23,3381361,1564
2019-03-29,0,1799,2,joebiden,23,3383160,1566
2019-03-30,0,1740,1,joebiden,23,3384900,1567
2019-03-31,0,1738,0,joebiden,23,3386638,1567
2019-04-01,0,1834,0,joebiden,23,3388472,1567
2019-04-02,0,1947,0,joebiden,23,3390419,1567
2019-04-03,0,2281,0,joebiden,23,3392700,1567
2019-04-04,0,8902,1,joebiden,23,3401602,1568
2019-04-05,-2,11560,1,joebiden,21,3413162,1569
2019-04-06,0,10473,0,joebiden,21,3423635,1569
2019-04-07,0,3485,1,joebiden,21,3427120,1570
2019-04-08,0,2432,0,joebiden,21,3429552,1570
2019-04-09,0,1829,0,joebiden,21,3431381,1570
2019-04-10,0,1642,0,joebiden,21,3433023,1570
2019-04-11,0,1889,0,joebiden,21,3434912,1570
2019-04-12,0,2050,0,joebiden,21,3436962,1570
2019-04-13,0,1766,1,joebiden,21,3438728,1571
2019-04-14,0,2408,1,joebiden,21,3441136,1572
2019-04-15,0,2873,0,joebiden,21,3444009,1572
2019-04-16,0,3041,1,joebiden,21,3447050,1573
2019-04-17,0,2563,0,joebiden,21,3449613,1573
2019-04-18,0,2050,0,joebiden,21,3451663,1573
2019-04-19,0,2196,3,joebiden,21,3453859,1576
2019-04-20,0,2622,0,joebiden,21,3456481,1576
2019-04-21,0,2081,0,joebiden,21,3458562,1576
2019-04-22,0,2012,0,joebiden,21,3460574,1576
2019-04-23,0,1690,0,joebiden,21,3462264,1576
2019-04-24,0,1771,0,joebiden,21,3464035,1576
2019-04-25,0,1924,0,joebiden,21,3465959,1576
2019-04-26,0,55308,6,joebiden,21,3521267,1582
2019-04-27,0,9241,8,joebiden,21,3530508,1590
2019-04-28,0,4158,2,joebiden,21,3534666,1592
2019-04-29,0,2265,5,joebiden,21,3536931,1597
2019-04-30,0,8334,18,joebiden,21,3545265,1615
2019-05-01,0,7111,9,joebiden,21,3552376,1624
2019-05-02,0,3037,4,joebiden,21,3555413,1628
2019-05-03,0,1836,3,joebiden,21,3557249,1631
2019-05-04,0,697,2,joebiden,21,3557946,1633
2019-05-05,0,-1,3,joebiden,21,3557945,1636
2019-05-06,0,164,5,joebiden,21,3558109,1641
2019-05-07,0,441,4,joebiden,21,3558550,1645
2019-05-08,0,424,3,joebiden,21,3558974,1648
2019-05-09,0,237,4,joebiden,21,3559211,1652
2019-05-10,0,777,3,joebiden,21,3559988,1655
2019-05-11,0,879,4,joebiden,21,3560867,1659
2019-05-12,0,854,1,joebiden,21,3561721,1660
2019-05-14,0,2085,6,joebiden,21,3563806,1666
2019-05-15,0,795,2,joebiden,21,3564601,1668
2019-05-16,0,1926,3,joebiden,21,3566527,1671
2019-05-17,0,1090,3,joebiden,21,3567617,1674
2019-05-18,0,718,3,joebiden,21,3568335,1677
2019-05-19,1,426,19,joebiden,22,3568761,1696
2019-05-20,0,1794,0,joebiden,22,3570555,1696
2019-05-21,0,1878,0,joebiden,22,3572433,1696
2019-05-22,0,1448,8,joebiden,22,3573881,1704
2019-05-23,0,1675,2,joebiden,22,3575556,1706
2019-05-24,0,1259,4,joebiden,22,3576815,1710
2019-05-25,0,959,2,joebiden,22,3577774,1712
2019-05-26,0,893,3,joebiden,22,3578667,1715
2019-05-27,0,891,2,joebiden,22,3579558,1717
2019-05-28,0,1234,1,joebiden,22,3580792,1718
2019-05-29,0,1056,10,joebiden,22,3581848,1728
2019-05-30,0,1240,4,joebiden,22,3583088,1732
2019-05-31,0,1209,5,joebiden,22,3584297,1737
2019-06-01,0,811,4,joebiden,22,3585108,1741
2019-06-02,0,758,4,joebiden,22,3585866,1745
2019-06-03,0,799,1,joebiden,22,3586665,1746
2019-06-04,0,823,3,joebiden,22,3587488,1749
2019-06-05,0,502,13,joebiden,22,3587990,1762
2019-06-06,0,745,5,joebiden,22,3588735,1767
2019-06-07,0,186,6,joebiden,22,3588921,1773
2019-06-08,0,282,9,joebiden,22,3589203,1782
2019-06-09,0,370,6,joebiden,22,3589573,1788
2019-06-10,0,1612,2,joebiden,22,3591185,1790
2019-06-11,0,794,3,joebiden,22,3591979,1793
2019-06-12,0,787,12,joebiden,22,3592766,1805
2019-06-13,0,2560,6,joebiden,22,3595326,1811
2019-06-14,0,1748,3,joebiden,22,3597074,1814
2019-06-15,0,704,4,joebiden,22,3597778,1818
2019-06-16,0,689,2,joebiden,22,3598467,1820
2019-06-17,0,885,3,joebiden,22,3599352,1823
2019-06-18,0,339,11,joebiden,22,3599691,1834
2019-06-19,0,596,11,joebiden,22,3600287,1845
2019-06-20,0,815,4,joebiden,22,3601102,1849
2019-06-21,0,660,11,joebiden,22,3601762,1860
2019-06-22,0,609,1,joebiden,22,3602371,1861
2019-06-23,0,541,5,joebiden,22,3602912,1866
2019-06-24,0,647,3,joebiden,22,3603559,1869
2019-06-25,0,556,5,joebiden,22,3604115,1874
2019-06-26,0,396,5,joebiden,22,3604511,1879
2019-06-27,0,1850,11,joebiden,22,3606361,1890
2019-06-28,0,3565,41,joebiden,22,3609926,1931
2019-06-29,0,2293,5,joebiden,22,3612219,1936
2019-06-30,0,1565,4,joebiden,22,3613784,1940
2019-07-01,0,1602,5,joebiden,22,3615386,1945
2019-07-02,0,392,11,joebiden,22,3615778,1956
2019-07-03,0,453,11,joebiden,22,3616231,1967
2019-07-04,0,398,6,joebiden,22,3616629,1973
2019-07-05,0,200,16,joebiden,22,3616829,1989
2019-07-06,0,766,6,joebiden,22,3617595,1995
2019-07-07,0,742,5,joebiden,22,3618337,2000
2019-07-08,0,926,3,joebiden,22,3619263,2003
2019-07-09,0,1025,6,joebiden,22,3620288,2009
2019-07-10,0,617,6,joebiden,22,3620905,2015
2019-07-11,0,652,6,joebiden,22,3621557,2021
2019-07-12,0,-3085,14,joebiden,22,3618472,2035
2019-07-13,0,671,5,joebiden,22,3619143,2040
2019-07-14,0,584,4,joebiden,22,3619727,2044
2019-07-15,0,1285,2,joebiden,22,3621012,2046
2019-07-16,0,1235,13,joebiden,22,3622247,2059
2019-07-17,0,882,8,joebiden,22,3623129,2067
2019-07-18,0,64,17,joebiden,22,3623193,2084
2019-07-19,0,1439,9,joebiden,22,3624632,2093
2019-07-20,0,1013,5,joebiden,22,3625645,2098
2019-07-21,0,619,13,joebiden,22,3626264,2111
2019-07-22,0,651,7,joebiden,22,3626915,2118
2019-07-23,0,619,5,joebiden,22,3627534,2123
2019-07-24,0,386,9,joebiden,22,3627920,2132
2019-07-25,0,697,8,joebiden,22,3628617,2140
2019-07-26,0,621,6,joebiden,22,3629238,2146
2019-07-27,0,458,10,joebiden,22,3629696,2156
2019-07-28,0,1165,7,joebiden,22,3630861,2163
2019-07-29,0,920,7,joebiden,22,3631781,2170
2019-07-30,0,752,6,joebiden,22,3632533,2176
2019-07-31,0,1693,14,joebiden,22,3634226,2190
2019-08-01,0,3665,49,joebiden,22,3637891,2239
2019-08-02,0,2202,9,joebiden,22,3640093,2248
2019-08-03,0,2098,5,joebiden,22,3642191,2253
2019-08-04,0,2741,2,joebiden,22,3644932,2255
2019-08-05,0,3631,6,joebiden,22,3648563,2261
2019-08-06,0,3434,4,joebiden,22,3651997,2265
2019-08-07,0,2632,8,joebiden,22,3654629,2273
2019-08-08,0,3899,20,joebiden,22,3658528,2293
2019-08-09,0,3493,6,joebiden,22,3662021,2299
2019-08-10,0,1993,5,joebiden,22,3664014,2304
2019-08-11,0,2017,7,joebiden,22,3666031,2311
2019-08-12,0,2271,5,joebiden,22,3668302,2316
2019-08-13,0,1808,6,joebiden,22,3670110,2322
2019-08-14,0,1805,5,joebiden,22,3671915,2327
2016-11-16,1,226,0,TulsiGabbard,3155,84392,6084
2016-11-17,0,141,4,TulsiGabbard,3155,84533,6088
2016-11-18,0,219,1,TulsiGabbard,3155,84752,6089
2016-11-19,-2,205,8,TulsiGabbard,3153,84957,6097
2016-11-20,0,134,0,TulsiGabbard,3153,85091,6097
2016-11-21,0,56,0,TulsiGabbard,3153,85147,6097
2016-11-22,1,5753,8,TulsiGabbard,3154,90900,6105
2016-11-23,2,796,2,TulsiGabbard,3156,91696,6107
2016-11-24,1,1317,6,TulsiGabbard,3157,93013,6113
2016-11-25,1,339,1,TulsiGabbard,3158,93352,6114
2016-11-26,1,328,5,TulsiGabbard,3159,93680,6119
2016-11-27,-1,728,5,TulsiGabbard,3158,94408,6124
2016-11-28,0,294,1,TulsiGabbard,3158,94702,6125
2016-11-29,8,707,9,TulsiGabbard,3166,95409,6134
2016-11-30,0,398,11,TulsiGabbard,3166,95807,6145
2016-12-01,1,252,7,TulsiGabbard,3167,96059,6152
2016-12-02,1,493,7,TulsiGabbard,3168,96552,6159
2016-12-03,1,1457,2,TulsiGabbard,3169,98009,6161
2016-12-04,0,1836,12,TulsiGabbard,3169,99845,6173
2016-12-05,0,379,2,TulsiGabbard,3169,100224,6175
2016-12-06,1,571,2,TulsiGabbard,3170,100795,6177
2016-12-07,0,194,2,TulsiGabbard,3170,100989,6179
2016-12-08,-1,339,4,TulsiGabbard,3169,101328,6183
2016-12-09,0,125,0,TulsiGabbard,3169,101453,6183
2016-12-10,0,294,9,TulsiGabbard,3169,101747,6192
2016-12-11,3,667,8,TulsiGabbard,3172,102414,6200
2016-12-12,-3,618,8,TulsiGabbard,3169,103032,6208
2016-12-13,1,272,5,TulsiGabbard,3170,103304,6213
2016-12-14,1,101,4,TulsiGabbard,3171,103405,6217
2016-12-15,0,745,3,TulsiGabbard,3171,104150,6220
2016-12-16,3,271,5,TulsiGabbard,3174,104421,6225
2016-12-17,0,927,10,TulsiGabbard,3174,105348,6235
2016-12-18,-1,720,5,TulsiGabbard,3173,106068,6240
2016-12-19,0,351,3,TulsiGabbard,3173,106419,6243
2016-12-20,1,172,2,TulsiGabbard,3174,106591,6245
2016-12-21,0,74,7,TulsiGabbard,3174,106665,6252
2016-12-22,1,53,0,TulsiGabbard,3175,106718,6252
2016-12-23,0,31,0,TulsiGabbard,3175,106749,6252
2016-12-24,0,57,-1,TulsiGabbard,3175,106806,6251
2016-12-25,0,34,0,TulsiGabbard,3175,106840,6251
2016-12-26,-1,61,2,TulsiGabbard,3174,106901,6253
2016-12-27,0,8,0,TulsiGabbard,3174,106909,6253
2016-12-28,0,71,6,TulsiGabbard,3174,106980,6259
2016-12-29,0,184,4,TulsiGabbard,3174,107164,6263
2016-12-30,0,225,3,TulsiGabbard,3174,107389,6266
2016-12-31,2,179,8,TulsiGabbard,3176,107568,6274
2017-01-01,0,49,2,TulsiGabbard,3176,107617,6276
2017-01-02,-1,47,1,TulsiGabbard,3175,107664,6277
2017-01-03,-1,216,5,TulsiGabbard,3174,107880,6282
2017-01-04,0,94,2,TulsiGabbard,3174,107974,6284
2017-01-05,1,210,4,TulsiGabbard,3175,108184,6288
2017-01-06,0,43,3,TulsiGabbard,3175,108227,6291
2017-01-07,0,55,6,TulsiGabbard,3175,108282,6297
2017-01-08,1,115,0,TulsiGabbard,3176,108397,6297
2017-01-09,0,87,4,TulsiGabbard,3176,108484,6301
2017-01-10,0,115,1,TulsiGabbard,3176,108599,6302
2017-01-11,0,79,4,TulsiGabbard,3176,108678,6306
2017-01-12,0,70,1,TulsiGabbard,3176,108748,6307
2017-01-13,-1,510,2,TulsiGabbard,3175,109258,6309
2017-01-14,0,120,3,TulsiGabbard,3175,109378,6312
2017-01-15,0,160,0,TulsiGabbard,3175,109538,6312
2017-01-16,0,430,1,TulsiGabbard,3175,109968,6313
2017-01-17,-1,573,2,TulsiGabbard,3174,110541,6315
2017-01-18,0,301,3,TulsiGabbard,3174,110842,6318
2017-01-19,0,786,2,TulsiGabbard,3174,111628,6320
2017-01-20,0,591,1,TulsiGabbard,3174,112219,6321
2017-01-21,5,541,0,TulsiGabbard,3179,112760,6321
2017-01-22,0,162,1,TulsiGabbard,3179,112922,6322
2017-01-23,-1,273,2,TulsiGabbard,3178,113195,6324
2017-01-24,-1,252,2,TulsiGabbard,3177,113447,6326
2017-01-25,0,209,-2,TulsiGabbard,3177,113656,6324
2017-01-26,0,3710,7,TulsiGabbard,3177,117366,6331
2017-01-27,0,1605,7,TulsiGabbard,3177,118971,6338
2017-01-28,0,1323,1,TulsiGabbard,3177,120294,6339
2017-01-29,0,1207,1,TulsiGabbard,3177,121501,6340
2017-01-30,-1,697,-2,TulsiGabbard,3176,122198,6338
2017-01-31,-1,796,0,TulsiGabbard,3175,122994,6338
2017-02-01,1,415,1,TulsiGabbard,3176,123409,6339
2017-02-02,0,489,8,TulsiGabbard,3176,123898,6347
2017-02-03,1,278,3,TulsiGabbard,3177,124176,6350
2017-02-04,1,347,5,TulsiGabbard,3178,124523,6355
2017-02-05,0,288,1,TulsiGabbard,3178,124811,6356
2017-02-06,1,186,6,TulsiGabbard,3179,124997,6362
2017-02-07,-1,241,0,TulsiGabbard,3178,125238,6362
2017-02-08,0,203,0,TulsiGabbard,3178,125441,6362
2017-02-09,0,300,3,TulsiGabbard,3178,125741,6365
2017-02-10,0,101,6,TulsiGabbard,3178,125842,6371
2017-02-11,0,242,4,TulsiGabbard,3178,126084,6375
2017-02-12,0,248,6,TulsiGabbard,3178,126332,6381
2017-02-13,0,184,4,TulsiGabbard,3178,126516,6385
2017-02-14,1,178,4,TulsiGabbard,3179,126694,6389
2017-02-15,1,262,4,TulsiGabbard,3180,126956,6393
2017-02-16,0,336,0,TulsiGabbard,3180,127292,6393
2017-02-17,-1,145,0,TulsiGabbard,3179,127437,6393
2017-02-18,-1,80,4,TulsiGabbard,3178,127517,6397
2017-02-19,0,107,0,TulsiGabbard,3178,127624,6397
2017-02-20,-1,130,5,TulsiGabbard,3177,127754,6402
2017-02-21,0,65,5,TulsiGabbard,3177,127819,6407
2017-02-22,0,106,0,TulsiGabbard,3177,127925,6407
2017-02-23,-1,66,0,TulsiGabbard,3176,127991,6407
2017-02-24,0,62,1,TulsiGabbard,3176,128053,6408
2017-02-25,0,93,2,TulsiGabbard,3176,128146,6410
2017-02-26,0,139,0,TulsiGabbard,3176,128285,6410
2017-02-27,0,126,0,TulsiGabbard,3176,128411,6410
2017-02-28,1,90,2,TulsiGabbard,3177,128501,6412
2017-03-01,2,148,3,TulsiGabbard,3179,128649,6415
2017-03-02,0,267,0,TulsiGabbard,3179,128916,6415
2017-03-03,0,-4,3,TulsiGabbard,3179,128912,6418
2017-03-04,0,150,0,TulsiGabbard,3179,129062,6418
2017-03-05,1,85,1,TulsiGabbard,3180,129147,6419
2017-03-06,0,42,1,TulsiGabbard,3180,129189,6420
2017-03-07,0,93,0,TulsiGabbard,3180,129282,6420
2017-03-08,0,1943,12,TulsiGabbard,3180,131225,6432
2017-03-09,0,567,1,TulsiGabbard,3180,131792,6433
2017-03-10,0,487,2,TulsiGabbard,3180,132279,6435
2017-03-11,1,178,5,TulsiGabbard,3181,132457,6440
2017-03-12,0,104,2,TulsiGabbard,3181,132561,6442
2017-03-13,0,62,2,TulsiGabbard,3181,132623,6444
2017-03-14,-1,139,3,TulsiGabbard,3180,132762,6447
2017-03-15,0,76,2,TulsiGabbard,3180,132838,6449
2017-03-16,0,48,1,TulsiGabbard,3180,132886,6450
2017-03-17,0,67,1,TulsiGabbard,3180,132953,6451
2017-03-18,1,30,0,TulsiGabbard,3181,132983,6451
2017-03-19,-1,42,0,TulsiGabbard,3180,133025,6451
2017-03-20,-1,8,-1,TulsiGabbard,3179,133033,6450
2017-03-21,-1,57,4,TulsiGabbard,3178,133090,6454
2017-03-22,0,127,1,TulsiGabbard,3178,133217,6455
2017-03-23,0,185,1,TulsiGabbard,3178,133402,6456
2017-03-24,0,149,1,TulsiGabbard,3178,133551,6457
2017-03-25,1,128,3,TulsiGabbard,3179,133679,6460
2017-03-26,0,69,0,TulsiGabbard,3179,133748,6460
2017-03-27,1,23,1,TulsiGabbard,3180,133771,6461
2017-03-28,0,34,5,TulsiGabbard,3180,133805,6466
2017-03-29,0,90,1,TulsiGabbard,3180,133895,6467
2017-03-30,0,128,3,TulsiGabbard,3180,134023,6470
2017-03-31,0,73,2,TulsiGabbard,3180,134096,6472
2017-04-01,0,352,0,TulsiGabbard,3180,134448,6472
2017-04-02,0,152,0,TulsiGabbard,3180,134600,6472
2017-04-03,0,83,0,TulsiGabbard,3180,134683,6472
2017-04-04,0,148,2,TulsiGabbard,3180,134831,6474
2017-04-05,1,151,5,TulsiGabbard,3181,134982,6479
2017-04-06,0,191,0,TulsiGabbard,3181,135173,6479
2017-04-07,0,577,3,TulsiGabbard,3181,135750,6482
2017-04-08,0,1954,7,TulsiGabbard,3181,137704,6489
2017-04-09,-1,877,1,TulsiGabbard,3180,138581,6490
2017-04-10,1,1352,6,TulsiGabbard,3181,139933,6496
2017-04-11,0,1628,1,TulsiGabbard,3181,141561,6497
2017-04-12,0,1669,5,TulsiGabbard,3181,143230,6502
2017-04-13,0,606,2,TulsiGabbard,3181,143836,6504
2017-04-14,0,246,3,TulsiGabbard,3181,144082,6507
2017-04-15,0,315,0,TulsiGabbard,3181,144397,6507
2017-04-16,0,231,1,TulsiGabbard,3181,144628,6508
2017-04-17,1,169,0,TulsiGabbard,3182,144797,6508
2017-04-18,-1,126,0,TulsiGabbard,3181,144923,6508
2017-04-19,0,69,0,TulsiGabbard,3181,144992,6508
2017-04-20,0,92,0,TulsiGabbard,3181,145084,6508
2017-04-21,0,201,4,TulsiGabbard,3181,145285,6512
2017-04-22,0,140,3,TulsiGabbard,3181,145425,6515
2017-04-23,0,81,1,TulsiGabbard,3181,145506,6516
2017-04-24,0,98,0,TulsiGabbard,3181,145604,6516
2017-04-25,0,69,0,TulsiGabbard,3181,145673,6516
2017-04-26,0,39,0,TulsiGabbard,3181,145712,6516
2017-04-27,0,128,2,TulsiGabbard,3181,145840,6518
2017-04-28,0,89,0,TulsiGabbard,3181,145929,6518
2017-04-29,0,78,1,TulsiGabbard,3181,146007,6519
2017-04-30,0,25,2,TulsiGabbard,3181,146032,6521
2017-05-01,0,50,0,TulsiGabbard,3181,146082,6521
2017-05-02,0,63,3,TulsiGabbard,3181,146145,6524
2017-05-03,0,139,0,TulsiGabbard,3181,146284,6524
2017-05-04,1,107,3,TulsiGabbard,3182,146391,6527
2017-05-05,0,122,2,TulsiGabbard,3182,146513,6529
2017-05-06,1,113,2,TulsiGabbard,3183,146626,6531
2017-05-07,3,65,0,TulsiGabbard,3186,146691,6531
2017-05-08,0,27,1,TulsiGabbard,3186,146718,6532
2017-05-09,0,53,1,TulsiGabbard,3186,146771,6533
2017-05-10,0,65,2,TulsiGabbard,3186,146836,6535
2017-05-11,0,111,2,TulsiGabbard,3186,146947,6537
2017-05-12,0,51,0,TulsiGabbard,3186,146998,6537
2017-05-13,0,68,2,TulsiGabbard,3186,147066,6539
2017-05-14,0,57,0,TulsiGabbard,3186,147123,6539
2017-05-15,2,47,0,TulsiGabbard,3188,147170,6539
2017-05-16,-1,20,1,TulsiGabbard,3187,147190,6540
2017-05-17,-1,51,0,TulsiGabbard,3186,147241,6540
2017-05-18,0,82,7,TulsiGabbard,3186,147323,6547
2017-05-19,0,146,0,TulsiGabbard,3186,147469,6547
2017-05-20,0,1441,3,TulsiGabbard,3186,148910,6550
2017-05-21,0,1119,4,TulsiGabbard,3186,150029,6554
2017-05-22,2,1071,5,TulsiGabbard,3188,151100,6559
2017-05-23,-1,381,2,TulsiGabbard,3187,151481,6561
2017-05-24,0,128,0,TulsiGabbard,3187,151609,6561
2017-05-25,0,45,0,TulsiGabbard,3187,151654,6561
2017-05-26,1,113,4,TulsiGabbard,3188,151767,6565
2017-05-27,1,87,3,TulsiGabbard,3189,151854,6568
2017-05-28,0,46,2,TulsiGabbard,3189,151900,6570
2017-05-29,0,211,6,TulsiGabbard,3189,152111,6576
2017-05-30,-1,235,2,TulsiGabbard,3188,152346,6578
2017-05-31,0,40,3,TulsiGabbard,3188,152386,6581
2017-06-01,0,188,0,TulsiGabbard,3188,152574,6581
2017-06-02,0,69,1,TulsiGabbard,3188,152643,6582
2017-06-03,0,9,0,TulsiGabbard,3188,152652,6582
2017-06-04,4,49,2,TulsiGabbard,3192,152701,6584
2017-06-05,-1,52,1,TulsiGabbard,3191,152753,6585
2017-06-06,0,84,0,TulsiGabbard,3191,152837,6585
2017-06-07,0,77,2,TulsiGabbard,3191,152914,6587
2017-06-08,0,92,5,TulsiGabbard,3191,153006,6592
2017-06-09,0,45,1,TulsiGabbard,3191,153051,6593
2017-06-10,-1,-21,5,TulsiGabbard,3190,153030,6598
2017-06-11,0,44,2,TulsiGabbard,3190,153074,6600
2017-06-12,0,89,2,TulsiGabbard,3190,153163,6602
2017-06-13,0,25,0,TulsiGabbard,3190,153188,6602
2017-06-14,1,154,5,TulsiGabbard,3191,153342,6607
2017-06-15,0,87,3,TulsiGabbard,3191,153429,6610
2017-06-16,0,76,7,TulsiGabbard,3191,153505,6617
2017-06-17,0,1,2,TulsiGabbard,3191,153506,6619
2017-06-18,0,41,1,TulsiGabbard,3191,153547,6620
2017-06-19,0,37,0,TulsiGabbard,3191,153584,6620
2017-06-20,0,80,0,TulsiGabbard,3191,153664,6620
2017-06-21,0,67,1,TulsiGabbard,3191,153731,6621
2017-06-22,0,83,1,TulsiGabbard,3191,153814,6622
2017-06-23,0,93,3,TulsiGabbard,3191,153907,6625
2017-06-24,-1,78,1,TulsiGabbard,3190,153985,6626
2017-06-25,-1,72,0,TulsiGabbard,3189,154057,6626
2017-06-26,2,42,0,TulsiGabbard,3191,154099,6626
2017-06-27,0,236,0,TulsiGabbard,3191,154335,6626
2017-06-28,0,119,1,TulsiGabbard,3191,154454,6627
2017-06-29,0,79,0,TulsiGabbard,3191,154533,6627
2017-06-30,-1,46,0,TulsiGabbard,3190,154579,6627
2017-07-01,2,89,1,TulsiGabbard,3192,154668,6628
2017-07-02,0,39,0,TulsiGabbard,3192,154707,6628
2017-07-03,0,34,2,TulsiGabbard,3192,154741,6630
2017-07-04,0,17,0,TulsiGabbard,3192,154758,6630
2017-07-05,0,13,3,TulsiGabbard,3192,154771,6633
2017-07-06,0,41,1,TulsiGabbard,3192,154812,6634
2017-07-07,0,54,1,TulsiGabbard,3192,154866,6635
2017-07-08,0,45,0,TulsiGabbard,3192,154911,6635
2017-07-09,0,68,1,TulsiGabbard,3192,154979,6636
2017-07-10,0,81,0,TulsiGabbard,3192,155060,6636
2017-07-11,-1,102,1,TulsiGabbard,3191,155162,6637
2017-07-12,0,77,3,TulsiGabbard,3191,155239,6640
2017-07-13,0,84,1,TulsiGabbard,3191,155323,6641
2017-07-14,0,40,0,TulsiGabbard,3191,155363,6641
2017-07-15,-1,52,0,TulsiGabbard,3190,155415,6641
2017-07-16,0,20,2,TulsiGabbard,3190,155435,6643
2017-07-17,0,52,0,TulsiGabbard,3190,155487,6643
2017-07-18,0,18,11,TulsiGabbard,3190,155505,6654
2017-07-19,0,87,4,TulsiGabbard,3190,155592,6658
2017-07-20,0,77,1,TulsiGabbard,3190,155669,6659
2017-07-21,0,23,0,TulsiGabbard,3190,155692,6659
2017-07-22,1,68,0,TulsiGabbard,3191,155760,6659
2017-07-23,0,33,0,TulsiGabbard,3191,155793,6659
2017-07-24,2,69,0,TulsiGabbard,3193,155862,6659
2017-07-25,1,552,0,TulsiGabbard,3194,156414,6659
2017-07-26,0,276,0,TulsiGabbard,3194,156690,6659
2017-07-27,-1,105,0,TulsiGabbard,3193,156795,6659
2017-07-28,0,63,2,TulsiGabbard,3193,156858,6661
2017-07-29,0,61,0,TulsiGabbard,3193,156919,6661
2017-07-30,2,42,0,TulsiGabbard,3195,156961,6661
2017-07-31,2,48,4,TulsiGabbard,3197,157009,6665
2017-08-01,0,83,1,TulsiGabbard,3197,157092,6666
2017-08-02,0,63,0,TulsiGabbard,3197,157155,6666
2017-08-03,0,25,1,TulsiGabbard,3197,157180,6667
2017-08-04,0,50,0,TulsiGabbard,3197,157230,6667
2017-08-05,0,44,0,TulsiGabbard,3197,157274,6667
2017-08-06,1,39,0,TulsiGabbard,3198,157313,6667
2017-08-08,0,44,4,TulsiGabbard,3198,157357,6671
2017-08-09,-1,18,0,TulsiGabbard,3197,157375,6671
2017-08-10,0,34,0,TulsiGabbard,3197,157409,6671
2017-08-11,1,49,0,TulsiGabbard,3198,157458,6671
2017-08-12,0,70,1,TulsiGabbard,3198,157528,6672
2017-08-13,0,105,3,TulsiGabbard,3198,157633,6675
2017-08-14,1,121,0,TulsiGabbard,3199,157754,6675
2017-08-15,0,69,0,TulsiGabbard,3199,157823,6675
2017-08-16,0,49,1,TulsiGabbard,3199,157872,6676
2017-08-17,0,30,0,TulsiGabbard,3199,157902,6676
2017-08-18,0,38,0,TulsiGabbard,3199,157940,6676
2017-08-19,0,54,2,TulsiGabbard,3199,157994,6678
2017-08-20,0,27,0,TulsiGabbard,3199,158021,6678
2017-08-21,0,53,2,TulsiGabbard,3199,158074,6680
2017-08-22,0,26,0,TulsiGabbard,3199,158100,6680
2017-08-23,0,4,2,TulsiGabbard,3199,158104,6682
2017-08-24,0,43,0,TulsiGabbard,3199,158147,6682
2017-08-25,0,20,0,TulsiGabbard,3199,158167,6682
2017-08-26,0,30,2,TulsiGabbard,3199,158197,6684
2017-08-27,0,40,1,TulsiGabbard,3199,158237,6685
2017-08-28,0,-21,0,TulsiGabbard,3199,158216,6685
2017-08-29,0,16,1,TulsiGabbard,3199,158232,6686
2017-08-30,0,11,1,TulsiGabbard,3199,158243,6687
2017-08-31,0,9,0,TulsiGabbard,3199,158252,6687
2017-09-01,0,4,3,TulsiGabbard,3199,158256,6690
2017-09-02,0,44,2,TulsiGabbard,3199,158300,6692
2017-09-03,0,29,1,TulsiGabbard,3199,158329,6693
2017-09-04,0,9,0,TulsiGabbard,3199,158338,6693
2017-09-05,0,35,0,TulsiGabbard,3199,158373,6693
2017-09-06,0,53,3,TulsiGabbard,3199,158426,6696
2017-09-07,-1,28,1,TulsiGabbard,3198,158454,6697
2017-09-08,0,26,2,TulsiGabbard,3198,158480,6699
2017-09-09,0,33,0,TulsiGabbard,3198,158513,6699
2017-09-10,0,34,0,TulsiGabbard,3198,158547,6699
2017-09-11,2,35,3,TulsiGabbard,3200,158582,6702
2017-09-12,0,33,5,TulsiGabbard,3200,158615,6707
2017-09-13,1,79,6,TulsiGabbard,3201,158694,6713
2017-09-14,0,59,11,TulsiGabbard,3201,158753,6724
2017-09-15,-1,232,0,TulsiGabbard,3200,158985,6724
2017-09-16,0,39,2,TulsiGabbard,3200,159024,6726
2017-09-17,0,24,1,TulsiGabbard,3200,159048,6727
2017-09-18,0,17,2,TulsiGabbard,3200,159065,6729
2017-09-19,0,20,2,TulsiGabbard,3200,159085,6731
2017-09-20,0,21,3,TulsiGabbard,3200,159106,6734
2017-09-21,1,11,3,TulsiGabbard,3201,159117,6737
2017-09-22,0,115,8,TulsiGabbard,3201,159232,6745
2017-09-23,0,32,7,TulsiGabbard,3201,159264,6752
2017-09-24,0,48,9,TulsiGabbard,3201,159312,6761
2017-09-25,0,78,4,TulsiGabbard,3201,159390,6765
2017-09-26,0,32,9,TulsiGabbard,3201,159422,6774
2017-09-27,17,25,7,TulsiGabbard,3218,159447,6781
2017-09-28,0,92,11,TulsiGabbard,3218,159539,6792
2017-09-29,1,46,11,TulsiGabbard,3219,159585,6803
2017-09-30,0,15,9,TulsiGabbard,3219,159600,6812
2017-10-01,1,-48,13,TulsiGabbard,3220,159552,6825
2017-10-02,1,18,8,TulsiGabbard,3221,159570,6833
2017-10-03,0,86,2,TulsiGabbard,3221,159656,6835
2017-10-04,0,48,2,TulsiGabbard,3221,159704,6837
2017-10-05,0,27,5,TulsiGabbard,3221,159731,6842
2017-10-06,0,18,6,TulsiGabbard,3221,159749,6848
2017-10-07,0,21,6,TulsiGabbard,3221,159770,6854
2017-10-08,0,29,0,TulsiGabbard,3221,159799,6854
2017-10-09,0,16,0,TulsiGabbard,3221,159815,6854
2017-10-10,4,44,10,TulsiGabbard,3225,159859,6864
2017-10-11,0,60,10,TulsiGabbard,3225,159919,6874
2017-10-12,4,131,15,TulsiGabbard,3229,160050,6889
2017-10-13,0,40,10,TulsiGabbard,3229,160090,6899
2017-10-14,1,44,10,TulsiGabbard,3230,160134,6909
2017-10-15,0,51,13,TulsiGabbard,3230,160185,6922
2017-10-16,0,48,7,TulsiGabbard,3230,160233,6929
2017-10-17,0,4,6,TulsiGabbard,3230,160237,6935
2017-10-18,0,127,6,TulsiGabbard,3230,160364,6941
2017-10-19,1,126,7,TulsiGabbard,3231,160490,6948
2017-10-20,-1,94,5,TulsiGabbard,3230,160584,6953
2017-10-21,1,11,4,TulsiGabbard,3231,160595,6957
2017-10-22,0,1,1,TulsiGabbard,3231,160596,6958
2017-10-23,0,27,1,TulsiGabbard,3231,160623,6959
2017-10-24,0,107,5,TulsiGabbard,3231,160730,6964
2017-10-25,0,56,5,TulsiGabbard,3231,160786,6969
2017-10-26,0,75,4,TulsiGabbard,3231,160861,6973
2017-10-27,0,39,6,TulsiGabbard,3231,160900,6979
2017-10-28,0,60,11,TulsiGabbard,3231,160960,6990
2017-10-29,2,55,3,TulsiGabbard,3233,161015,6993
2017-10-30,-1,50,7,TulsiGabbard,3232,161065,7000
2017-10-31,0,290,7,TulsiGabbard,3232,161355,7007
2017-11-01,0,116,8,TulsiGabbard,3232,161471,7015
2017-11-02,0,340,5,TulsiGabbard,3232,161811,7020
2017-11-03,0,168,6,TulsiGabbard,3232,161979,7026
2017-11-04,0,451,9,TulsiGabbard,3232,162430,7035
2017-11-05,0,252,0,TulsiGabbard,3232,162682,7035
2017-11-06,0,190,3,TulsiGabbard,3232,162872,7038
2017-11-07,0,126,6,TulsiGabbard,3232,162998,7044
2017-11-08,0,98,9,TulsiGabbard,3232,163096,7053
2017-11-09,0,149,10,TulsiGabbard,3232,163245,7063
2017-11-10,0,76,7,TulsiGabbard,3232,163321,7070
2017-11-11,0,322,11,TulsiGabbard,3232,163643,7081
2017-11-12,0,95,2,TulsiGabbard,3232,163738,7083
2017-11-13,0,37,0,TulsiGabbard,3232,163775,7083
2017-11-14,0,52,4,TulsiGabbard,3232,163827,7087
2017-11-15,0,30,5,TulsiGabbard,3232,163857,7092
2017-11-16,0,39,5,TulsiGabbard,3232,163896,7097
2017-11-17,1,57,5,TulsiGabbard,3233,163953,7102
2017-11-18,-1,6,9,TulsiGabbard,3232,163959,7111
2017-11-19,0,41,8,TulsiGabbard,3232,164000,7119
2017-11-20,0,35,3,TulsiGabbard,3232,164035,7122
2017-11-21,0,98,7,TulsiGabbard,3232,164133,7129
2017-11-22,0,78,1,TulsiGabbard,3232,164211,7130
2017-11-23,0,255,7,TulsiGabbard,3232,164466,7137
2017-11-24,0,42,1,TulsiGabbard,3232,164508,7138
2017-11-25,0,34,1,TulsiGabbard,3232,164542,7139
2017-11-26,0,36,0,TulsiGabbard,3232,164578,7139
2017-11-27,0,19,5,TulsiGabbard,3232,164597,7144
2017-11-28,0,68,7,TulsiGabbard,3232,164665,7151
2017-11-29,0,231,2,TulsiGabbard,3232,164896,7153
2017-11-30,5,275,10,TulsiGabbard,3237,165171,7163
2017-12-01,0,175,5,TulsiGabbard,3237,165346,7168
2017-12-02,0,127,5,TulsiGabbard,3237,165473,7173
2017-12-03,0,35,12,TulsiGabbard,3237,165508,7185
2017-12-04,0,28,1,TulsiGabbard,3237,165536,7186
2017-12-05,0,35,5,TulsiGabbard,3237,165571,7191
2017-12-06,0,37,8,TulsiGabbard,3237,165608,7199
2017-12-07,1,24,10,TulsiGabbard,3238,165632,7209
2017-12-08,0,22,10,TulsiGabbard,3238,165654,7219
2017-12-09,0,19,3,TulsiGabbard,3238,165673,7222
2017-12-10,0,46,2,TulsiGabbard,3238,165719,7224
2017-12-11,0,-2,1,TulsiGabbard,3238,165717,7225
2017-12-16,-1,273,29,TulsiGabbard,3237,165990,7254
2017-12-17,0,13,0,TulsiGabbard,3237,166003,7254
2017-12-18,0,-18,1,TulsiGabbard,3237,165985,7255
2017-12-19,0,-17,3,TulsiGabbard,3237,165968,7258
2017-12-20,-1,39,7,TulsiGabbard,3236,166007,7265
2017-12-21,0,3,2,TulsiGabbard,3236,166010,7267
2017-12-22,0,7,1,TulsiGabbard,3236,166017,7268
2017-12-23,0,22,0,TulsiGabbard,3236,166039,7268
2017-12-24,-1,-7,2,TulsiGabbard,3235,166032,7270
2017-12-25,0,17,0,TulsiGabbard,3235,166049,7270
2017-12-26,0,9,1,TulsiGabbard,3235,166058,7271
2017-12-27,-1,38,2,TulsiGabbard,3234,166096,7273
2017-12-28,0,38,2,TulsiGabbard,3234,166134,7275
2017-12-29,1,41,3,TulsiGabbard,3235,166175,7278
2017-12-30,0,29,4,TulsiGabbard,3235,166204,7282
2017-12-31,-1,29,2,TulsiGabbard,3234,166233,7284
2018-01-01,0,-29,0,TulsiGabbard,3234,166204,7284
2018-01-02,-1,27,1,TulsiGabbard,3233,166231,7285
2018-01-03,-1,125,3,TulsiGabbard,3232,166356,7288
2018-01-04,1,56,-1,TulsiGabbard,3233,166412,7287
2018-01-05,1,191,9,TulsiGabbard,3234,166603,7296
2018-01-06,0,45,2,TulsiGabbard,3234,166648,7298
2018-01-07,2,28,7,TulsiGabbard,3236,166676,7305
2018-01-08,0,44,1,TulsiGabbard,3236,166720,7306
2018-01-09,3,62,10,TulsiGabbard,3239,166782,7316
2018-01-10,0,98,4,TulsiGabbard,3239,166880,7320
2018-01-11,1,89,12,TulsiGabbard,3240,166969,7332
2018-01-12,0,58,4,TulsiGabbard,3240,167027,7336
2018-01-13,2,2416,8,TulsiGabbard,3242,169443,7344
2018-01-14,-1,5611,7,TulsiGabbard,3241,175054,7351
2018-01-15,-1,1336,6,TulsiGabbard,3240,176390,7357
2018-01-16,0,554,3,TulsiGabbard,3240,176944,7360
2018-01-17,-1,517,7,TulsiGabbard,3239,177461,7367
2018-01-18,1,426,6,TulsiGabbard,3240,177887,7373
2018-01-19,0,214,5,TulsiGabbard,3240,178101,7378
2018-01-20,3,100,5,TulsiGabbard,3243,178201,7383
2018-01-21,2,145,4,TulsiGabbard,3245,178346,7387
2018-01-22,0,104,1,TulsiGabbard,3245,178450,7388
2018-01-23,1,19,12,TulsiGabbard,3246,178469,7400
2018-01-24,0,80,5,TulsiGabbard,3246,178549,7405
2018-01-25,0,83,5,TulsiGabbard,3246,178632,7410
2018-01-26,0,59,3,TulsiGabbard,3246,178691,7413
2018-01-27,0,30,4,TulsiGabbard,3246,178721,7417
2018-01-28,-1,16,1,TulsiGabbard,3245,178737,7418
2018-01-29,0,-2,3,TulsiGabbard,3245,178735,7421
2018-01-30,0,21,5,TulsiGabbard,3245,178756,7426
2018-01-31,0,55,1,TulsiGabbard,3245,178811,7427
2018-02-01,1,34,6,TulsiGabbard,3246,178845,7433
2018-02-02,-1,13,7,TulsiGabbard,3245,178858,7440
2018-02-03,0,55,2,TulsiGabbard,3245,178913,7442
2018-02-04,0,28,0,TulsiGabbard,3245,178941,7442
2018-02-05,0,-13,6,TulsiGabbard,3245,178928,7448
2018-02-06,0,5,3,TulsiGabbard,3245,178933,7451
2018-02-07,0,0,4,TulsiGabbard,3245,178933,7455
2018-02-08,-2,1,6,TulsiGabbard,3243,178934,7461
2018-02-09,0,24,4,TulsiGabbard,3243,178958,7465
2018-02-10,1,0,0,TulsiGabbard,3244,178958,7465
2018-02-11,0,44,4,TulsiGabbard,3244,179002,7469
2018-02-12,0,12,2,TulsiGabbard,3244,179014,7471
2018-02-13,0,-4,0,TulsiGabbard,3244,179010,7471
2018-02-14,0,11,1,TulsiGabbard,3244,179021,7472
2018-02-15,-1,4,1,TulsiGabbard,3243,179025,7473
2018-02-16,0,11,4,TulsiGabbard,3243,179036,7477
2018-02-17,-1,10,1,TulsiGabbard,3242,179046,7478
2018-02-18,0,23,0,TulsiGabbard,3242,179069,7478
2018-02-19,2,-16,12,TulsiGabbard,3244,179053,7490
2018-02-20,1,11,1,TulsiGabbard,3245,179064,7491
2018-02-21,1,-83,3,TulsiGabbard,3246,178981,7494
2018-02-22,0,100,3,TulsiGabbard,3246,179081,7497
2018-02-23,0,49,5,TulsiGabbard,3246,179130,7502
2018-02-24,0,49,0,TulsiGabbard,3246,179179,7502
2018-02-25,-1,25,0,TulsiGabbard,3245,179204,7502
2018-02-26,1,28,0,TulsiGabbard,3246,179232,7502
2018-02-27,0,13,1,TulsiGabbard,3246,179245,7503
2018-02-28,0,97,3,TulsiGabbard,3246,179342,7506
2018-03-01,1,92,3,TulsiGabbard,3247,179434,7509
2018-03-02,0,60,0,TulsiGabbard,3247,179494,7509
2018-03-03,0,-6,2,TulsiGabbard,3247,179488,7511
2018-03-04,0,8,4,TulsiGabbard,3247,179496,7515
2018-03-05,0,32,0,TulsiGabbard,3247,179528,7515
2018-03-06,-1,21,0,TulsiGabbard,3246,179549,7515
2018-03-07,0,20,9,TulsiGabbard,3246,179569,7524
2018-03-08,1,33,5,TulsiGabbard,3247,179602,7529
2018-03-09,0,34,6,TulsiGabbard,3247,179636,7535
2018-03-10,0,18,5,TulsiGabbard,3247,179654,7540
2018-03-11,0,32,0,TulsiGabbard,3247,179686,7540
2018-03-12,0,25,1,TulsiGabbard,3247,179711,7541
2018-03-13,0,10,2,TulsiGabbard,3247,179721,7543
2018-03-14,1,26,1,TulsiGabbard,3248,179747,7544
2018-03-15,0,9,8,TulsiGabbard,3248,179756,7552
2018-03-16,0,20,1,TulsiGabbard,3248,179776,7553
2018-03-17,1,18,2,TulsiGabbard,3249,179794,7555
2018-03-18,0,18,0,TulsiGabbard,3249,179812,7555
2018-03-19,0,8,0,TulsiGabbard,3249,179820,7555
2018-03-20,0,21,1,TulsiGabbard,3249,179841,7556
2018-03-21,6,73,9,TulsiGabbard,3255,179914,7565
2018-03-22,0,48,2,TulsiGabbard,3255,179962,7567
2018-03-23,-1,134,4,TulsiGabbard,3254,180096,7571
2018-03-24,-1,56,3,TulsiGabbard,3253,180152,7574
2018-03-25,-1,18,0,TulsiGabbard,3252,180170,7574
2018-03-26,-1,-41,2,TulsiGabbard,3251,180129,7576
2018-03-27,0,-6,1,TulsiGabbard,3251,180123,7577
2018-03-28,1,-2,0,TulsiGabbard,3252,180121,7577
2018-03-29,0,-4,1,TulsiGabbard,3252,180117,7578
2018-03-30,0,-10,1,TulsiGabbard,3252,180107,7579
2018-03-31,0,-15,0,TulsiGabbard,3252,180092,7579
2018-04-01,0,9,0,TulsiGabbard,3252,180101,7579
2018-04-02,0,-14,0,TulsiGabbard,3252,180087,7579
2018-04-03,0,-1,2,TulsiGabbard,3252,180086,7581
2018-04-04,0,2,0,TulsiGabbard,3252,180088,7581
2018-04-05,0,-21,2,TulsiGabbard,3252,180067,7583
2018-04-06,0,30,3,TulsiGabbard,3252,180097,7586
2018-04-07,2,7,1,TulsiGabbard,3254,180104,7587
2018-04-08,0,32,2,TulsiGabbard,3254,180136,7589
2018-04-09,0,14,0,TulsiGabbard,3254,180150,7589
2018-04-10,-1,28,0,TulsiGabbard,3253,180178,7589
2018-04-11,0,21,2,TulsiGabbard,3253,180199,7591
2018-04-12,0,221,5,TulsiGabbard,3253,180420,7596
2018-04-13,0,499,7,TulsiGabbard,3253,180919,7603
2018-04-14,4,766,3,TulsiGabbard,3257,181685,7606
2018-04-15,0,243,1,TulsiGabbard,3257,181928,7607
2018-04-16,1,137,2,TulsiGabbard,3258,182065,7609
2018-04-17,0,74,1,TulsiGabbard,3258,182139,7610
2018-04-18,1,25,4,TulsiGabbard,3259,182164,7614
2018-04-19,0,-8,0,TulsiGabbard,3259,182156,7614
2018-04-20,0,29,2,TulsiGabbard,3259,182185,7616
2018-04-21,0,1,1,TulsiGabbard,3259,182186,7617
2018-04-22,0,35,0,TulsiGabbard,3259,182221,7617
2018-04-23,0,-15,1,TulsiGabbard,3259,182206,7618
2018-04-24,1,-10,0,TulsiGabbard,3260,182196,7618
2018-04-25,-2,10,2,TulsiGabbard,3258,182206,7620
2018-04-26,0,-16,4,TulsiGabbard,3258,182190,7624
2018-04-27,-1,-31,2,TulsiGabbard,3257,182159,7626
2018-04-28,-1,17,0,TulsiGabbard,3256,182176,7626
2018-04-29,2,-33,14,TulsiGabbard,3258,182143,7640
2018-04-30,-2,-29,1,TulsiGabbard,3256,182114,7641
2018-05-01,0,-1,0,TulsiGabbard,3256,182113,7641
2018-05-02,0,48,4,TulsiGabbard,3256,182161,7645
2018-05-03,-1,17,-2,TulsiGabbard,3255,182178,7643
2018-05-04,1,-48,11,TulsiGabbard,3256,182130,7654
2018-05-05,0,60,5,TulsiGabbard,3256,182190,7659
2018-05-06,0,25,0,TulsiGabbard,3256,182215,7659
2018-05-07,0,-12,1,TulsiGabbard,3256,182203,7660
2018-05-08,0,-2,0,TulsiGabbard,3256,182201,7660
2018-05-09,0,10,6,TulsiGabbard,3256,182211,7666
2018-05-10,0,13,0,TulsiGabbard,3256,182224,7666
2018-05-11,0,-6,0,TulsiGabbard,3256,182218,7666
2018-05-12,0,-13,7,TulsiGabbard,3256,182205,7673
2018-05-13,0,-4,0,TulsiGabbard,3256,182201,7673
2018-05-14,0,-19,2,TulsiGabbard,3256,182182,7675
2018-05-15,0,20,1,TulsiGabbard,3256,182202,7676
2018-05-16,0,51,2,TulsiGabbard,3256,182253,7678
2018-05-17,0,-45,2,TulsiGabbard,3256,182208,7680
2018-05-18,-1,-50,6,TulsiGabbard,3255,182158,7686
2018-05-19,0,-5,1,TulsiGabbard,3255,182153,7687
2018-05-20,0,-15,0,TulsiGabbard,3255,182138,7687
2018-05-21,0,-9,3,TulsiGabbard,3255,182129,7690
2018-05-22,0,-34,11,TulsiGabbard,3255,182095,7701
2018-05-23,0,-32,12,TulsiGabbard,3255,182063,7713
2018-05-24,0,14,0,TulsiGabbard,3255,182077,7713
2018-05-25,0,-16,2,TulsiGabbard,3255,182061,7715
2018-05-26,0,-16,10,TulsiGabbard,3255,182045,7725
2018-05-27,0,-11,0,TulsiGabbard,3255,182034,7725
2018-05-28,-1,-14,2,TulsiGabbard,3254,182020,7727
2018-05-29,0,16,6,TulsiGabbard,3254,182036,7733
2018-05-30,-1,-16,1,TulsiGabbard,3253,182020,7734
2018-05-31,0,-18,1,TulsiGabbard,3253,182002,7735
2018-06-01,0,-9,0,TulsiGabbard,3253,181993,7735
2018-06-02,2,0,6,TulsiGabbard,3255,181993,7741
2018-06-03,2,-5,0,TulsiGabbard,3257,181988,7741
2018-06-04,2,-13,1,TulsiGabbard,3259,181975,7742
2018-06-05,2,25,4,TulsiGabbard,3261,182000,7746
2018-06-06,4,37,9,TulsiGabbard,3265,182037,7755
2018-06-07,-1,-16,2,TulsiGabbard,3264,182021,7757
2018-06-08,3,189,4,TulsiGabbard,3267,182210,7761
2018-06-09,1,19,9,TulsiGabbard,3268,182229,7770
2018-06-10,0,-12,20,TulsiGabbard,3268,182217,7790
2018-06-11,0,16,1,TulsiGabbard,3268,182233,7791
2018-06-12,1,89,5,TulsiGabbard,3269,182322,7796
2018-06-13,8,42,8,TulsiGabbard,3277,182364,7804
2018-06-14,1,12,2,TulsiGabbard,3278,182376,7806
2018-06-15,0,-12,0,TulsiGabbard,3278,182364,7806
2018-06-16,0,-7,1,TulsiGabbard,3278,182357,7807
2018-06-17,0,3,0,TulsiGabbard,3278,182360,7807
2018-06-18,0,-5,0,TulsiGabbard,3278,182355,7807
2018-06-19,0,-30,1,TulsiGabbard,3278,182325,7808
2018-06-20,0,-3,0,TulsiGabbard,3278,182322,7808
2018-06-21,0,-11,3,TulsiGabbard,3278,182311,7811
2018-06-22,0,-7,2,TulsiGabbard,3278,182304,7813
2018-06-23,0,6,2,TulsiGabbard,3278,182310,7815
2018-06-24,0,10,0,TulsiGabbard,3278,182320,7815
2018-06-25,0,-19,1,TulsiGabbard,3278,182301,7816
2018-06-26,-1,25,6,TulsiGabbard,3277,182326,7822
2018-06-27,0,28,5,TulsiGabbard,3277,182354,7827
2018-06-28,0,78,3,TulsiGabbard,3277,182432,7830
2018-06-29,0,129,1,TulsiGabbard,3277,182561,7831
2018-06-30,-1,-5,1,TulsiGabbard,3276,182556,7832
2018-07-01,0,41,1,TulsiGabbard,3276,182597,7833
2018-07-02,0,40,2,TulsiGabbard,3276,182637,7835
2018-07-03,4,-1,8,TulsiGabbard,3280,182636,7843
2018-07-04,0,-1,0,TulsiGabbard,3280,182635,7843
2018-07-05,0,-9,4,TulsiGabbard,3280,182626,7847
2018-07-06,0,-3,0,TulsiGabbard,3280,182623,7847
2018-07-07,0,-8,1,TulsiGabbard,3280,182615,7848
2018-07-08,0,-7,0,TulsiGabbard,3280,182608,7848
2018-07-09,0,-8,1,TulsiGabbard,3280,182600,7849
2018-07-10,1,-1,2,TulsiGabbard,3281,182599,7851
2018-07-11,1,-20,3,TulsiGabbard,3282,182579,7854
2018-07-12,1,-34,7,TulsiGabbard,3283,182545,7861
2018-07-13,1,-632,1,TulsiGabbard,3284,181913,7862
2018-07-14,0,-12,1,TulsiGabbard,3284,181901,7863
2018-07-15,0,-1,1,TulsiGabbard,3284,181900,7864
2018-07-16,-1,-6,0,TulsiGabbard,3283,181894,7864
2018-07-17,0,1,0,TulsiGabbard,3283,181895,7864
2018-07-18,0,-20,4,TulsiGabbard,3283,181875,7868
2018-07-19,0,17,2,TulsiGabbard,3283,181892,7870
2018-07-20,2,7,2,TulsiGabbard,3285,181899,7872
2018-07-21,0,9,3,TulsiGabbard,3285,181908,7875
2018-07-22,1,-3,0,TulsiGabbard,3286,181905,7875
2018-07-23,0,48,1,TulsiGabbard,3286,181953,7876
2018-07-24,1,-36,1,TulsiGabbard,3287,181917,7877
2018-07-25,0,5,4,TulsiGabbard,3287,181922,7881
2018-07-26,-1,-2,-1,TulsiGabbard,3286,181920,7880
2018-07-27,0,-37,0,TulsiGabbard,3286,181883,7880
2018-07-28,0,-28,1,TulsiGabbard,3286,181855,7881
2018-07-29,0,-9,1,TulsiGabbard,3286,181846,7882
2018-07-30,4,-31,4,TulsiGabbard,3290,181815,7886
2018-07-31,0,-9,-5,TulsiGabbard,3290,181806,7881
2018-08-01,0,-14,0,TulsiGabbard,3290,181792,7881
2018-08-02,0,-18,4,TulsiGabbard,3290,181774,7885
2018-08-03,0,-27,2,TulsiGabbard,3290,181747,7887
2018-08-04,0,3,4,TulsiGabbard,3290,181750,7891
2018-08-05,0,-3,2,TulsiGabbard,3290,181747,7893
2018-08-06,-2,-6,0,TulsiGabbard,3288,181741,7893
2018-08-07,0,-43,5,TulsiGabbard,3288,181698,7898
2018-08-08,0,-56,7,TulsiGabbard,3288,181642,7905
2018-08-09,1,-12,-5,TulsiGabbard,3289,181630,7900
2018-08-10,0,42,7,TulsiGabbard,3289,181672,7907
2018-08-11,0,-43,10,TulsiGabbard,3289,181629,7917
2018-08-12,0,49,2,TulsiGabbard,3289,181678,7919
2018-08-13,0,182,3,TulsiGabbard,3289,181860,7922
2018-08-14,0,136,2,TulsiGabbard,3289,181996,7924
2018-08-15,-1,27,3,TulsiGabbard,3288,182023,7927
2018-08-16,1,-57,1,TulsiGabbard,3289,181966,7928
2018-08-17,0,-7,1,TulsiGabbard,3289,181959,7929
2018-08-18,0,-12,2,TulsiGabbard,3289,181947,7931
2018-08-19,-2,8,2,TulsiGabbard,3287,181955,7933
2018-08-20,0,-3,4,TulsiGabbard,3287,181952,7937
2018-08-21,0,11,0,TulsiGabbard,3287,181963,7937
2018-08-22,-2,18,8,TulsiGabbard,3285,181981,7945
2018-08-23,1,13,8,TulsiGabbard,3286,181994,7953
2018-08-24,0,-3,1,TulsiGabbard,3286,181991,7954
2018-08-25,0,-10,10,TulsiGabbard,3286,181981,7964
2018-08-26,0,-6,0,TulsiGabbard,3286,181975,7964
2018-08-27,-1,-32,5,TulsiGabbard,3285,181943,7969
2018-08-28,0,-9,0,TulsiGabbard,3285,181934,7969
2018-08-29,-1,-4,5,TulsiGabbard,3284,181930,7974
2018-08-30,0,38,3,TulsiGabbard,3284,181968,7977
2018-08-31,0,41,6,TulsiGabbard,3284,182009,7983
2018-09-01,3,16,0,TulsiGabbard,3287,182025,7983
2018-09-02,0,32,0,TulsiGabbard,3287,182057,7983
2018-09-03,0,9,1,TulsiGabbard,3287,182066,7984
2018-09-04,1,-14,0,TulsiGabbard,3288,182052,7984
2018-09-05,-1,-19,3,TulsiGabbard,3287,182033,7987
2018-09-06,1,40,7,TulsiGabbard,3288,182073,7994
2018-09-07,-1,8,1,TulsiGabbard,3287,182081,7995
2018-09-08,-2,16,4,TulsiGabbard,3285,182097,7999
2018-09-09,-1,7,0,TulsiGabbard,3284,182104,7999
2018-09-10,0,34,1,TulsiGabbard,3284,182138,8000
2018-09-11,0,1767,2,TulsiGabbard,3284,183905,8002
2018-09-12,0,478,0,TulsiGabbard,3284,184383,8002
2018-09-13,1,1152,3,TulsiGabbard,3285,185535,8005
2018-09-14,0,935,2,TulsiGabbard,3285,186470,8007
2018-09-15,1,314,0,TulsiGabbard,3286,186784,8007
2018-09-16,-1,59,0,TulsiGabbard,3285,186843,8007
2018-09-17,1,228,0,TulsiGabbard,3286,187071,8007
2018-09-18,0,135,1,TulsiGabbard,3286,187206,8008
2018-09-19,-1,195,3,TulsiGabbard,3285,187401,8011
2018-09-20,-1,134,3,TulsiGabbard,3284,187535,8014
2018-09-21,0,153,2,TulsiGabbard,3284,187688,8016
2018-09-22,1,106,3,TulsiGabbard,3285,187794,8019
2018-09-23,0,26,0,TulsiGabbard,3285,187820,8019
2018-09-24,0,163,1,TulsiGabbard,3285,187983,8020
2018-09-25,0,154,0,TulsiGabbard,3285,188137,8020
2018-09-26,0,65,5,TulsiGabbard,3285,188202,8025
2018-09-27,0,77,0,TulsiGabbard,3285,188279,8025
2018-09-28,0,24,4,TulsiGabbard,3285,188303,8029
2018-09-29,-1,18,3,TulsiGabbard,3284,188321,8032
2018-09-30,1,16,2,TulsiGabbard,3285,188337,8034
2018-10-01,1,26,5,TulsiGabbard,3286,188363,8039
2018-10-02,0,-10,2,TulsiGabbard,3286,188353,8041
2018-10-03,-1,55,3,TulsiGabbard,3285,188408,8044
2018-10-04,1,45,2,TulsiGabbard,3286,188453,8046
2018-10-05,0,33,2,TulsiGabbard,3286,188486,8048
2018-10-06,1,38,0,TulsiGabbard,3287,188524,8048
2018-10-07,0,0,2,TulsiGabbard,3287,188524,8050
2018-10-08,0,31,2,TulsiGabbard,3287,188555,8052
2018-10-09,-1,10,5,TulsiGabbard,3286,188565,8057
2018-10-10,0,0,0,TulsiGabbard,3286,188565,8057
2018-10-11,0,127,7,TulsiGabbard,3286,188692,8064
2018-10-12,-1,36,3,TulsiGabbard,3285,188728,8067
2018-10-13,1,15,1,TulsiGabbard,3286,188743,8068
2018-10-14,0,69,4,TulsiGabbard,3286,188812,8072
2018-10-15,-1,63,0,TulsiGabbard,3285,188875,8072
2018-10-16,2,63,4,TulsiGabbard,3287,188938,8076
2018-10-17,7,36,2,TulsiGabbard,3294,188974,8078
2018-10-18,-1,171,2,TulsiGabbard,3293,189145,8080
2018-10-19,1,102,2,TulsiGabbard,3294,189247,8082
2018-10-20,0,272,0,TulsiGabbard,3294,189519,8082
2018-10-21,1,217,1,TulsiGabbard,3295,189736,8083
2018-10-22,0,44,2,TulsiGabbard,3295,189780,8085
2018-10-23,0,15,0,TulsiGabbard,3295,189795,8085
2018-10-24,1,69,0,TulsiGabbard,3296,189864,8085
2018-10-25,0,256,4,TulsiGabbard,3296,190120,8089
2018-10-26,0,140,3,TulsiGabbard,3296,190260,8092
2018-10-27,0,51,1,TulsiGabbard,3296,190311,8093
2018-10-28,1,4,2,TulsiGabbard,3297,190315,8095
2018-10-29,1,73,2,TulsiGabbard,3298,190388,8097
2018-10-30,1,52,1,TulsiGabbard,3299,190440,8098
2018-10-31,0,23,0,TulsiGabbard,3299,190463,8098
2018-11-01,0,86,0,TulsiGabbard,3299,190549,8098
2018-11-02,2,1,2,TulsiGabbard,3301,190550,8100
2018-11-03,0,35,2,TulsiGabbard,3301,190585,8102
2018-11-04,0,19,1,TulsiGabbard,3301,190604,8103
2018-11-05,0,1,2,TulsiGabbard,3301,190605,8105
2018-11-06,0,38,3,TulsiGabbard,3301,190643,8108
2018-11-07,2,166,1,TulsiGabbard,3303,190809,8109
2018-11-08,0,108,4,TulsiGabbard,3303,190917,8113
2018-11-09,0,-7,0,TulsiGabbard,3303,190910,8113
2018-11-10,-1,89,2,TulsiGabbard,3302,190999,8115
2018-11-11,0,63,1,TulsiGabbard,3302,191062,8116
2018-11-12,1,131,2,TulsiGabbard,3303,191193,8118
2018-11-13,-2,210,0,TulsiGabbard,3301,191403,8118
2018-11-14,1,178,1,TulsiGabbard,3302,191581,8119
2018-11-15,1,213,1,TulsiGabbard,3303,191794,8120
2018-11-16,1,73,0,TulsiGabbard,3304,191867,8120
2018-11-17,0,38,0,TulsiGabbard,3304,191905,8120
2018-11-18,0,40,0,TulsiGabbard,3304,191945,8120
2018-11-19,1,42,0,TulsiGabbard,3305,191987,8120
2018-11-20,0,10,-1,TulsiGabbard,3305,191997,8119
2018-11-21,0,7472,1,TulsiGabbard,3305,199469,8120
2018-11-22,4,10413,2,TulsiGabbard,3309,209882,8122
2018-11-23,2,2205,2,TulsiGabbard,3311,212087,8124
2018-11-24,-1,924,0,TulsiGabbard,3310,213011,8124
2018-11-25,1,239,0,TulsiGabbard,3311,213250,8124
2018-11-26,0,371,6,TulsiGabbard,3311,213621,8130
2018-11-27,0,158,0,TulsiGabbard,3311,213779,8130
2018-11-28,0,45,1,TulsiGabbard,3311,213824,8131
2018-12-01,1,209,3,TulsiGabbard,3312,214033,8134
2018-12-02,1,42,0,TulsiGabbard,3313,214075,8134
2018-12-03,-1,99,1,TulsiGabbard,3312,214174,8135
2018-12-04,0,92,0,TulsiGabbard,3312,214266,8135
2018-12-05,0,76,0,TulsiGabbard,3312,214342,8135
2018-12-06,-1,44,0,TulsiGabbard,3311,214386,8135
2018-12-07,0,47,0,TulsiGabbard,3311,214433,8135
2018-12-08,1,46,-1,TulsiGabbard,3312,214479,8134
2018-12-09,0,15,7,TulsiGabbard,3312,214494,8141
2018-12-10,1,-23,2,TulsiGabbard,3313,214471,8143
2018-12-11,-1,-2,0,TulsiGabbard,3312,214469,8143
2018-12-12,0,7,0,TulsiGabbard,3312,214476,8143
2018-12-13,-1,616,1,TulsiGabbard,3311,215092,8144
2018-12-14,1,315,1,TulsiGabbard,3312,215407,8145
2018-12-15,0,60,0,TulsiGabbard,3312,215467,8145
2018-12-16,-1,30,0,TulsiGabbard,3311,215497,8145
2018-12-17,0,10,0,TulsiGabbard,3311,215507,8145
2018-12-18,0,141,0,TulsiGabbard,3311,215648,8145
2018-12-19,0,51,0,TulsiGabbard,3311,215699,8145
2018-12-20,0,34,0,TulsiGabbard,3311,215733,8145
2018-12-21,0,79,3,TulsiGabbard,3311,215812,8148
2018-12-22,0,395,4,TulsiGabbard,3311,216207,8152
2018-12-23,1,146,1,TulsiGabbard,3312,216353,8153
2018-12-24,0,72,0,TulsiGabbard,3312,216425,8153
2018-12-25,-1,16,2,TulsiGabbard,3311,216441,8155
2018-12-26,0,27,0,TulsiGabbard,3311,216468,8155
2018-12-27,0,10,0,TulsiGabbard,3311,216478,8155
2018-12-28,0,13,0,TulsiGabbard,3311,216491,8155
2018-12-29,0,20,0,TulsiGabbard,3311,216511,8155
2018-12-30,0,-7,0,TulsiGabbard,3311,216504,8155
2018-12-31,1,-24,0,TulsiGabbard,3312,216480,8155
2019-01-01,0,110,0,TulsiGabbard,3312,216590,8155
2019-01-02,0,73,2,TulsiGabbard,3312,216663,8157
2019-01-03,-1,76,0,TulsiGabbard,3311,216739,8157
2019-01-04,0,192,4,TulsiGabbard,3311,216931,8161
2019-01-05,-1,338,4,TulsiGabbard,3310,217269,8165
2019-01-06,1,276,1,TulsiGabbard,3311,217545,8166
2019-01-07,0,130,1,TulsiGabbard,3311,217675,8167
2019-01-08,0,92,0,TulsiGabbard,3311,217767,8167
2019-01-09,0,65,2,TulsiGabbard,3311,217832,8169
2019-01-10,0,388,4,TulsiGabbard,3311,218220,8173
2019-01-11,0,276,5,TulsiGabbard,3311,218496,8178
2019-01-12,0,6911,7,TulsiGabbard,3311,225407,8185
2019-01-13,0,8338,0,TulsiGabbard,3311,233745,8185
2019-01-14,-1,3018,6,TulsiGabbard,3310,236763,8191
2019-01-15,0,1531,-1,TulsiGabbard,3310,238294,8190
2019-01-16,0,761,6,TulsiGabbard,3310,239055,8196
2019-01-17,0,557,6,TulsiGabbard,3310,239612,8202
2019-01-18,0,829,18,TulsiGabbard,3310,240441,8220
2019-01-19,-1,497,0,TulsiGabbard,3309,240938,8220
2019-01-20,0,293,0,TulsiGabbard,3309,241231,8220
2019-01-21,0,478,3,TulsiGabbard,3309,241709,8223
2019-01-22,0,858,5,TulsiGabbard,3309,242567,8228
2019-01-23,0,445,2,TulsiGabbard,3309,243012,8230
2019-01-24,2,391,2,TulsiGabbard,3311,243403,8232
2019-01-25,6,2777,9,TulsiGabbard,3317,246180,8241
2019-01-26,-2,1506,8,TulsiGabbard,3315,247686,8249
2019-01-27,0,619,2,TulsiGabbard,3315,248305,8251
2019-01-28,0,678,3,TulsiGabbard,3315,248983,8254
2019-01-29,5,1293,10,TulsiGabbard,3320,250276,8264
2019-01-30,3,857,5,TulsiGabbard,3323,251133,8269
2019-01-31,0,544,5,TulsiGabbard,3323,251677,8274
2019-02-01,0,493,4,TulsiGabbard,3323,252170,8278
2019-02-02,1,441,5,TulsiGabbard,3324,252611,8283
2019-02-03,-2,1095,16,TulsiGabbard,3322,253706,8299
2019-02-04,3,2617,7,TulsiGabbard,3325,256323,8306
2019-02-05,0,3023,6,TulsiGabbard,3325,259346,8312
2019-02-06,1,3618,21,TulsiGabbard,3326,262964,8333
2019-02-07,0,2965,10,TulsiGabbard,3326,265929,8343
2019-02-10,-2,4116,36,TulsiGabbard,3324,270045,8379
2019-02-11,1,1450,13,TulsiGabbard,3325,271495,8392
2019-02-12,0,1174,8,TulsiGabbard,3325,272669,8400
2019-02-13,1,851,5,TulsiGabbard,3326,273520,8405
2019-02-14,0,1145,4,TulsiGabbard,3326,274665,8409
2019-02-15,1,1116,10,TulsiGabbard,3327,275781,8419
2019-02-16,1,1769,10,TulsiGabbard,3328,277550,8429
2019-02-17,0,621,12,TulsiGabbard,3328,278171,8441
2019-02-18,0,584,7,TulsiGabbard,3328,278755,8448
2019-02-19,0,549,11,TulsiGabbard,3328,279304,8459
2019-02-20,0,977,5,TulsiGabbard,3328,280281,8464
2019-02-21,0,1274,10,TulsiGabbard,3328,281555,8474
2019-02-22,2,1020,7,TulsiGabbard,3330,282575,8481
2019-02-23,0,982,5,TulsiGabbard,3330,283557,8486
2019-02-24,2,1062,5,TulsiGabbard,3332,284619,8491
2019-02-25,0,899,4,TulsiGabbard,3332,285518,8495
2019-02-26,1,1325,5,TulsiGabbard,3333,286843,8500
2019-02-27,1,1301,6,TulsiGabbard,3334,288144,8506
2019-02-28,-1,456,6,TulsiGabbard,3333,288600,8512
2019-03-01,-1,807,5,TulsiGabbard,3332,289407,8517
2019-03-02,0,1826,8,TulsiGabbard,3332,291233,8525
2019-03-03,0,2190,6,TulsiGabbard,3332,293423,8531
2019-03-04,0,526,6,TulsiGabbard,3332,293949,8537
2019-03-05,-2,349,5,TulsiGabbard,3330,294298,8542
2019-03-06,0,366,1,TulsiGabbard,3330,294664,8543
2019-03-07,0,416,4,TulsiGabbard,3330,295080,8547
2019-03-08,-5,742,6,TulsiGabbard,3325,295822,8553
2019-03-09,0,676,4,TulsiGabbard,3325,296498,8557
2019-03-10,-1,927,6,TulsiGabbard,3324,297425,8563
2019-03-11,0,1542,5,TulsiGabbard,3324,298967,8568
2019-03-12,0,1267,3,TulsiGabbard,3324,300234,8571
2019-03-13,0,1103,6,TulsiGabbard,3324,301337,8577
2019-03-14,-1,1301,5,TulsiGabbard,3323,302638,8582
2019-03-15,1,1472,4,TulsiGabbard,3324,304110,8586
2019-03-16,0,963,3,TulsiGabbard,3324,305073,8589
2019-03-17,0,1933,10,TulsiGabbard,3324,307006,8599
2019-03-18,0,613,0,TulsiGabbard,3324,307619,8599
2019-03-19,0,1193,2,TulsiGabbard,3324,308812,8601
2019-03-20,0,791,4,TulsiGabbard,3324,309603,8605
2019-03-21,-2,836,4,TulsiGabbard,3322,310439,8609
2019-03-22,2,686,4,TulsiGabbard,3324,311125,8613
2019-03-23,0,470,7,TulsiGabbard,3324,311595,8620
2019-03-24,0,522,5,TulsiGabbard,3324,312117,8625
2019-03-25,1,587,4,TulsiGabbard,3325,312704,8629
2019-03-26,0,604,9,TulsiGabbard,3325,313308,8638
2019-03-27,0,567,7,TulsiGabbard,3325,313875,8645
2019-03-28,-1,405,4,TulsiGabbard,3324,314280,8649
2019-03-29,0,936,5,TulsiGabbard,3324,315216,8654
2019-03-30,-1,2743,7,TulsiGabbard,3323,317959,8661
2019-03-31,0,1204,5,TulsiGabbard,3323,319163,8666
2019-04-01,0,480,6,TulsiGabbard,3323,319643,8672
2019-04-02,0,600,2,TulsiGabbard,3323,320243,8674
2019-04-03,0,525,5,TulsiGabbard,3323,320768,8679
2019-04-04,0,418,8,TulsiGabbard,3323,321186,8687
2019-04-05,-1,515,7,TulsiGabbard,3322,321701,8694
2019-04-06,0,356,2,TulsiGabbard,3322,322057,8696
2019-04-07,1,500,4,TulsiGabbard,3323,322557,8700
2019-04-08,1,361,5,TulsiGabbard,3324,322918,8705
2019-04-09,-1,346,4,TulsiGabbard,3323,323264,8709
2019-04-10,0,766,1,TulsiGabbard,3323,324030,8710
2019-04-11,0,898,2,TulsiGabbard,3323,324928,8712
2019-04-12,2,2695,4,TulsiGabbard,3325,327623,8716
2019-04-13,0,2186,3,TulsiGabbard,3325,329809,8719
2019-04-14,0,895,1,TulsiGabbard,3325,330704,8720
2019-04-15,1,497,4,TulsiGabbard,3326,331201,8724
2019-04-16,1,713,5,TulsiGabbard,3327,331914,8729
2019-04-17,0,814,1,TulsiGabbard,3327,332728,8730
2019-04-18,0,854,2,TulsiGabbard,3327,333582,8732
2019-04-19,0,533,2,TulsiGabbard,3327,334115,8734
2019-04-20,0,350,3,TulsiGabbard,3327,334465,8737
2019-04-21,0,568,4,TulsiGabbard,3327,335033,8741
2019-04-22,-1,543,3,TulsiGabbard,3326,335576,8744
2019-04-23,0,434,2,TulsiGabbard,3326,336010,8746
2019-04-24,0,433,3,TulsiGabbard,3326,336443,8749
2019-04-25,1,1334,2,TulsiGabbard,3327,337777,8751
2019-04-26,2,1024,3,TulsiGabbard,3329,338801,8754
2019-04-27,0,973,3,TulsiGabbard,3329,339774,8757
2019-04-28,0,914,4,TulsiGabbard,3329,340688,8761
2019-04-29,2,478,3,TulsiGabbard,3331,341166,8764
2019-04-30,0,511,1,TulsiGabbard,3331,341677,8765
2019-05-01,1,539,3,TulsiGabbard,3332,342216,8768
2019-05-02,1,661,2,TulsiGabbard,3333,342877,8770
2019-05-03,0,778,4,TulsiGabbard,3333,343655,8774
2019-05-04,3,677,6,TulsiGabbard,3336,344332,8780
2019-05-05,0,689,3,TulsiGabbard,3336,345021,8783
2019-05-06,0,685,2,TulsiGabbard,3336,345706,8785
2019-05-07,0,743,2,TulsiGabbard,3336,346449,8787
2019-05-08,0,507,2,TulsiGabbard,3336,346956,8789
2019-05-09,-2,446,1,TulsiGabbard,3334,347402,8790
2019-05-10,1,575,1,TulsiGabbard,3335,347977,8791
2019-05-11,0,778,2,TulsiGabbard,3335,348755,8793
2019-05-12,-1,477,-2,TulsiGabbard,3334,349232,8791
2019-05-14,0,2592,8,TulsiGabbard,3334,351824,8799
2019-05-15,0,2395,0,TulsiGabbard,3334,354219,8799
2019-05-16,0,2576,-1,TulsiGabbard,3334,356795,8798
2019-05-17,1,1786,9,TulsiGabbard,3335,358581,8807
2019-05-18,4,1121,1,TulsiGabbard,3339,359702,8808
2019-05-19,2,804,2,TulsiGabbard,3341,360506,8810
2019-05-20,0,823,2,TulsiGabbard,3341,361329,8812
2019-05-21,0,744,1,TulsiGabbard,3341,362073,8813
2019-05-22,0,955,2,TulsiGabbard,3341,363028,8815
2019-05-23,-1,671,3,TulsiGabbard,3340,363699,8818
2019-05-24,0,816,2,TulsiGabbard,3340,364515,8820
2019-05-25,0,749,2,TulsiGabbard,3340,365264,8822
2019-05-26,2,458,2,TulsiGabbard,3342,365722,8824
2019-05-27,0,414,2,TulsiGabbard,3342,366136,8826
2019-05-28,1,358,3,TulsiGabbard,3343,366494,8829
2019-05-29,1,344,3,TulsiGabbard,3344,366838,8832
2019-05-30,-2,441,3,TulsiGabbard,3342,367279,8835
2019-05-31,0,1194,1,TulsiGabbard,3342,368473,8836
2019-06-01,0,505,4,TulsiGabbard,3342,368978,8840
2019-06-02,0,445,5,TulsiGabbard,3342,369423,8845
2019-06-03,0,443,3,TulsiGabbard,3342,369866,8848
2019-06-04,-1,814,4,TulsiGabbard,3341,370680,8852
2019-06-05,0,616,3,TulsiGabbard,3341,371296,8855
2019-06-06,2,660,2,TulsiGabbard,3343,371956,8857
2019-06-07,-1,577,1,TulsiGabbard,3342,372533,8858
2019-06-08,1,293,4,TulsiGabbard,3343,372826,8862
2019-06-09,0,397,6,TulsiGabbard,3343,373223,8868
2019-06-10,-1,632,1,TulsiGabbard,3342,373855,8869
2019-06-11,-1,542,1,TulsiGabbard,3341,374397,8870
2019-06-12,0,376,2,TulsiGabbard,3341,374773,8872
2019-06-13,1,522,7,TulsiGabbard,3342,375295,8879
2019-06-14,0,589,3,TulsiGabbard,3342,375884,8882
2019-06-15,-1,638,6,TulsiGabbard,3341,376522,8888
2019-06-16,0,457,2,TulsiGabbard,3341,376979,8890
2019-06-17,0,511,5,TulsiGabbard,3341,377490,8895
2019-06-18,0,175,1,TulsiGabbard,3341,377665,8896
2019-06-19,0,400,2,TulsiGabbard,3341,378065,8898
2019-06-20,1,329,4,TulsiGabbard,3342,378394,8902
2019-06-21,1,466,4,TulsiGabbard,3343,378860,8906
2019-06-22,0,586,5,TulsiGabbard,3343,379446,8911
2019-06-23,1,537,3,TulsiGabbard,3344,379983,8914
2019-06-24,0,310,2,TulsiGabbard,3344,380293,8916
2019-06-25,0,298,3,TulsiGabbard,3344,380591,8919
2019-06-26,0,548,1,TulsiGabbard,3344,381139,8920
2019-06-27,1,13052,18,TulsiGabbard,3345,394191,8938
2019-06-28,0,13234,4,TulsiGabbard,3345,407425,8942
2019-06-29,0,6286,3,TulsiGabbard,3345,413711,8945
2019-06-30,0,4132,3,TulsiGabbard,3345,417843,8948
2019-07-01,0,3135,2,TulsiGabbard,3345,420978,8950
2019-07-02,2,1850,2,TulsiGabbard,3347,422828,8952
2019-07-03,0,1300,1,TulsiGabbard,3347,424128,8953
2019-07-04,-1,824,6,TulsiGabbard,3346,424952,8959
2019-07-05,-1,271,7,TulsiGabbard,3345,425223,8966
2019-07-06,0,651,2,TulsiGabbard,3345,425874,8968
2019-07-07,0,490,1,TulsiGabbard,3345,426364,8969
2019-07-08,0,486,4,TulsiGabbard,3345,426850,8973
2019-07-09,0,781,4,TulsiGabbard,3345,427631,8977
2019-07-10,0,596,5,TulsiGabbard,3345,428227,8982
2019-07-11,0,973,5,TulsiGabbard,3345,429200,8987
2019-07-12,0,855,2,TulsiGabbard,3345,430055,8989
2019-07-13,0,552,1,TulsiGabbard,3345,430607,8990
2019-07-14,0,478,1,TulsiGabbard,3345,431085,8991
2019-07-15,1,515,2,TulsiGabbard,3346,431600,8993
2019-07-16,0,429,10,TulsiGabbard,3346,432029,9003
2019-07-17,0,483,0,TulsiGabbard,3346,432512,9003
2019-07-18,0,367,3,TulsiGabbard,3346,432879,9006
2019-07-19,1,563,4,TulsiGabbard,3347,433442,9010
2019-07-20,1,855,12,TulsiGabbard,3348,434297,9022
2019-07-21,0,815,3,TulsiGabbard,3348,435112,9025
2019-07-22,0,391,2,TulsiGabbard,3348,435503,9027
2019-07-23,-1,745,2,TulsiGabbard,3347,436248,9029
2019-07-24,-1,1076,4,TulsiGabbard,3346,437324,9033
2019-07-25,0,451,2,TulsiGabbard,3346,437775,9035
2019-07-26,-1,1899,4,TulsiGabbard,3345,439674,9039
2019-07-27,-1,999,1,TulsiGabbard,3344,440673,9040
2019-07-28,-1,287,4,TulsiGabbard,3343,440960,9044
2019-07-29,-2,955,3,TulsiGabbard,3341,441915,9047
2019-07-30,0,988,2,TulsiGabbard,3341,442903,9049
2019-07-31,2,2210,1,TulsiGabbard,3343,445113,9050
2019-08-01,0,21629,24,TulsiGabbard,3343,466742,9074
2019-08-02,2,31876,8,TulsiGabbard,3345,498618,9082
2019-08-03,2,9020,4,TulsiGabbard,3347,507638,9086
2019-08-04,5,4267,3,TulsiGabbard,3352,511905,9089
2019-08-05,0,2963,8,TulsiGabbard,3352,514868,9097
2019-08-06,0,2115,0,TulsiGabbard,3352,516983,9097
2019-08-07,1,2977,2,TulsiGabbard,3353,519960,9099
2019-08-08,-1,2366,1,TulsiGabbard,3352,522326,9100
2019-08-09,0,2288,4,TulsiGabbard,3352,524614,9104
2019-08-10,2,1428,6,TulsiGabbard,3354,526042,9110
2019-08-11,0,1346,2,TulsiGabbard,3354,527388,9112
2019-08-12,0,1334,4,TulsiGabbard,3354,528722,9116
2019-08-13,0,1290,1,TulsiGabbard,3354,530012,9117
2019-08-14,-1,1273,2,TulsiGabbard,3353,531285,9119
2016-06-22,1,8700,12,BernieSanders,1491,2630146,8855
2016-06-23,0,8300,17,BernieSanders,1491,2638446,8872
2016-06-24,0,9113,11,BernieSanders,1491,2647559,8883
2016-06-25,0,8067,5,BernieSanders,1491,2655626,8888
2016-06-26,0,7116,10,BernieSanders,1491,2662742,8898
2016-06-27,0,7752,7,BernieSanders,1491,2670494,8905
2016-06-28,0,8143,13,BernieSanders,1491,2678637,8918
2016-06-29,0,4552,4,BernieSanders,1491,2683189,8922
2016-06-30,0,11669,11,BernieSanders,1491,2694858,8933
2016-07-01,-1,7364,9,BernieSanders,1490,2702222,8942
2016-07-02,0,6156,8,BernieSanders,1490,2708378,8950
2016-07-03,0,6792,9,BernieSanders,1490,2715170,8959
2016-07-04,0,8090,5,BernieSanders,1490,2723260,8964
2016-07-05,0,9228,18,BernieSanders,1490,2732488,8982
2016-07-06,1,7050,12,BernieSanders,1491,2739538,8994
2016-07-07,-2,11076,14,BernieSanders,1489,2750614,9008
2016-07-08,0,12096,9,BernieSanders,1489,2762710,9017
2016-07-09,0,7094,14,BernieSanders,1489,2769804,9031
2016-07-10,0,6566,10,BernieSanders,1489,2776370,9041
2016-07-11,0,6509,6,BernieSanders,1489,2782879,9047
2016-07-12,1,8907,15,BernieSanders,1490,2791786,9062
2016-07-13,0,5715,11,BernieSanders,1490,2797501,9073
2016-07-14,0,7841,8,BernieSanders,1490,2805342,9081
2016-07-15,0,7637,5,BernieSanders,1490,2812979,9086
2016-07-16,0,7470,6,BernieSanders,1490,2820449,9092
2016-07-17,0,7495,3,BernieSanders,1490,2827944,9095
2016-07-18,0,-370,6,BernieSanders,1490,2827574,9101
2016-07-19,0,13709,7,BernieSanders,1490,2841283,9108
2016-07-20,0,15017,8,BernieSanders,1490,2856300,9116
2016-07-21,0,10884,7,BernieSanders,1490,2867184,9123
2016-07-22,1,38590,27,BernieSanders,1491,2905774,9150
2016-07-23,0,14355,5,BernieSanders,1491,2920129,9155
2016-07-24,-1,14784,7,BernieSanders,1490,2934913,9162
2016-07-25,0,19825,7,BernieSanders,1490,2954738,9169
2016-07-26,0,56273,21,BernieSanders,1490,3011011,9190
2016-07-27,1,23056,6,BernieSanders,1491,3034067,9196
2016-07-28,0,27668,4,BernieSanders,1491,3061735,9200
2016-07-29,0,33875,4,BernieSanders,1491,3095610,9204
2016-07-30,0,13602,4,BernieSanders,1491,3109212,9208
2016-07-31,0,13310,6,BernieSanders,1491,3122522,9214
2016-08-01,0,12925,6,BernieSanders,1491,3135447,9220
2016-08-02,1,8587,6,BernieSanders,1492,3144034,9226
2016-08-03,0,6972,6,BernieSanders,1492,3151006,9232
2016-08-04,1,6080,6,BernieSanders,1493,3157086,9238
2016-08-05,-1,5774,5,BernieSanders,1492,3162860,9243
2016-08-06,0,6954,8,BernieSanders,1492,3169814,9251
2016-08-07,0,6992,6,BernieSanders,1492,3176806,9257
2016-08-08,-1,6711,3,BernieSanders,1491,3183517,9260
2016-08-09,1,7287,11,BernieSanders,1492,3190804,9271
2016-08-10,0,7419,11,BernieSanders,1492,3198223,9282
2016-08-11,1,9368,9,BernieSanders,1493,3207591,9291
2016-08-12,0,9053,20,BernieSanders,1493,3216644,9311
2016-08-13,0,8240,8,BernieSanders,1493,3224884,9319
2016-08-14,0,7853,7,BernieSanders,1493,3232737,9326
2016-08-15,0,7929,8,BernieSanders,1493,3240666,9334
2016-08-16,0,6752,14,BernieSanders,1493,3247418,9348
2016-08-17,-1,5484,5,BernieSanders,1492,3252902,9353
2016-08-18,-1,5392,7,BernieSanders,1491,3258294,9360
2016-08-19,0,5010,4,BernieSanders,1491,3263304,9364
2016-08-20,-1,4647,5,BernieSanders,1490,3267951,9369
2016-08-21,0,4307,8,BernieSanders,1490,3272258,9377
2016-08-22,0,5048,6,BernieSanders,1490,3277306,9383
2016-08-23,0,5643,5,BernieSanders,1490,3282949,9388
2016-08-24,0,5246,7,BernieSanders,1490,3288195,9395
2016-08-25,2,4785,26,BernieSanders,1492,3292980,9421
2016-08-26,0,5414,1,BernieSanders,1492,3298394,9422
2016-08-27,0,5126,4,BernieSanders,1492,3303520,9426
2016-08-28,0,5127,6,BernieSanders,1492,3308647,9432
2016-08-29,1,5318,8,BernieSanders,1493,3313965,9440
2016-08-30,0,5025,9,BernieSanders,1493,3318990,9449
2016-08-31,0,2320,0,BernieSanders,1493,3321310,9449
2016-09-01,0,5252,10,BernieSanders,1493,3326562,9459
2016-09-02,0,6524,1,BernieSanders,1493,3333086,9460
2016-09-03,0,5882,5,BernieSanders,1493,3338968,9465
2016-09-04,1,4916,3,BernieSanders,1494,3343884,9468
2016-09-05,0,5435,7,BernieSanders,1494,3349319,9475
2016-09-06,0,5041,7,BernieSanders,1494,3354360,9482
2016-09-07,0,5406,5,BernieSanders,1494,3359766,9487
2016-09-08,0,3952,4,BernieSanders,1494,3363718,9491
2016-09-09,0,5789,6,BernieSanders,1494,3369507,9497
2016-09-10,0,5305,4,BernieSanders,1494,3374812,9501
2016-09-11,0,5666,4,BernieSanders,1494,3380478,9505
2016-09-12,0,5813,5,BernieSanders,1494,3386291,9510
2016-09-13,0,6020,5,BernieSanders,1494,3392311,9515
2016-09-14,0,7733,5,BernieSanders,1494,3400044,9520
2016-09-15,1,5572,4,BernieSanders,1495,3405616,9524
2016-09-16,3,5797,7,BernieSanders,1498,3411413,9531
2016-09-17,2,6154,13,BernieSanders,1500,3417567,9544
2016-09-18,0,7561,3,BernieSanders,1500,3425128,9547
2016-09-19,1,6691,3,BernieSanders,1501,3431819,9550
2016-09-20,0,5334,3,BernieSanders,1501,3437153,9553
2016-09-21,0,6340,1,BernieSanders,1501,3443493,9554
2016-09-22,-1,4738,7,BernieSanders,1500,3448231,9561
2016-09-23,0,4604,1,BernieSanders,1500,3452835,9562
2016-09-24,1,4243,4,BernieSanders,1501,3457078,9566
2016-09-25,1,4579,4,BernieSanders,1502,3461657,9570
2016-09-26,0,8078,3,BernieSanders,1502,3469735,9573
2016-09-27,0,40344,38,BernieSanders,1502,3510079,9611
2016-09-28,0,9134,14,BernieSanders,1502,3519213,9625
2016-09-29,0,4814,2,BernieSanders,1502,3524027,9627
2016-09-30,0,8079,5,BernieSanders,1502,3532106,9632
2016-10-01,0,7542,-1,BernieSanders,1502,3539648,9631
2016-10-02,0,6069,4,BernieSanders,1502,3545717,9635
2016-10-03,0,4980,8,BernieSanders,1502,3550697,9643
2016-10-04,2,6403,19,BernieSanders,1504,3557100,9662
2016-10-05,0,11875,15,BernieSanders,1504,3568975,9677
2016-10-06,1,5699,14,BernieSanders,1505,3574674,9691
2016-10-07,0,5882,11,BernieSanders,1505,3580556,9702
2016-10-08,0,10294,1,BernieSanders,1505,3590850,9703
2016-10-09,1,9915,1,BernieSanders,1506,3600765,9704
2016-10-10,0,18755,0,BernieSanders,1506,3619520,9704
2016-10-11,1,11595,7,BernieSanders,1507,3631115,9711
2016-10-12,0,11379,6,BernieSanders,1507,3642494,9717
2016-10-13,1,9512,5,BernieSanders,1508,3652006,9722
2016-10-14,1,6171,9,BernieSanders,1509,3658177,9731
2016-10-15,0,6937,3,BernieSanders,1509,3665114,9734
2016-10-16,0,9146,12,BernieSanders,1509,3674260,9746
2016-10-17,0,10259,17,BernieSanders,1509,3684519,9763
2016-10-18,0,9610,5,BernieSanders,1509,3694129,9768
2016-10-19,0,11464,15,BernieSanders,1509,3705593,9783
2016-10-20,0,23597,15,BernieSanders,1509,3729190,9798
2016-10-21,0,8539,7,BernieSanders,1509,3737729,9805
2016-10-22,0,7860,2,BernieSanders,1509,3745589,9807
2016-10-23,0,6707,1,BernieSanders,1509,3752296,9808
2016-10-24,0,7068,15,BernieSanders,1509,3759364,9823
2016-10-25,0,4850,4,BernieSanders,1509,3764214,9827
2016-10-26,1,6054,2,BernieSanders,1510,3770268,9829
2016-10-27,0,4881,7,BernieSanders,1510,3775149,9836
2016-10-28,0,5543,5,BernieSanders,1510,3780692,9841
2016-10-29,0,5522,2,BernieSanders,1510,3786214,9843
2016-10-30,0,5310,6,BernieSanders,1510,3791524,9849
2016-10-31,0,5525,5,BernieSanders,1510,3797049,9854
2016-11-01,0,4814,12,BernieSanders,1510,3801863,9866
2016-11-02,0,6627,7,BernieSanders,1510,3808490,9873
2016-11-03,0,6390,5,BernieSanders,1510,3814880,9878
2016-11-04,0,7501,13,BernieSanders,1510,3822381,9891
2016-11-05,0,10326,10,BernieSanders,1510,3832707,9901
2016-11-06,1,7398,16,BernieSanders,1511,3840105,9917
2016-11-07,0,14606,11,BernieSanders,1511,3854711,9928
2016-11-08,2,39030,21,BernieSanders,1513,3893741,9949
2016-11-09,-1,104858,0,BernieSanders,1512,3998599,9949
2016-11-10,0,44741,0,BernieSanders,1512,4043340,9949
2016-11-11,1,53044,10,BernieSanders,1513,4096384,9959
2016-11-12,0,26622,4,BernieSanders,1513,4123006,9963
2016-11-13,0,25098,7,BernieSanders,1513,4148104,9970
2016-11-14,0,22090,5,BernieSanders,1513,4170194,9975
2016-11-15,0,16994,6,BernieSanders,1513,4187188,9981
2016-11-16,0,17095,3,BernieSanders,1513,4204283,9984
2016-11-17,0,13718,6,BernieSanders,1513,4218001,9990
2016-11-18,0,11381,2,BernieSanders,1513,4229382,9992
2016-11-19,0,14372,1,BernieSanders,1513,4243754,9993
2016-11-20,0,15924,1,BernieSanders,1513,4259678,9994
2016-11-21,1,12397,3,BernieSanders,1514,4272075,9997
2016-11-22,1,12290,5,BernieSanders,1515,4284365,10002
2016-11-23,0,13648,3,BernieSanders,1515,4298013,10005
2016-11-24,0,10372,1,BernieSanders,1515,4308385,10006
2016-11-25,0,10081,0,BernieSanders,1515,4318466,10006
2016-11-26,0,10508,6,BernieSanders,1515,4328974,10012
2016-11-27,0,12717,4,BernieSanders,1515,4341691,10016
2016-11-28,0,11442,5,BernieSanders,1515,4353133,10021
2016-11-29,0,12869,2,BernieSanders,1515,4366002,10023
2016-11-30,-1,14713,4,BernieSanders,1514,4380715,10027
2016-12-01,-1,10799,4,BernieSanders,1513,4391514,10031
2016-12-02,0,10115,2,BernieSanders,1513,4401629,10033
2016-12-03,0,10235,3,BernieSanders,1513,4411864,10036
2016-12-04,0,14471,5,BernieSanders,1513,4426335,10041
2016-12-05,0,13198,1,BernieSanders,1513,4439533,10042
2016-12-06,0,10689,2,BernieSanders,1513,4450222,10044
2016-12-07,0,11846,5,BernieSanders,1513,4462068,10049
2016-12-08,1,6999,4,BernieSanders,1514,4469067,10053
2016-12-09,1,6794,2,BernieSanders,1515,4475861,10055
2016-12-10,0,6898,7,BernieSanders,1515,4482759,10062
2016-12-11,0,5992,4,BernieSanders,1515,4488751,10066
2016-12-12,0,5052,8,BernieSanders,1515,4493803,10074
2016-12-13,0,1839,3,BernieSanders,1515,4495642,10077
2016-12-14,0,3770,5,BernieSanders,1515,4499412,10082
2016-12-15,0,1437,1,BernieSanders,1515,4500849,10083
2016-12-16,0,6385,-1,BernieSanders,1515,4507234,10082
2016-12-17,0,5857,5,BernieSanders,1515,4513091,10087
2016-12-18,0,6418,3,BernieSanders,1515,4519509,10090
2016-12-19,2,7119,2,BernieSanders,1517,4526628,10092
2016-12-20,0,6159,3,BernieSanders,1517,4532787,10095
2016-12-21,0,9047,0,BernieSanders,1517,4541834,10095
2016-12-22,-1,4993,4,BernieSanders,1516,4546827,10099
2016-12-23,1,4494,5,BernieSanders,1517,4551321,10104
2016-12-24,0,6402,1,BernieSanders,1517,4557723,10105
2016-12-25,0,5319,0,BernieSanders,1517,4563042,10105
2016-12-26,0,5405,4,BernieSanders,1517,4568447,10109
2016-12-27,0,7185,4,BernieSanders,1517,4575632,10113
2016-12-28,0,11148,4,BernieSanders,1517,4586780,10117
2016-12-29,0,6204,3,BernieSanders,1517,4592984,10120
2016-12-30,1,6857,7,BernieSanders,1518,4599841,10127
2016-12-31,0,7891,4,BernieSanders,1518,4607732,10131
2017-01-01,0,7849,7,BernieSanders,1518,4615581,10138
2017-01-02,1,7963,6,BernieSanders,1519,4623544,10144
2017-01-03,0,9535,3,BernieSanders,1519,4633079,10147
2017-01-04,0,7611,5,BernieSanders,1519,4640690,10152
2017-01-05,0,17448,3,BernieSanders,1519,4658138,10155
2017-01-06,0,14022,6,BernieSanders,1519,4672160,10161
2017-01-07,-2,13376,0,BernieSanders,1517,4685536,10161
2017-01-08,0,11490,5,BernieSanders,1517,4697026,10166
2017-01-09,0,18685,3,BernieSanders,1517,4715711,10169
2017-01-10,0,12855,4,BernieSanders,1517,4728566,10173
2017-01-11,0,24677,1,BernieSanders,1517,4753243,10174
2017-01-12,0,16456,2,BernieSanders,1517,4769699,10176
2017-01-13,0,12337,0,BernieSanders,1517,4782036,10176
2017-01-14,0,11995,5,BernieSanders,1517,4794031,10181
2017-01-15,0,13046,53,BernieSanders,1517,4807077,10234
2017-01-16,1,13768,3,BernieSanders,1518,4820845,10237
2017-01-17,1,14014,1,BernieSanders,1519,4834859,10238
2017-01-18,0,19959,0,BernieSanders,1519,4854818,10238
2017-01-19,0,15597,1,BernieSanders,1519,4870415,10239
2017-01-20,0,39346,2,BernieSanders,1519,4909761,10241
2017-01-21,3,51229,2,BernieSanders,1522,4960990,10243
2017-01-22,0,35042,3,BernieSanders,1522,4996032,10246
2017-01-23,0,38382,3,BernieSanders,1522,5034414,10249
2017-01-24,0,26453,3,BernieSanders,1522,5060867,10252
2017-01-25,0,29322,2,BernieSanders,1522,5090189,10254
2017-01-26,0,39316,3,BernieSanders,1522,5129505,10257
2017-01-27,0,26397,3,BernieSanders,1522,5155902,10260
2017-01-28,1,18270,2,BernieSanders,1523,5174172,10262
2017-01-29,0,34392,0,BernieSanders,1523,5208564,10262
2017-01-30,0,36485,1,BernieSanders,1523,5245049,10263
2017-01-31,0,31039,4,BernieSanders,1523,5276088,10267
2017-02-01,0,20791,2,BernieSanders,1523,5296879,10269
2017-02-02,0,16580,1,BernieSanders,1523,5313459,10270
2017-02-03,0,13451,2,BernieSanders,1523,5326910,10272
2017-02-04,0,19799,2,BernieSanders,1523,5346709,10274
2017-02-05,0,22826,1,BernieSanders,1523,5369535,10275
2017-02-06,0,19807,3,BernieSanders,1523,5389342,10278
2017-02-07,0,16946,4,BernieSanders,1523,5406288,10282
2017-02-08,0,21612,11,BernieSanders,1523,5427900,10293
2017-02-09,-1,25335,3,BernieSanders,1522,5453235,10296
2017-02-10,0,24324,2,BernieSanders,1522,5477559,10298
2017-02-11,0,14786,0,BernieSanders,1522,5492345,10298
2017-02-12,0,15648,0,BernieSanders,1522,5507993,10298
2017-02-13,0,16269,5,BernieSanders,1522,5524262,10303
2017-02-14,0,8568,2,BernieSanders,1522,5532830,10305
2017-02-15,0,12825,0,BernieSanders,1522,5545655,10305
2017-02-16,-1,13107,5,BernieSanders,1521,5558762,10310
2017-02-17,0,14581,2,BernieSanders,1521,5573343,10312
2017-02-18,0,11964,1,BernieSanders,1521,5585307,10313
2017-02-19,0,12574,5,BernieSanders,1521,5597881,10318
2017-02-20,0,12582,5,BernieSanders,1521,5610463,10323
2017-02-21,0,11529,5,BernieSanders,1521,5621992,10328
2017-02-22,0,9726,5,BernieSanders,1521,5631718,10333
2017-02-23,0,8077,7,BernieSanders,1521,5639795,10340
2017-02-24,0,12930,2,BernieSanders,1521,5652725,10342
2017-02-25,0,10827,1,BernieSanders,1521,5663552,10343
2017-02-26,-1,20781,4,BernieSanders,1520,5684333,10347
2017-02-27,0,15582,6,BernieSanders,1520,5699915,10353
2017-02-28,0,12225,2,BernieSanders,1520,5712140,10355
2017-03-01,0,12356,1,BernieSanders,1520,5724496,10356
2017-03-02,0,9667,2,BernieSanders,1520,5734163,10358
2017-03-03,0,15213,1,BernieSanders,1520,5749376,10359
2017-03-04,0,13038,1,BernieSanders,1520,5762414,10360
2017-03-05,0,15009,2,BernieSanders,1520,5777423,10362
2017-03-06,0,13143,0,BernieSanders,1520,5790566,10362
2017-03-07,0,12751,2,BernieSanders,1520,5803317,10364
2017-03-08,0,12867,0,BernieSanders,1520,5816184,10364
2017-03-09,0,18701,2,BernieSanders,1520,5834885,10366
2017-03-10,0,10729,3,BernieSanders,1520,5845614,10369
2017-03-11,0,8989,1,BernieSanders,1520,5854603,10370
2017-03-12,0,8400,1,BernieSanders,1520,5863003,10371
2017-03-13,1,9212,6,BernieSanders,1521,5872215,10377
2017-03-14,1,10303,-2,BernieSanders,1522,5882518,10375
2017-03-15,0,9495,3,BernieSanders,1522,5892013,10378
2017-03-16,0,8929,1,BernieSanders,1522,5900942,10379
2017-03-17,1,15816,0,BernieSanders,1523,5916758,10379
2017-03-18,0,9565,8,BernieSanders,1523,5926323,10387
2017-03-19,0,10047,4,BernieSanders,1523,5936370,10391
2017-03-20,0,9519,3,BernieSanders,1523,5945889,10394
2017-03-21,0,10178,2,BernieSanders,1523,5956067,10396
2017-03-22,0,8392,2,BernieSanders,1523,5964459,10398
2017-03-23,0,3100,3,BernieSanders,1523,5967559,10401
2017-03-24,0,15410,3,BernieSanders,1523,5982969,10404
2017-03-25,0,10883,7,BernieSanders,1523,5993852,10411
2017-03-26,0,8262,0,BernieSanders,1523,6002114,10411
2017-03-27,0,8261,0,BernieSanders,1523,6010375,10411
2017-03-28,0,7431,0,BernieSanders,1523,6017806,10411
2017-03-29,0,8595,2,BernieSanders,1523,6026401,10413
2017-03-30,0,7398,0,BernieSanders,1523,6033799,10413
2017-03-31,0,-422,0,BernieSanders,1523,6033377,10413
2017-04-01,-1,9242,5,BernieSanders,1522,6042619,10418
2017-04-02,0,6421,6,BernieSanders,1522,6049040,10424
2017-04-03,1,6391,1,BernieSanders,1523,6055431,10425
2017-04-04,1,6138,8,BernieSanders,1524,6061569,10433
2017-04-05,0,6381,3,BernieSanders,1524,6067950,10436
2017-04-06,0,-1787,2,BernieSanders,1524,6066163,10438
2017-04-07,1,11361,1,BernieSanders,1525,6077524,10439
2017-04-08,0,6513,1,BernieSanders,1525,6084037,10440
2017-04-09,0,5986,0,BernieSanders,1525,6090023,10440
2017-04-10,0,5692,1,BernieSanders,1525,6095715,10441
2017-04-11,0,6293,3,BernieSanders,1525,6102008,10444
2017-04-12,0,5928,0,BernieSanders,1525,6107936,10444
2017-04-13,1,-1412,4,BernieSanders,1526,6106524,10448
2017-04-14,0,7129,1,BernieSanders,1526,6113653,10449
2017-04-15,0,6335,0,BernieSanders,1526,6119988,10449
2017-04-16,0,5948,0,BernieSanders,1526,6125936,10449
2017-04-17,0,5841,1,BernieSanders,1526,6131777,10450
2017-04-18,0,5567,2,BernieSanders,1526,6137344,10452
2017-04-19,1,5083,15,BernieSanders,1527,6142427,10467
2017-04-20,0,5139,1,BernieSanders,1527,6147566,10468
2017-04-21,0,2246,3,BernieSanders,1527,6149812,10471
2017-04-22,0,3456,3,BernieSanders,1527,6153268,10474
2017-04-23,0,8404,5,BernieSanders,1527,6161672,10479
2017-04-24,0,7927,0,BernieSanders,1527,6169599,10479
2017-04-25,0,8147,3,BernieSanders,1527,6177746,10482
2017-04-26,0,7866,0,BernieSanders,1527,6185612,10482
2017-04-27,0,2214,4,BernieSanders,1527,6187826,10486
2017-04-28,0,7823,4,BernieSanders,1527,6195649,10490
2017-04-29,0,7786,2,BernieSanders,1527,6203435,10492
2017-04-30,0,7688,1,BernieSanders,1527,6211123,10493
2017-05-01,0,7833,0,BernieSanders,1527,6218956,10493
2017-05-02,0,8140,1,BernieSanders,1527,6227096,10494
2017-05-03,1,8675,0,BernieSanders,1528,6235771,10494
2017-05-04,0,10182,2,BernieSanders,1528,6245953,10496
2017-05-05,0,15126,5,BernieSanders,1528,6261079,10501
2017-05-06,0,11155,0,BernieSanders,1528,6272234,10501
2017-05-07,0,9926,0,BernieSanders,1528,6282160,10501
2017-05-08,0,13972,2,BernieSanders,1528,6296132,10503
2017-05-09,0,8614,0,BernieSanders,1528,6304746,10503
2017-05-10,0,9282,1,BernieSanders,1528,6314028,10504
2017-05-11,1,9777,2,BernieSanders,1529,6323805,10506
2017-05-12,0,9873,0,BernieSanders,1529,6333678,10506
2017-05-13,0,9946,-1,BernieSanders,1529,6343624,10505
2017-05-14,0,9313,1,BernieSanders,1529,6352937,10506
2017-05-15,0,9214,0,BernieSanders,1529,6362151,10506
2017-05-16,0,10088,1,BernieSanders,1529,6372239,10507
2017-05-17,0,11437,8,BernieSanders,1529,6383676,10515
2017-05-18,0,7083,1,BernieSanders,1529,6390759,10516
2017-05-19,0,14773,1,BernieSanders,1529,6405532,10517
2017-05-20,0,6196,1,BernieSanders,1529,6411728,10518
2017-05-21,0,8247,1,BernieSanders,1529,6419975,10519
2017-05-22,0,8708,2,BernieSanders,1529,6428683,10521
2017-05-23,0,9519,3,BernieSanders,1529,6438202,10524
2017-05-24,0,9412,2,BernieSanders,1529,6447614,10526
2017-05-25,0,3645,2,BernieSanders,1529,6451259,10528
2017-05-26,0,12612,0,BernieSanders,1529,6463871,10528
2017-05-27,0,6520,1,BernieSanders,1529,6470391,10529
2017-05-28,0,5899,0,BernieSanders,1529,6476290,10529
2017-05-29,0,5944,1,BernieSanders,1529,6482234,10530
2017-05-30,0,6516,1,BernieSanders,1529,6488750,10531
2017-05-31,-1,7249,0,BernieSanders,1528,6495999,10531
2017-06-01,0,9146,1,BernieSanders,1528,6505145,10532
2017-06-02,0,11986,2,BernieSanders,1528,6517131,10534
2017-06-03,0,9293,0,BernieSanders,1528,6526424,10534
2017-06-04,0,10226,0,BernieSanders,1528,6536650,10534
2017-06-05,0,10444,3,BernieSanders,1528,6547094,10537
2017-06-06,0,10045,0,BernieSanders,1528,6557139,10537
2017-06-07,0,9776,3,BernieSanders,1528,6566915,10540
2017-06-08,0,10034,2,BernieSanders,1528,6576949,10542
2017-06-09,0,10682,4,BernieSanders,1528,6587631,10546
2017-06-10,0,9156,0,BernieSanders,1528,6596787,10546
2017-06-11,0,7670,6,BernieSanders,1528,6604457,10552
2017-06-12,0,8446,1,BernieSanders,1528,6612903,10553
2017-06-13,0,8115,2,BernieSanders,1528,6621018,10555
2017-06-14,0,8970,3,BernieSanders,1528,6629988,10558
2017-06-15,0,8007,0,BernieSanders,1528,6637995,10558
2017-06-16,0,7770,0,BernieSanders,1528,6645765,10558
2017-06-17,0,11314,0,BernieSanders,1528,6657079,10558
2017-06-18,0,10493,2,BernieSanders,1528,6667572,10560
2017-06-19,0,12808,0,BernieSanders,1528,6680380,10560
2017-06-20,1,11524,1,BernieSanders,1529,6691904,10561
2017-06-21,0,11800,0,BernieSanders,1529,6703704,10561
2017-06-22,0,11606,3,BernieSanders,1529,6715310,10564
2017-06-23,0,17180,1,BernieSanders,1529,6732490,10565
2017-06-24,0,13036,4,BernieSanders,1529,6745526,10569
2017-06-25,-1,11754,9,BernieSanders,1528,6757280,10578
2017-06-26,0,12033,2,BernieSanders,1528,6769313,10580
2017-06-27,0,11174,3,BernieSanders,1528,6780487,10583
2017-06-28,-1,6913,0,BernieSanders,1527,6787400,10583
2017-06-29,0,11473,0,BernieSanders,1527,6798873,10583
2017-06-30,0,12497,2,BernieSanders,1527,6811370,10585
2017-07-01,0,10646,1,BernieSanders,1527,6822016,10586
2017-07-02,0,10041,0,BernieSanders,1527,6832057,10586
2017-07-03,0,10582,2,BernieSanders,1527,6842639,10588
2017-07-04,0,10684,0,BernieSanders,1527,6853323,10588
2017-07-05,0,11111,3,BernieSanders,1527,6864434,10591
2017-07-06,0,18381,0,BernieSanders,1527,6882815,10591
2017-07-07,1,15213,1,BernieSanders,1528,6898028,10592
2017-07-08,0,14889,4,BernieSanders,1528,6912917,10596
2017-07-09,0,13683,1,BernieSanders,1528,6926600,10597
2017-07-10,1,14463,12,BernieSanders,1529,6941063,10609
2017-07-11,-1,16487,0,BernieSanders,1528,6957550,10609
2017-07-12,0,16136,2,BernieSanders,1528,6973686,10611
2017-07-13,0,15213,4,BernieSanders,1528,6988899,10615
2017-07-14,0,16781,0,BernieSanders,1528,7005680,10615
2017-07-15,0,16971,1,BernieSanders,1528,7022651,10616
2017-07-16,0,17221,0,BernieSanders,1528,7039872,10616
2017-07-17,-1,17980,0,BernieSanders,1527,7057852,10616
2017-07-18,0,18801,0,BernieSanders,1527,7076653,10616
2017-07-19,0,18803,2,BernieSanders,1527,7095456,10618
2017-07-20,0,17293,1,BernieSanders,1527,7112749,10619
2017-07-21,0,17362,0,BernieSanders,1527,7130111,10619
2017-07-22,1,16053,0,BernieSanders,1528,7146164,10619
2017-07-23,0,15966,0,BernieSanders,1528,7162130,10619
2017-07-24,0,16361,1,BernieSanders,1528,7178491,10620
2017-07-25,0,17028,0,BernieSanders,1528,7195519,10620
2017-07-26,0,17515,1,BernieSanders,1528,7213034,10621
2017-07-27,0,16018,0,BernieSanders,1528,7229052,10621
2017-07-28,0,20273,1,BernieSanders,1528,7249325,10622
2017-07-29,0,17300,0,BernieSanders,1528,7266625,10622
2017-07-30,1,17039,1,BernieSanders,1529,7283664,10623
2017-07-31,0,17194,0,BernieSanders,1529,7300858,10623
2017-08-01,0,18150,1,BernieSanders,1529,7319008,10624
2017-08-02,0,19239,1,BernieSanders,1529,7338247,10625
2017-08-03,0,18492,0,BernieSanders,1529,7356739,10625
2017-08-04,-1,14793,0,BernieSanders,1528,7371532,10625
2017-08-05,0,13723,1,BernieSanders,1528,7385255,10626
2017-08-06,0,13158,0,BernieSanders,1528,7398413,10626
2017-08-07,0,13724,0,BernieSanders,1528,7412137,10626
2017-08-08,0,15283,0,BernieSanders,1528,7427420,10626
2017-08-09,1,15475,0,BernieSanders,1529,7442895,10626
2017-08-10,0,11117,0,BernieSanders,1529,7454012,10626
2017-08-11,0,11892,0,BernieSanders,1529,7465904,10626
2017-08-12,0,11372,0,BernieSanders,1529,7477276,10626
2017-08-13,0,17749,3,BernieSanders,1529,7495025,10629
2017-08-14,0,16583,3,BernieSanders,1529,7511608,10632
2017-08-15,0,21934,1,BernieSanders,1529,7533542,10633
2017-08-16,0,28156,1,BernieSanders,1529,7561698,10634
2017-08-17,0,19852,0,BernieSanders,1529,7581550,10634
2017-08-18,0,12655,2,BernieSanders,1529,7594205,10636
2017-08-19,0,10644,0,BernieSanders,1529,7604849,10636
2017-08-20,0,9831,0,BernieSanders,1529,7614680,10636
2017-08-21,0,9383,3,BernieSanders,1529,7624063,10639
2017-08-22,0,8948,6,BernieSanders,1529,7633011,10645
2017-08-23,0,9430,0,BernieSanders,1529,7642441,10645
2017-08-24,0,11029,0,BernieSanders,1529,7653470,10645
2017-08-25,0,10030,0,BernieSanders,1529,7663500,10645
2017-08-26,0,9345,4,BernieSanders,1529,7672845,10649
2017-08-27,1,10322,0,BernieSanders,1530,7683167,10649
2017-08-28,0,9226,0,BernieSanders,1530,7692393,10649
2017-08-29,-1,8099,3,BernieSanders,1529,7700492,10652
2017-08-30,0,16314,0,BernieSanders,1529,7716806,10652
2017-08-31,-1,22457,0,BernieSanders,1528,7739263,10652
2017-09-01,0,15708,1,BernieSanders,1528,7754971,10653
2017-09-02,0,14311,0,BernieSanders,1528,7769282,10653
2017-09-03,0,14081,0,BernieSanders,1528,7783363,10653
2017-09-04,0,14851,0,BernieSanders,1528,7798214,10653
2017-09-05,0,15490,1,BernieSanders,1528,7813704,10654
2017-09-06,0,18478,0,BernieSanders,1528,7832182,10654
2017-09-07,0,20909,2,BernieSanders,1528,7853091,10656
2017-09-08,-1,15255,0,BernieSanders,1527,7868346,10656
2017-09-09,0,14518,0,BernieSanders,1527,7882864,10656
2017-09-10,0,13236,0,BernieSanders,1527,7896100,10656
2017-09-11,0,11926,0,BernieSanders,1527,7908026,10656
2017-09-12,0,12186,3,BernieSanders,1527,7920212,10659
2017-09-13,0,10919,5,BernieSanders,1527,7931131,10664
2017-09-14,1,14950,29,BernieSanders,1528,7946081,10693
2017-09-15,0,8773,0,BernieSanders,1528,7954854,10693
2017-09-16,0,5430,3,BernieSanders,1528,7960284,10696
2017-09-17,0,5327,1,BernieSanders,1528,7965611,10697
2017-09-18,0,7541,0,BernieSanders,1528,7973152,10697
2017-09-19,0,6683,4,BernieSanders,1528,7979835,10701
2017-09-20,0,6993,2,BernieSanders,1528,7986828,10703
2017-09-21,0,11523,0,BernieSanders,1528,7998351,10703
2017-09-22,0,7817,0,BernieSanders,1528,8006168,10703
2017-09-23,0,7652,2,BernieSanders,1528,8013820,10705
2017-09-24,0,8451,0,BernieSanders,1528,8022271,10705
2017-09-25,0,9399,0,BernieSanders,1528,8031670,10705
2017-09-26,0,9265,8,BernieSanders,1528,8040935,10713
2017-09-27,1,9639,0,BernieSanders,1529,8050574,10713
2017-09-28,-1,12611,0,BernieSanders,1528,8063185,10713
2017-09-29,0,8764,1,BernieSanders,1528,8071949,10714
2017-09-30,0,7653,5,BernieSanders,1528,8079602,10719
2017-10-01,0,5513,1,BernieSanders,1528,8085115,10720
2017-10-02,0,9216,1,BernieSanders,1528,8094331,10721
2017-10-03,0,9786,2,BernieSanders,1528,8104117,10723
2017-10-04,0,7935,3,BernieSanders,1528,8112052,10726
2017-10-05,0,-1530,3,BernieSanders,1528,8110522,10729
2017-10-06,-1,7643,2,BernieSanders,1527,8118165,10731
2017-10-07,0,10569,2,BernieSanders,1527,8128734,10733
2017-10-08,0,11672,0,BernieSanders,1527,8140406,10733
2017-10-09,1,12909,1,BernieSanders,1528,8153315,10734
2017-10-10,0,13157,0,BernieSanders,1528,8166472,10734
2017-10-11,0,13140,1,BernieSanders,1528,8179612,10735
2017-10-12,0,12291,0,BernieSanders,1528,8191903,10735
2017-10-13,0,10306,1,BernieSanders,1528,8202209,10736
2017-10-14,0,7921,1,BernieSanders,1528,8210130,10737
2017-10-15,0,7576,0,BernieSanders,1528,8217706,10737
2017-10-16,0,7383,0,BernieSanders,1528,8225089,10737
2017-10-17,0,6101,0,BernieSanders,1528,8231190,10737
2017-10-18,0,8295,0,BernieSanders,1528,8239485,10737
2017-10-19,0,11409,2,BernieSanders,1528,8250894,10739
2017-10-20,0,11632,0,BernieSanders,1528,8262526,10739
2017-10-21,0,12163,0,BernieSanders,1528,8274689,10739
2017-10-22,1,11826,0,BernieSanders,1529,8286515,10739
2017-10-23,0,12411,0,BernieSanders,1529,8298926,10739
2017-10-24,1,15119,0,BernieSanders,1530,8314045,10739
2017-10-25,0,26773,2,BernieSanders,1530,8340818,10741
2017-10-26,0,4046,0,BernieSanders,1530,8344864,10741
2017-10-27,0,9632,0,BernieSanders,1530,8354496,10741
2017-10-28,1,11864,1,BernieSanders,1531,8366360,10742
2017-10-29,0,10529,1,BernieSanders,1531,8376889,10743
2017-10-30,0,6459,0,BernieSanders,1531,8383348,10743
2017-10-31,0,2092,2,BernieSanders,1531,8385440,10745
2017-11-01,0,2099,2,BernieSanders,1531,8387539,10747
2017-11-02,0,14911,3,BernieSanders,1531,8402450,10750
2017-11-03,0,2409,0,BernieSanders,1531,8404859,10750
2017-11-04,0,9708,0,BernieSanders,1531,8414567,10750
2017-11-05,0,9552,0,BernieSanders,1531,8424119,10750
2017-11-06,0,10924,2,BernieSanders,1531,8435043,10752
2017-11-07,0,11259,6,BernieSanders,1531,8446302,10758
2017-11-08,0,12551,0,BernieSanders,1531,8458853,10758
2017-11-09,0,14847,4,BernieSanders,1531,8473700,10762
2017-11-10,0,2775,2,BernieSanders,1531,8476475,10764
2017-11-11,0,1855,0,BernieSanders,1531,8478330,10764
2017-11-12,0,122,0,BernieSanders,1531,8478452,10764
2017-11-13,0,1241,1,BernieSanders,1531,8479693,10765
2017-11-14,0,2058,3,BernieSanders,1531,8481751,10768
2017-11-15,0,2853,1,BernieSanders,1531,8484604,10769
2017-11-16,0,8182,1,BernieSanders,1531,8492786,10770
2017-11-17,0,2999,1,BernieSanders,1531,8495785,10771
2017-11-18,0,1495,0,BernieSanders,1531,8497280,10771
2017-11-19,0,943,0,BernieSanders,1531,8498223,10771
2017-11-20,-1,3129,0,BernieSanders,1530,8501352,10771
2017-11-21,1,8482,1,BernieSanders,1531,8509834,10772
2017-11-22,0,9361,0,BernieSanders,1531,8519195,10772
2017-11-23,0,7565,0,BernieSanders,1531,8526760,10772
2017-11-24,0,6826,0,BernieSanders,1531,8533586,10772
2017-11-25,0,6846,0,BernieSanders,1531,8540432,10772
2017-11-26,0,5291,0,BernieSanders,1531,8545723,10772
2017-11-27,0,3569,0,BernieSanders,1531,8549292,10772
2017-11-28,0,4142,0,BernieSanders,1531,8553434,10772
2017-11-29,0,3748,1,BernieSanders,1531,8557182,10773
2017-11-30,0,3211,0,BernieSanders,1531,8560393,10773
2017-12-01,0,3050,0,BernieSanders,1531,8563443,10773
2017-12-02,-1,11097,0,BernieSanders,1530,8574540,10773
2017-12-03,0,18547,1,BernieSanders,1530,8593087,10774
2017-12-04,-1,5215,0,BernieSanders,1529,8598302,10774
2017-12-05,0,5790,0,BernieSanders,1529,8604092,10774
2017-12-06,1,4399,0,BernieSanders,1530,8608491,10774
2017-12-07,-1,5202,0,BernieSanders,1529,8613693,10774
2017-12-08,0,1517,-1,BernieSanders,1529,8615210,10773
2017-12-09,0,1342,0,BernieSanders,1529,8616552,10773
2017-12-10,0,1519,1,BernieSanders,1529,8618071,10774
2017-12-11,0,2545,0,BernieSanders,1529,8620616,10774
2017-12-12,0,3267,1,BernieSanders,1529,8623883,10775
2017-12-13,0,8229,2,BernieSanders,1529,8632112,10777
2017-12-14,0,26320,3,BernieSanders,1529,8658432,10780
2017-12-15,0,4860,0,BernieSanders,1529,8663292,10780
2017-12-16,0,4490,0,BernieSanders,1529,8667782,10780
2017-12-17,0,2556,-1,BernieSanders,1529,8670338,10779
2017-12-18,0,4800,1,BernieSanders,1529,8675138,10780
2017-12-19,-1,5018,0,BernieSanders,1528,8680156,10780
2017-12-20,-1,5033,0,BernieSanders,1527,8685189,10780
2017-12-21,1,13768,1,BernieSanders,1528,8698957,10781
2017-12-22,-1,7813,0,BernieSanders,1527,8706770,10781
2017-12-23,0,6009,0,BernieSanders,1527,8712779,10781
2017-12-24,0,7162,1,BernieSanders,1527,8719941,10782
2017-12-25,1,7499,0,BernieSanders,1528,8727440,10782
2017-12-26,0,8369,0,BernieSanders,1528,8735809,10782
2017-12-27,0,9738,0,BernieSanders,1528,8745547,10782
2017-12-28,0,20463,0,BernieSanders,1528,8766010,10782
2017-12-29,0,13582,1,BernieSanders,1528,8779592,10783
2017-12-30,0,4425,0,BernieSanders,1528,8784017,10783
2017-12-31,0,4557,3,BernieSanders,1528,8788574,10786
2018-01-01,0,4653,-2,BernieSanders,1528,8793227,10784
2018-01-02,0,6167,0,BernieSanders,1528,8799394,10784
2018-01-03,0,9141,0,BernieSanders,1528,8808535,10784
2018-01-04,-1,15435,0,BernieSanders,1527,8823970,10784
2018-01-05,0,18682,0,BernieSanders,1527,8842652,10784
2018-01-06,0,5578,0,BernieSanders,1527,8848230,10784
2018-01-07,0,6099,0,BernieSanders,1527,8854329,10784
2018-01-08,0,6002,0,BernieSanders,1527,8860331,10784
2018-01-09,1,683,0,BernieSanders,1528,8861014,10784
2018-01-10,-1,396,2,BernieSanders,1527,8861410,10786
2018-01-11,1,3145,0,BernieSanders,1528,8864555,10786
2018-01-12,0,7231,0,BernieSanders,1528,8871786,10786
2018-01-13,0,-2654,1,BernieSanders,1528,8869132,10787
2018-01-14,0,-474,0,BernieSanders,1528,8868658,10787
2018-01-15,-1,-829,1,BernieSanders,1527,8867829,10788
2018-01-16,0,-669,0,BernieSanders,1527,8867160,10788
2018-01-17,0,-865,0,BernieSanders,1527,8866295,10788
2018-01-18,0,-424,0,BernieSanders,1527,8865871,10788
2018-01-19,0,595,1,BernieSanders,1527,8866466,10789
2018-01-20,0,-4157,1,BernieSanders,1527,8862309,10790
2018-01-21,0,-1759,1,BernieSanders,1527,8860550,10791
2018-01-22,0,-1481,0,BernieSanders,1527,8859069,10791
2018-01-23,0,-3039,0,BernieSanders,1527,8856030,10791
2018-01-24,0,-1052,0,BernieSanders,1527,8854978,10791
2018-01-25,0,2727,0,BernieSanders,1527,8857705,10791
2018-01-26,0,841,2,BernieSanders,1527,8858546,10793
2018-01-27,0,778,3,BernieSanders,1527,8859324,10796
2018-01-28,0,-585,0,BernieSanders,1527,8858739,10796
2018-01-29,0,-2803,0,BernieSanders,1527,8855936,10796
2018-01-30,0,-9547,5,BernieSanders,1527,8846389,10801
2018-01-31,-1,-5512,1,BernieSanders,1526,8840877,10802
2018-02-01,0,-2294,3,BernieSanders,1526,8838583,10805
2018-02-02,0,-13472,0,BernieSanders,1526,8825111,10805
2018-02-03,0,5252,0,BernieSanders,1526,8830363,10805
2018-02-04,0,3027,0,BernieSanders,1526,8833390,10805
2018-02-05,0,1768,0,BernieSanders,1526,8835158,10805
2018-02-06,0,1884,0,BernieSanders,1526,8837042,10805
2018-02-07,0,1691,0,BernieSanders,1526,8838733,10805
2018-02-08,0,1369,1,BernieSanders,1526,8840102,10806
2018-02-09,-1,1740,0,BernieSanders,1525,8841842,10806
2018-02-10,1,-1149,0,BernieSanders,1526,8840693,10806
2018-02-11,0,9308,1,BernieSanders,1526,8850001,10807
2018-02-12,0,1625,0,BernieSanders,1526,8851626,10807
2018-02-13,0,-1919,0,BernieSanders,1526,8849707,10807
2018-02-14,0,520,1,BernieSanders,1526,8850227,10808
2018-02-15,0,-914,0,BernieSanders,1526,8849313,10808
2018-02-16,0,-6191,-1,BernieSanders,1526,8843122,10807
2018-02-17,0,-333,2,BernieSanders,1526,8842789,10809
2018-02-18,0,-3575,0,BernieSanders,1526,8839214,10809
2018-02-19,0,766,0,BernieSanders,1526,8839980,10809
2018-02-20,0,1432,0,BernieSanders,1526,8841412,10809
2018-02-21,0,108,0,BernieSanders,1526,8841520,10809
2018-02-22,0,1378,7,BernieSanders,1526,8842898,10816
2018-02-23,-1,2290,0,BernieSanders,1525,8845188,10816
2018-02-24,0,2810,0,BernieSanders,1525,8847998,10816
2018-02-25,0,2888,2,BernieSanders,1525,8850886,10818
2018-02-26,0,2337,2,BernieSanders,1525,8853223,10820
2018-02-27,0,1990,2,BernieSanders,1525,8855213,10822
2018-02-28,0,2139,0,BernieSanders,1525,8857352,10822
2018-03-01,0,4447,1,BernieSanders,1525,8861799,10823
2018-03-02,1,4230,0,BernieSanders,1526,8866029,10823
2018-03-03,0,4952,0,BernieSanders,1526,8870981,10823
2018-03-04,0,4480,0,BernieSanders,1526,8875461,10823
2018-03-05,0,6928,0,BernieSanders,1526,8882389,10823
2018-03-06,0,6887,0,BernieSanders,1526,8889276,10823
2018-03-07,0,6474,-1,BernieSanders,1526,8895750,10822
2018-03-08,0,1261,1,BernieSanders,1526,8897011,10823
2018-03-09,0,-239,0,BernieSanders,1526,8896772,10823
2018-03-10,0,-588,4,BernieSanders,1526,8896184,10827
2018-03-11,0,729,3,BernieSanders,1526,8896913,10830
2018-03-12,0,-52,5,BernieSanders,1526,8896861,10835
2018-03-13,-1,906,0,BernieSanders,1525,8897767,10835
2018-03-14,0,1354,0,BernieSanders,1525,8899121,10835
2018-03-15,0,1249,1,BernieSanders,1525,8900370,10836
2018-03-16,0,830,1,BernieSanders,1525,8901200,10837
2018-03-17,0,1650,0,BernieSanders,1525,8902850,10837
2018-03-18,0,1957,0,BernieSanders,1525,8904807,10837
2018-03-19,0,1725,1,BernieSanders,1525,8906532,10838
2018-03-20,0,542,1,BernieSanders,1525,8907074,10839
2018-03-21,-1,1005,1,BernieSanders,1524,8908079,10840
2018-03-22,-2,2157,0,BernieSanders,1522,8910236,10840
2018-03-23,-1,6639,2,BernieSanders,1521,8916875,10842
2018-03-24,1,6419,0,BernieSanders,1522,8923294,10842
2018-03-25,0,7215,0,BernieSanders,1522,8930509,10842
2018-03-26,0,6675,0,BernieSanders,1522,8937184,10842
2018-03-27,0,4703,0,BernieSanders,1522,8941887,10842
2018-03-28,0,1390,-2,BernieSanders,1522,8943277,10840
2018-03-29,0,1191,1,BernieSanders,1522,8944468,10841
2018-03-30,0,1413,0,BernieSanders,1522,8945881,10841
2018-03-31,0,1880,0,BernieSanders,1522,8947761,10841
2018-04-01,0,1716,-1,BernieSanders,1522,8949477,10840
2018-04-02,0,2102,0,BernieSanders,1522,8951579,10840
2018-04-03,1,2211,0,BernieSanders,1523,8953790,10840
2018-04-04,0,1711,2,BernieSanders,1523,8955501,10842
2018-04-05,0,2196,3,BernieSanders,1523,8957697,10845
2018-04-06,0,2170,1,BernieSanders,1523,8959867,10846
2018-04-07,0,4119,0,BernieSanders,1523,8963986,10846
2018-04-08,0,4068,0,BernieSanders,1523,8968054,10846
2018-04-09,1,4403,0,BernieSanders,1524,8972457,10846
2018-04-10,0,4821,0,BernieSanders,1524,8977278,10846
2018-04-11,0,5392,0,BernieSanders,1524,8982670,10846
2018-04-12,0,5350,1,BernieSanders,1524,8988020,10847
2018-04-13,0,1892,2,BernieSanders,1524,8989912,10849
2018-04-14,-1,3839,0,BernieSanders,1523,8993751,10849
2018-04-15,0,4143,0,BernieSanders,1523,8997894,10849
2018-04-16,0,4022,0,BernieSanders,1523,9001916,10849
2018-04-17,0,2839,0,BernieSanders,1523,9004755,10849
2018-04-18,0,207,-1,BernieSanders,1523,9004962,10848
2018-04-19,0,-2430,1,BernieSanders,1523,9002532,10849
2018-04-20,0,-128,1,BernieSanders,1523,9002404,10850
2018-04-21,0,232,0,BernieSanders,1523,9002636,10850
2018-04-22,0,-56,1,BernieSanders,1523,9002580,10851
2018-04-23,0,-264,1,BernieSanders,1523,9002316,10852
2018-04-24,-1,466,1,BernieSanders,1522,9002782,10853
2018-04-25,1,216,1,BernieSanders,1523,9002998,10854
2018-04-26,0,-352,1,BernieSanders,1523,9002646,10855
2018-04-27,0,-336,1,BernieSanders,1523,9002310,10856
2018-04-28,0,-298,0,BernieSanders,1523,9002012,10856
2018-04-29,0,-364,2,BernieSanders,1523,9001648,10858
2018-04-30,0,794,0,BernieSanders,1523,9002442,10858
2018-05-01,0,2879,4,BernieSanders,1523,9005321,10862
2018-05-02,0,-520,2,BernieSanders,1523,9004801,10864
2018-05-03,0,-1240,0,BernieSanders,1523,9003561,10864
2018-05-04,0,-3892,2,BernieSanders,1523,8999669,10866
2018-05-05,1,-1078,3,BernieSanders,1524,8998591,10869
2018-05-06,-1,-533,1,BernieSanders,1523,8998058,10870
2018-05-07,0,-452,3,BernieSanders,1523,8997606,10873
2018-05-08,0,-537,0,BernieSanders,1523,8997069,10873
2018-05-09,0,664,0,BernieSanders,1523,8997733,10873
2018-05-10,0,558,0,BernieSanders,1523,8998291,10873
2018-05-11,0,251,0,BernieSanders,1523,8998542,10873
2018-05-12,0,-1646,1,BernieSanders,1523,8996896,10874
2018-05-13,0,1748,0,BernieSanders,1523,8998644,10874
2018-05-14,0,766,0,BernieSanders,1523,8999410,10874
2018-05-15,0,-2511,2,BernieSanders,1523,8996899,10876
2018-05-16,0,659,0,BernieSanders,1523,8997558,10876
2018-05-17,0,-207,1,BernieSanders,1523,8997351,10877
2018-05-18,0,-2151,4,BernieSanders,1523,8995200,10881
2018-05-19,0,528,0,BernieSanders,1523,8995728,10881
2018-05-20,0,339,0,BernieSanders,1523,8996067,10881
2018-05-21,0,359,6,BernieSanders,1523,8996426,10887
2018-05-22,-2,309,0,BernieSanders,1521,8996735,10887
2018-05-23,0,-1072,1,BernieSanders,1521,8995663,10888
2018-05-24,0,355,0,BernieSanders,1521,8996018,10888
2018-05-25,-1,-5423,0,BernieSanders,1520,8990595,10888
2018-05-26,0,287,0,BernieSanders,1520,8990882,10888
2018-05-27,0,-76,1,BernieSanders,1520,8990806,10889
2018-05-28,0,-672,0,BernieSanders,1520,8990134,10889
2018-05-29,0,-861,0,BernieSanders,1520,8989273,10889
2018-05-30,0,-577,-3,BernieSanders,1520,8988696,10886
2018-05-31,0,-2109,-5,BernieSanders,1520,8986587,10881
2018-06-01,0,102,0,BernieSanders,1520,8986689,10881
2018-06-02,0,613,0,BernieSanders,1520,8987302,10881
2018-06-03,5,947,15,BernieSanders,1525,8988249,10896
2018-06-04,0,1080,3,BernieSanders,1525,8989329,10899
2018-06-05,0,778,0,BernieSanders,1525,8990107,10899
2018-06-06,0,340,0,BernieSanders,1525,8990447,10899
2018-06-07,0,-507,0,BernieSanders,1525,8989940,10899
2018-06-08,1,966,1,BernieSanders,1526,8990906,10900
2018-06-09,0,-70,0,BernieSanders,1526,8990836,10900
2018-06-10,0,267,0,BernieSanders,1526,8991103,10900
2018-06-11,0,477,0,BernieSanders,1526,8991580,10900
2018-06-12,0,1752,0,BernieSanders,1526,8993332,10900
2018-06-13,0,478,0,BernieSanders,1526,8993810,10900
2018-06-14,-1,1072,0,BernieSanders,1525,8994882,10900
2018-06-15,0,1726,-1,BernieSanders,1525,8996608,10899
2018-06-16,0,1177,0,BernieSanders,1525,8997785,10899
2018-06-17,0,365,1,BernieSanders,1525,8998150,10900
2018-06-18,1,1240,0,BernieSanders,1526,8999390,10900
2018-06-19,-1,1574,1,BernieSanders,1525,9000964,10901
2018-06-20,-1,1646,2,BernieSanders,1524,9002610,10903
2018-06-21,0,1559,0,BernieSanders,1524,9004169,10903
2018-06-22,0,1112,0,BernieSanders,1524,9005281,10903
2018-06-23,0,-3760,2,BernieSanders,1524,9001521,10905
2018-06-24,0,19,3,BernieSanders,1524,9001540,10908
2018-06-25,0,78,2,BernieSanders,1524,9001618,10910
2018-06-26,0,805,0,BernieSanders,1524,9002423,10910
2018-06-27,1,351,4,BernieSanders,1525,9002774,10914
2018-06-28,0,-17170,0,BernieSanders,1525,8985604,10914
2018-06-29,0,395,-1,BernieSanders,1525,8985999,10913
2018-06-30,0,673,1,BernieSanders,1525,8986672,10914
2018-07-01,0,391,1,BernieSanders,1525,8987063,10915
2018-07-02,0,194,4,BernieSanders,1525,8987257,10919
2018-07-03,0,1797,0,BernieSanders,1525,8989054,10919
2018-07-04,0,-680,1,BernieSanders,1525,8988374,10920
2018-07-05,0,74,3,BernieSanders,1525,8988448,10923
2018-07-06,-1,1002,0,BernieSanders,1524,8989450,10923
2018-07-07,0,1059,0,BernieSanders,1524,8990509,10923
2018-07-08,0,792,0,BernieSanders,1524,8991301,10923
2018-07-09,0,696,0,BernieSanders,1524,8991997,10923
2018-07-10,1,367,2,BernieSanders,1525,8992364,10925
2018-07-11,0,-1146,3,BernieSanders,1525,8991218,10928
2018-07-12,-3,419,5,BernieSanders,1522,8991637,10933
2018-07-13,-20,-49021,14,BernieSanders,1502,8942616,10947
2018-07-14,3,-243,29,BernieSanders,1505,8942373,10976
2018-07-15,2,-330,14,BernieSanders,1507,8942043,10990
2018-07-16,-15,-393,13,BernieSanders,1492,8941650,11003
2018-07-17,-4,1587,6,BernieSanders,1488,8943237,11009
2018-07-18,1,-14354,10,BernieSanders,1489,8928883,11019
2018-07-19,0,-12995,9,BernieSanders,1489,8915888,11028
2018-07-20,-3,-1734,13,BernieSanders,1486,8914154,11041
2018-07-21,-1,-2108,18,BernieSanders,1485,8912046,11059
2018-07-22,0,-325,-2,BernieSanders,1485,8911721,11057
2018-07-23,-2,-1479,1,BernieSanders,1483,8910242,11058
2018-07-24,0,-2004,8,BernieSanders,1483,8908238,11066
2018-07-25,-1,-4241,2,BernieSanders,1482,8903997,11068
2018-07-26,-2,-235,9,BernieSanders,1480,8903762,11077
2018-07-27,1,85,4,BernieSanders,1481,8903847,11081
2018-07-28,0,131,1,BernieSanders,1481,8903978,11082
2018-07-29,-2,3,6,BernieSanders,1479,8903981,11088
2018-07-30,-2,-20,2,BernieSanders,1477,8903961,11090
2018-07-31,-1,-219,2,BernieSanders,1476,8903742,11092
2018-08-01,-1,-201,8,BernieSanders,1475,8903541,11100
2018-08-02,-1,382,5,BernieSanders,1474,8903923,11105
2018-08-03,-1,123,6,BernieSanders,1473,8904046,11111
2018-08-04,1,48,9,BernieSanders,1474,8904094,11120
2018-08-05,-2,927,1,BernieSanders,1472,8905021,11121
2018-08-06,0,868,12,BernieSanders,1472,8905889,11133
2018-08-07,0,136,13,BernieSanders,1472,8906025,11146
2018-08-08,0,224,7,BernieSanders,1472,8906249,11153
2018-08-09,-1,-276,7,BernieSanders,1471,8905973,11160
2018-08-10,-1,423,6,BernieSanders,1470,8906396,11166
2018-08-11,0,664,3,BernieSanders,1470,8907060,11169
2018-08-12,-2,336,4,BernieSanders,1468,8907396,11173
2018-08-13,0,-299,0,BernieSanders,1468,8907097,11173
2018-08-14,0,-909,5,BernieSanders,1468,8906188,11178
2018-08-15,3,-29,9,BernieSanders,1471,8906159,11187
2018-08-16,0,-586,10,BernieSanders,1471,8905573,11197
2018-08-17,-1,183,6,BernieSanders,1470,8905756,11203
2018-08-18,-1,107,9,BernieSanders,1469,8905863,11212
2018-08-19,-1,802,0,BernieSanders,1468,8906665,11212
2018-08-20,-7,207,5,BernieSanders,1461,8906872,11217
2018-08-21,-11,371,6,BernieSanders,1450,8907243,11223
2018-08-22,-3,242,6,BernieSanders,1447,8907485,11229
2018-08-23,-1,-73,7,BernieSanders,1446,8907412,11236
2018-08-24,0,-570,8,BernieSanders,1446,8906842,11244
2018-08-25,-1,-272,7,BernieSanders,1445,8906570,11251
2018-08-26,-1,1178,2,BernieSanders,1444,8907748,11253
2018-08-27,0,399,0,BernieSanders,1444,8908147,11253
2018-08-28,0,59,10,BernieSanders,1444,8908206,11263
2018-08-29,-1,55,3,BernieSanders,1443,8908261,11266
2018-08-30,1,1380,7,BernieSanders,1444,8909641,11273
2018-08-31,2,479,5,BernieSanders,1446,8910120,11278
2018-09-01,0,-161,5,BernieSanders,1446,8909959,11283
2018-09-02,-4,661,5,BernieSanders,1442,8910620,11288
2018-09-03,0,535,2,BernieSanders,1442,8911155,11290
2018-09-04,-2,399,5,BernieSanders,1440,8911554,11295
2018-09-05,0,712,4,BernieSanders,1440,8912266,11299
2018-09-06,-3,844,8,BernieSanders,1437,8913110,11307
2018-09-07,-2,-1421,7,BernieSanders,1435,8911689,11314
2018-09-08,1,1158,4,BernieSanders,1436,8912847,11318
2018-09-09,3,786,6,BernieSanders,1439,8913633,11324
2018-09-10,-8,529,7,BernieSanders,1431,8914162,11331
2018-09-11,0,645,8,BernieSanders,1431,8914807,11339
2018-09-12,-4,644,5,BernieSanders,1427,8915451,11344
2018-09-13,0,754,11,BernieSanders,1427,8916205,11355
2018-09-14,-1,784,1,BernieSanders,1426,8916989,11356
2018-09-15,1,678,6,BernieSanders,1427,8917667,11362
2018-09-16,-1,563,1,BernieSanders,1426,8918230,11363
2018-09-17,-1,474,4,BernieSanders,1425,8918704,11367
2018-09-18,-1,135,1,BernieSanders,1424,8918839,11368
2018-09-19,0,140,12,BernieSanders,1424,8918979,11380
2018-09-20,-1,193,5,BernieSanders,1423,8919172,11385
2018-09-21,0,139,4,BernieSanders,1423,8919311,11389
2018-09-22,0,497,2,BernieSanders,1423,8919808,11391
2018-09-23,0,306,6,BernieSanders,1423,8920114,11397
2018-09-24,0,187,1,BernieSanders,1423,8920301,11398
2018-09-25,-1,242,2,BernieSanders,1422,8920543,11400
2018-09-26,0,-180,3,BernieSanders,1422,8920363,11403
2018-09-27,-1,448,6,BernieSanders,1421,8920811,11409
2018-09-28,0,1545,0,BernieSanders,1421,8922356,11409
2018-09-29,-2,1164,0,BernieSanders,1419,8923520,11409
2018-09-30,1,697,1,BernieSanders,1420,8924217,11410
2018-10-01,1,426,2,BernieSanders,1421,8924643,11412
2018-10-02,-2,103,7,BernieSanders,1419,8924746,11419
2018-10-03,0,886,4,BernieSanders,1419,8925632,11423
2018-10-04,0,1550,3,BernieSanders,1419,8927182,11426
2018-10-05,-1,2569,9,BernieSanders,1418,8929751,11435
2018-10-06,0,2172,4,BernieSanders,1418,8931923,11439
2018-10-07,1,3310,4,BernieSanders,1419,8935233,11443
2018-10-08,0,1401,0,BernieSanders,1419,8936634,11443
2018-10-09,0,-4938,3,BernieSanders,1419,8931696,11446
2018-10-10,-1,-230,9,BernieSanders,1418,8931466,11455
2018-10-11,0,2133,9,BernieSanders,1418,8933599,11464
2018-10-12,1,3260,9,BernieSanders,1419,8936859,11473
2018-10-13,2,440,9,BernieSanders,1421,8937299,11482
2018-10-14,-1,-3001,1,BernieSanders,1420,8934298,11483
2018-10-15,0,181,9,BernieSanders,1420,8934479,11492
2018-10-16,0,696,7,BernieSanders,1420,8935175,11499
2018-10-17,0,-3111,9,BernieSanders,1420,8932064,11508
2018-10-18,1,-703,8,BernieSanders,1421,8931361,11516
2018-10-19,0,-735,11,BernieSanders,1421,8930626,11527
2018-10-20,-1,415,20,BernieSanders,1420,8931041,11547
2018-10-21,0,136,11,BernieSanders,1420,8931177,11558
2018-10-22,1,698,8,BernieSanders,1421,8931875,11566
2018-10-23,1,-1314,12,BernieSanders,1422,8930561,11578
2018-10-24,3,-1698,15,BernieSanders,1425,8928863,11593
2018-10-25,1,-686,16,BernieSanders,1426,8928177,11609
2018-10-26,0,-93,6,BernieSanders,1426,8928084,11615
2018-10-27,0,7823,19,BernieSanders,1426,8935907,11634
2018-10-28,1,729,3,BernieSanders,1427,8936636,11637
2018-10-29,0,336,13,BernieSanders,1427,8936972,11650
2018-10-30,1,484,7,BernieSanders,1428,8937456,11657
2018-10-31,0,787,11,BernieSanders,1428,8938243,11668
2018-11-01,0,313,14,BernieSanders,1428,8938556,11682
2018-11-02,0,472,9,BernieSanders,1428,8939028,11691
2018-11-03,0,828,11,BernieSanders,1428,8939856,11702
2018-11-04,2,-10470,9,BernieSanders,1430,8929386,11711
2018-11-05,1,-8442,7,BernieSanders,1431,8920944,11718
2018-11-06,0,1086,19,BernieSanders,1431,8922030,11737
2018-11-07,0,-6741,19,BernieSanders,1431,8915289,11756
2018-11-08,0,1356,2,BernieSanders,1431,8916645,11758
2018-11-09,0,-11337,7,BernieSanders,1431,8905308,11765
2018-11-10,0,-1521,2,BernieSanders,1431,8903787,11767
2018-11-11,0,1066,9,BernieSanders,1431,8904853,11776
2018-11-12,0,1648,3,BernieSanders,1431,8906501,11779
2018-11-13,0,1616,-1,BernieSanders,1431,8908117,11778
2018-11-14,0,1818,1,BernieSanders,1431,8909935,11779
2018-11-15,0,2166,1,BernieSanders,1431,8912101,11780
2018-11-16,0,2356,5,BernieSanders,1431,8914457,11785
2018-11-17,1,1497,9,BernieSanders,1432,8915954,11794
2018-11-18,0,1468,2,BernieSanders,1432,8917422,11796
2018-11-19,0,1129,4,BernieSanders,1432,8918551,11800
2018-11-20,-2,1120,6,BernieSanders,1430,8919671,11806
2018-11-21,0,2185,1,BernieSanders,1430,8921856,11807
2018-11-22,0,1506,3,BernieSanders,1430,8923362,11810
2018-11-23,0,824,2,BernieSanders,1430,8924186,11812
2018-11-24,0,1158,4,BernieSanders,1430,8925344,11816
2018-11-25,1,843,7,BernieSanders,1431,8926187,11823
2018-11-26,0,1185,5,BernieSanders,1431,8927372,11828
2018-11-27,0,1520,6,BernieSanders,1431,8928892,11834
2018-11-28,0,706,5,BernieSanders,1431,8929598,11839
2018-12-01,1,3603,13,BernieSanders,1432,8933201,11852
2018-12-02,0,1128,3,BernieSanders,1432,8934329,11855
2018-12-03,0,1689,0,BernieSanders,1432,8936018,11855
2018-12-04,0,929,9,BernieSanders,1432,8936947,11864
2018-12-05,0,-659,6,BernieSanders,1432,8936288,11870
2018-12-06,0,-3573,5,BernieSanders,1432,8932715,11875
2018-12-07,0,-3881,8,BernieSanders,1432,8928834,11883
2018-12-08,0,-3794,8,BernieSanders,1432,8925040,11891
2018-12-09,0,1585,0,BernieSanders,1432,8926625,11891
2018-12-10,0,917,0,BernieSanders,1432,8927542,11891
2018-12-11,0,0,0,BernieSanders,1432,8927542,11891
2018-12-12,-2,1091,1,BernieSanders,1430,8928633,11892
2018-12-13,-118,814,2,BernieSanders,1312,8929447,11894
2018-12-14,1,742,6,BernieSanders,1313,8930189,11900
2018-12-15,14,439,3,BernieSanders,1327,8930628,11903
2018-12-16,0,701,3,BernieSanders,1327,8931329,11906
2018-12-17,-2,680,0,BernieSanders,1325,8932009,11906
2018-12-18,0,361,4,BernieSanders,1325,8932370,11910
2018-12-19,0,553,2,BernieSanders,1325,8932923,11912
2018-12-20,1,493,2,BernieSanders,1326,8933416,11914
2018-12-21,0,505,0,BernieSanders,1326,8933921,11914
2018-12-22,-1,771,0,BernieSanders,1325,8934692,11914
2018-12-23,-1,1136,0,BernieSanders,1324,8935828,11914
2018-12-24,0,880,0,BernieSanders,1324,8936708,11914
2018-12-25,0,686,0,BernieSanders,1324,8937394,11914
2018-12-26,0,1062,0,BernieSanders,1324,8938456,11914
2018-12-27,1,627,3,BernieSanders,1325,8939083,11917
2018-12-28,0,957,3,BernieSanders,1325,8940040,11920
2018-12-29,0,946,-2,BernieSanders,1325,8940986,11918
2018-12-30,0,820,3,BernieSanders,1325,8941806,11921
2018-12-31,0,544,-2,BernieSanders,1325,8942350,11919
2019-01-01,0,603,5,BernieSanders,1325,8942953,11924
2019-01-02,0,657,6,BernieSanders,1325,8943610,11930
2019-01-03,1,817,0,BernieSanders,1326,8944427,11930
2019-01-04,0,2227,0,BernieSanders,1326,8946654,11930
2019-01-05,0,5157,0,BernieSanders,1326,8951811,11930
2019-01-06,0,4297,0,BernieSanders,1326,8956108,11930
2019-01-07,0,3604,0,BernieSanders,1326,8959712,11930
2019-01-08,-1,1699,3,BernieSanders,1325,8961411,11933
2019-01-09,0,2126,1,BernieSanders,1325,8963537,11934
2019-01-10,0,1788,7,BernieSanders,1325,8965325,11941
2019-01-11,0,1612,1,BernieSanders,1325,8966937,11942
2019-01-12,1,1963,1,BernieSanders,1326,8968900,11943
2019-01-13,0,1970,0,BernieSanders,1326,8970870,11943
2019-01-14,0,1398,0,BernieSanders,1326,8972268,11943
2019-01-15,0,-2579,2,BernieSanders,1326,8969689,11945
2019-01-16,0,1131,-1,BernieSanders,1326,8970820,11944
2019-01-17,0,1096,2,BernieSanders,1326,8971916,11946
2019-01-18,0,1131,3,BernieSanders,1326,8973047,11949
2019-01-19,0,1175,6,BernieSanders,1326,8974222,11955
2019-01-20,-1,996,5,BernieSanders,1325,8975218,11960
2019-01-21,0,1348,1,BernieSanders,1325,8976566,11961
2019-01-22,9,674,10,BernieSanders,1334,8977240,11971
2019-01-23,4,1124,3,BernieSanders,1338,8978364,11974
2019-01-24,0,1156,3,BernieSanders,1338,8979520,11977
2019-01-25,0,1063,1,BernieSanders,1338,8980583,11978
2019-01-26,0,1552,0,BernieSanders,1338,8982135,11978
2019-01-27,0,1463,4,BernieSanders,1338,8983598,11982
2019-01-28,0,1272,0,BernieSanders,1338,8984870,11982
2019-01-29,0,740,0,BernieSanders,1338,8985610,11982
2019-01-30,0,-3862,3,BernieSanders,1338,8981748,11985
2019-01-31,0,596,0,BernieSanders,1338,8982344,11985
2019-02-01,0,37,4,BernieSanders,1338,8982381,11989
2019-02-02,0,626,-1,BernieSanders,1338,8983007,11988
2019-02-03,0,600,-1,BernieSanders,1338,8983607,11987
2019-02-04,0,497,0,BernieSanders,1338,8984104,11987
2019-02-05,0,195,5,BernieSanders,1338,8984299,11992
2019-02-06,0,1886,0,BernieSanders,1338,8986185,11992
2019-02-07,0,-108,0,BernieSanders,1338,8986077,11992
2019-02-10,-1,2659,6,BernieSanders,1337,8988736,11998
2019-02-11,0,1943,0,BernieSanders,1337,8990679,11998
2019-02-12,0,678,5,BernieSanders,1337,8991357,12003
2019-02-13,1,-2253,3,BernieSanders,1338,8989104,12006
2019-02-14,0,1199,4,BernieSanders,1338,8990303,12010
2019-02-15,0,1544,3,BernieSanders,1338,8991847,12013
2019-02-16,-14,2340,4,BernieSanders,1324,8994187,12017
2019-02-17,0,1637,1,BernieSanders,1324,8995824,12018
2019-02-18,0,1395,1,BernieSanders,1324,8997219,12019
2019-02-19,0,1038,0,BernieSanders,1324,8998257,12019
2019-02-20,1,31877,17,BernieSanders,1325,9030134,12036
2019-02-21,1,18396,10,BernieSanders,1326,9048530,12046
2019-02-22,0,9782,12,BernieSanders,1326,9058312,12058
2019-02-23,1,5939,8,BernieSanders,1327,9064251,12066
2019-02-24,0,5081,2,BernieSanders,1327,9069332,12068
2019-02-25,0,4184,5,BernieSanders,1327,9073516,12073
2019-02-26,0,5545,29,BernieSanders,1327,9079061,12102
2019-02-27,2,4801,7,BernieSanders,1329,9083862,12109
2019-02-28,1,4709,7,BernieSanders,1330,9088571,12116
2019-03-01,2,3326,6,BernieSanders,1332,9091897,12122
2019-03-02,1,2703,10,BernieSanders,1333,9094600,12132
2019-03-03,1,4195,39,BernieSanders,1334,9098795,12171
2019-03-04,-1,3460,30,BernieSanders,1333,9102255,12201
2019-03-05,1,3680,3,BernieSanders,1334,9105935,12204
2019-03-06,0,3394,3,BernieSanders,1334,9109329,12207
2019-03-07,-1,3329,2,BernieSanders,1333,9112658,12209
2019-03-08,0,2741,16,BernieSanders,1333,9115399,12225
2019-03-09,1,2980,15,BernieSanders,1334,9118379,12240
2019-03-10,0,2465,9,BernieSanders,1334,9120844,12249
2019-03-11,0,2186,14,BernieSanders,1334,9123030,12263
2019-03-12,-1,1209,6,BernieSanders,1333,9124239,12269
2019-03-13,0,1872,4,BernieSanders,1333,9126111,12273
2019-03-14,0,2682,7,BernieSanders,1333,9128793,12280
2019-03-15,0,2902,2,BernieSanders,1333,9131695,12282
2019-03-16,0,4309,8,BernieSanders,1333,9136004,12290
2019-03-17,0,3086,7,BernieSanders,1333,9139090,12297
2019-03-18,0,2552,3,BernieSanders,1333,9141642,12300
2019-03-19,0,3036,4,BernieSanders,1333,9144678,12304
2019-03-20,0,2726,10,BernieSanders,1333,9147404,12314
2019-03-21,0,2906,12,BernieSanders,1333,9150310,12326
2019-03-22,0,3625,8,BernieSanders,1333,9153935,12334
2019-03-23,0,3095,8,BernieSanders,1333,9157030,12342
2019-03-24,0,2540,14,BernieSanders,1333,9159570,12356
2019-03-25,0,3112,6,BernieSanders,1333,9162682,12362
2019-03-26,0,2058,8,BernieSanders,1333,9164740,12370
2019-03-27,1,2101,10,BernieSanders,1334,9166841,12380
2019-03-28,0,3224,8,BernieSanders,1334,9170065,12388
2019-03-29,0,2861,15,BernieSanders,1334,9172926,12403
2019-03-30,0,2858,6,BernieSanders,1334,9175784,12409
2019-03-31,0,2557,5,BernieSanders,1334,9178341,12414
2019-04-01,0,2357,12,BernieSanders,1334,9180698,12426
2019-04-02,1,2124,10,BernieSanders,1335,9182822,12436
2019-04-03,0,2744,11,BernieSanders,1335,9185566,12447
2019-04-04,0,2604,7,BernieSanders,1335,9188170,12454
2019-04-05,0,2116,7,BernieSanders,1335,9190286,12461
2019-04-06,0,3171,11,BernieSanders,1335,9193457,12472
2019-04-07,-1,2808,9,BernieSanders,1334,9196265,12481
2019-04-08,0,1880,9,BernieSanders,1334,9198145,12490
2019-04-09,0,1494,11,BernieSanders,1334,9199639,12501
2019-04-10,0,1078,5,BernieSanders,1334,9200717,12506
2019-04-11,0,1431,7,BernieSanders,1334,9202148,12513
2019-04-12,0,774,9,BernieSanders,1334,9202922,12522
2019-04-13,0,2484,1,BernieSanders,1334,9205406,12523
2019-04-14,0,3248,12,BernieSanders,1334,9208654,12535
2019-04-15,0,1666,10,BernieSanders,1334,9210320,12545
2019-04-16,-1,3015,18,BernieSanders,1333,9213335,12563
2019-04-17,1,4512,13,BernieSanders,1334,9217847,12576
2019-04-18,-1,4213,7,BernieSanders,1333,9222060,12583
2019-04-19,0,2309,11,BernieSanders,1333,9224369,12594
2019-04-20,2,2425,17,BernieSanders,1335,9226794,12611
2019-04-21,1,2132,10,BernieSanders,1336,9228926,12621
2019-04-22,0,2173,2,BernieSanders,1336,9231099,12623
2019-04-23,0,2196,16,BernieSanders,1336,9233295,12639
2019-04-24,0,2740,6,BernieSanders,1336,9236035,12645
2019-04-25,0,2525,12,BernieSanders,1336,9238560,12657
2019-04-26,0,3865,10,BernieSanders,1336,9242425,12667
2019-04-27,0,1977,12,BernieSanders,1336,9244402,12679
2019-04-28,2,292,38,BernieSanders,1338,9244694,12717
2019-04-29,0,1778,5,BernieSanders,1338,9246472,12722
2019-04-30,0,1921,7,BernieSanders,1338,9248393,12729
2019-05-01,0,1290,12,BernieSanders,1338,9249683,12741
2019-05-02,0,1428,12,BernieSanders,1338,9251111,12753
2019-05-03,0,1626,7,BernieSanders,1338,9252737,12760
2019-05-04,0,856,12,BernieSanders,1338,9253593,12772
2019-05-05,1,788,18,BernieSanders,1339,9254381,12790
2019-05-06,0,920,16,BernieSanders,1339,9255301,12806
2019-05-07,-2,1135,6,BernieSanders,1337,9256436,12812
2019-05-08,3,1217,10,BernieSanders,1340,9257653,12822
2019-05-09,1,1519,14,BernieSanders,1341,9259172,12836
2019-05-10,0,1355,10,BernieSanders,1341,9260527,12846
2019-05-11,0,1175,8,BernieSanders,1341,9261702,12854
2019-05-12,-1,1582,3,BernieSanders,1340,9263284,12857
2019-05-14,0,1772,14,BernieSanders,1340,9265056,12871
2019-05-15,0,1006,11,BernieSanders,1340,9266062,12882
2019-05-16,0,4743,11,BernieSanders,1340,9270805,12893
2019-05-17,0,4886,10,BernieSanders,1340,9275691,12903
2019-05-18,0,1931,17,BernieSanders,1340,9277622,12920
2019-05-19,0,1720,16,BernieSanders,1340,9279342,12936
2019-05-20,0,2087,7,BernieSanders,1340,9281429,12943
2019-05-21,0,1729,10,BernieSanders,1340,9283158,12953
2019-05-22,1,1254,6,BernieSanders,1341,9284412,12959
2019-05-23,1,1751,10,BernieSanders,1342,9286163,12969
2019-05-24,0,1653,15,BernieSanders,1342,9287816,12984
2019-05-25,0,1361,8,BernieSanders,1342,9289177,12992
2019-05-26,0,1543,12,BernieSanders,1342,9290720,13004
2019-05-27,0,1783,3,BernieSanders,1342,9292503,13007
2019-05-28,2,1251,4,BernieSanders,1344,9293754,13011
2019-05-29,0,709,6,BernieSanders,1344,9294463,13017
2019-05-30,0,1168,13,BernieSanders,1344,9295631,13030
2019-05-31,0,1161,13,BernieSanders,1344,9296792,13043
2019-06-01,0,994,9,BernieSanders,1344,9297786,13052
2019-06-02,0,1210,8,BernieSanders,1344,9298996,13060
2019-06-03,0,1759,30,BernieSanders,1344,9300755,13090
2019-06-04,1,1737,8,BernieSanders,1345,9302492,13098
2019-06-05,0,1362,16,BernieSanders,1345,9303854,13114
2019-06-06,0,1505,34,BernieSanders,1345,9305359,13148
2019-06-07,0,794,17,BernieSanders,1345,9306153,13165
2019-06-08,0,480,12,BernieSanders,1345,9306633,13177
2019-06-09,0,735,9,BernieSanders,1345,9307368,13186
2019-06-10,0,1189,14,BernieSanders,1345,9308557,13200
2019-06-11,0,1948,18,BernieSanders,1345,9310505,13218
2019-06-12,0,1182,9,BernieSanders,1345,9311687,13227
2019-06-13,0,1126,46,BernieSanders,1345,9312813,13273
2019-06-14,0,834,20,BernieSanders,1345,9313647,13293
2019-06-15,1,833,10,BernieSanders,1346,9314480,13303
2019-06-16,0,1075,6,BernieSanders,1346,9315555,13309
2019-06-17,0,1203,8,BernieSanders,1346,9316758,13317
2019-06-18,0,465,10,BernieSanders,1346,9317223,13327
2019-06-19,0,806,31,BernieSanders,1346,9318029,13358
2019-06-20,1,1699,11,BernieSanders,1347,9319728,13369
2019-06-21,1,1698,17,BernieSanders,1348,9321426,13386
2019-06-22,-1,1277,23,BernieSanders,1347,9322703,13409
2019-06-23,0,1488,8,BernieSanders,1347,9324191,13417
2019-06-24,0,1683,7,BernieSanders,1347,9325874,13424
2019-06-25,0,5274,33,BernieSanders,1347,9331148,13457
2019-06-26,1,2678,11,BernieSanders,1348,9333826,13468
2019-06-27,0,5277,16,BernieSanders,1348,9339103,13484
2019-06-28,0,6760,64,BernieSanders,1348,9345863,13548
2019-06-29,0,5298,7,BernieSanders,1348,9351161,13555
2019-06-30,0,4524,14,BernieSanders,1348,9355685,13569
2019-07-01,0,3482,9,BernieSanders,1348,9359167,13578
2019-07-02,0,2739,6,BernieSanders,1348,9361906,13584
2019-07-03,0,2376,19,BernieSanders,1348,9364282,13603
2019-07-04,0,2017,11,BernieSanders,1348,9366299,13614
2019-07-05,0,1676,5,BernieSanders,1348,9367975,13619
2019-07-06,0,2103,17,BernieSanders,1348,9370078,13636
2019-07-07,0,1700,10,BernieSanders,1348,9371778,13646
2019-07-08,0,2082,5,BernieSanders,1348,9373860,13651
2019-07-09,0,1967,9,BernieSanders,1348,9375827,13660
2019-07-10,0,1551,12,BernieSanders,1348,9377378,13672
2019-07-11,0,2090,26,BernieSanders,1348,9379468,13698
2019-07-12,2,1351,26,BernieSanders,1350,9380819,13724
2019-07-13,1,1941,25,BernieSanders,1351,9382760,13749
2019-07-14,2,1383,12,BernieSanders,1353,9384143,13761
2019-07-15,0,3346,7,BernieSanders,1353,9387489,13768
2019-07-16,0,2894,34,BernieSanders,1353,9390383,13802
2019-07-17,0,3910,14,BernieSanders,1353,9394293,13816
2019-07-18,0,4211,32,BernieSanders,1353,9398504,13848
2019-07-19,0,3671,15,BernieSanders,1353,9402175,13863
2019-07-20,1,3066,13,BernieSanders,1354,9405241,13876
2019-07-21,0,3090,14,BernieSanders,1354,9408331,13890
2019-07-22,0,2897,6,BernieSanders,1354,9411228,13896
2019-07-23,0,2233,7,BernieSanders,1354,9413461,13903
2019-07-24,0,1419,11,BernieSanders,1354,9414880,13914
2019-07-25,1,2223,12,BernieSanders,1355,9417103,13926
2019-07-26,1,1674,24,BernieSanders,1356,9418777,13950
2019-07-27,2,1123,27,BernieSanders,1358,9419900,13977
2019-07-28,0,1579,6,BernieSanders,1358,9421479,13983
2019-07-29,2,1671,19,BernieSanders,1360,9423150,14002
2019-07-30,1,1880,12,BernieSanders,1361,9425030,14014
2019-07-31,0,6841,31,BernieSanders,1361,9431871,14045
2019-08-01,0,9494,9,BernieSanders,1361,9441365,14054
2019-08-02,1,4780,9,BernieSanders,1362,9446145,14063
2019-08-03,0,4499,10,BernieSanders,1362,9450644,14073
2019-08-04,1,5427,11,BernieSanders,1363,9456071,14084
2019-08-05,0,8251,10,BernieSanders,1363,9464322,14094
2019-08-06,0,5236,11,BernieSanders,1363,9469558,14105
2019-08-07,0,5030,14,BernieSanders,1363,9474588,14119
2019-08-08,0,7143,12,BernieSanders,1363,9481731,14131
2019-08-09,3,4770,22,BernieSanders,1366,9486501,14153
2019-08-10,0,3503,22,BernieSanders,1366,9490004,14175
2019-08-11,0,11507,11,BernieSanders,1366,9501511,14186
2019-08-12,0,20032,10,BernieSanders,1366,9521543,14196
2019-08-13,0,7003,29,BernieSanders,1366,9528546,14225
2019-08-14,0,3814,7,BernieSanders,1366,9532360,14232
2016-08-16,0,771,1,ewarren,297,679993,1590
2016-08-17,0,920,1,ewarren,297,680913,1591
2016-08-18,0,696,0,ewarren,297,681609,1591
2016-08-19,0,669,0,ewarren,297,682278,1591
2016-08-20,0,586,0,ewarren,297,682864,1591
2016-08-21,0,533,0,ewarren,297,683397,1591
2016-08-22,0,644,0,ewarren,297,684041,1591
2016-08-23,0,734,0,ewarren,297,684775,1591
2016-08-24,0,672,0,ewarren,297,685447,1591
2016-08-25,0,671,4,ewarren,297,686118,1595
2016-08-26,0,597,0,ewarren,297,686715,1595
2016-08-27,0,479,3,ewarren,297,687194,1598
2016-08-28,0,275,3,ewarren,297,687469,1601
2016-08-29,0,509,0,ewarren,297,687978,1601
2016-08-30,0,507,0,ewarren,297,688485,1601
2016-08-31,0,240,0,ewarren,297,688725,1601
2016-09-01,0,1307,0,ewarren,297,690032,1601
2016-09-02,0,657,0,ewarren,297,690689,1601
2016-09-03,0,610,0,ewarren,297,691299,1601
2016-09-04,0,471,0,ewarren,297,691770,1601
2016-09-05,0,464,1,ewarren,297,692234,1602
2016-09-06,0,435,0,ewarren,297,692669,1602
2016-09-07,0,552,0,ewarren,297,693221,1602
2016-09-08,0,779,0,ewarren,297,694000,1602
2016-09-09,0,711,2,ewarren,297,694711,1604
2016-09-10,0,573,1,ewarren,297,695284,1605
2016-09-11,0,658,0,ewarren,297,695942,1605
2016-09-12,0,551,1,ewarren,297,696493,1606
2016-09-13,0,869,0,ewarren,297,697362,1606
2016-09-14,0,796,0,ewarren,297,698158,1606
2016-09-15,0,631,0,ewarren,297,698789,1606
2016-09-16,0,1115,2,ewarren,297,699904,1608
2016-09-17,0,1546,2,ewarren,297,701450,1610
2016-09-18,0,1114,1,ewarren,297,702564,1611
2016-09-19,0,859,4,ewarren,297,703423,1615
2016-09-20,0,1297,0,ewarren,297,704720,1615
2016-09-21,0,1808,3,ewarren,297,706528,1618
2016-09-22,0,1067,0,ewarren,297,707595,1618
2016-09-23,0,824,0,ewarren,297,708419,1618
2016-09-24,0,734,3,ewarren,297,709153,1621
2016-09-25,0,818,0,ewarren,297,709971,1621
2016-09-26,0,1426,0,ewarren,297,711397,1621
2016-09-27,0,8151,5,ewarren,297,719548,1626
2016-09-28,0,2234,0,ewarren,297,721782,1626
2016-09-29,0,1324,0,ewarren,297,723106,1626
2016-09-30,0,2033,5,ewarren,297,725139,1631
2016-10-01,0,7493,0,ewarren,297,732632,1631
2016-10-02,0,2321,1,ewarren,297,734953,1632
2016-10-03,0,1322,0,ewarren,297,736275,1632
2016-10-04,0,2385,6,ewarren,297,738660,1638
2016-10-05,0,3833,0,ewarren,297,742493,1638
2016-10-06,0,1161,0,ewarren,297,743654,1638
2016-10-07,0,1090,4,ewarren,297,744744,1642
2016-10-08,0,4342,4,ewarren,297,749086,1646
2016-10-09,0,3533,0,ewarren,297,752619,1646
2016-10-10,0,10249,5,ewarren,297,762868,1651
2016-10-11,0,3042,1,ewarren,297,765910,1652
2016-10-12,0,2207,1,ewarren,297,768117,1653
2016-10-13,0,2196,0,ewarren,297,770313,1653
2016-10-14,0,1839,3,ewarren,297,772152,1656
2016-10-15,0,1195,0,ewarren,297,773347,1656
2016-10-16,0,1541,0,ewarren,297,774888,1656
2016-10-17,0,1824,1,ewarren,297,776712,1657
2016-10-18,0,1731,0,ewarren,297,778443,1657
2016-10-19,0,5233,9,ewarren,297,783676,1666
2016-10-20,0,9090,1,ewarren,297,792766,1667
2016-10-21,0,1864,0,ewarren,297,794630,1667
2016-10-22,0,1620,1,ewarren,297,796250,1668
2016-10-23,0,1307,1,ewarren,297,797557,1669
2016-10-24,0,2211,3,ewarren,297,799768,1672
2016-10-25,0,1772,0,ewarren,297,801540,1672
2016-10-26,0,1732,2,ewarren,297,803272,1674
2016-10-27,0,1217,0,ewarren,297,804489,1674
2016-10-28,0,1215,0,ewarren,297,805704,1674
2016-10-29,0,1034,0,ewarren,297,806738,1674
2016-10-30,0,1079,0,ewarren,297,807817,1674
2016-10-31,0,1066,0,ewarren,297,808883,1674
2016-11-01,0,1243,0,ewarren,297,810126,1674
2016-11-02,0,1194,1,ewarren,297,811320,1675
2016-11-03,0,1210,1,ewarren,297,812530,1676
2016-11-04,1,957,2,ewarren,298,813487,1678
2016-11-05,0,1133,2,ewarren,298,814620,1680
2016-11-06,0,1562,0,ewarren,298,816182,1680
2016-11-07,0,1777,1,ewarren,298,817959,1681
2016-11-08,0,4039,9,ewarren,298,821998,1690
2016-11-09,0,10445,0,ewarren,298,832443,1690
2016-11-10,0,8436,1,ewarren,298,840879,1691
2016-11-11,0,12407,2,ewarren,298,853286,1693
2016-11-12,0,5427,0,ewarren,298,858713,1693
2016-11-13,0,5145,0,ewarren,298,863858,1693
2016-11-14,0,4236,0,ewarren,298,868094,1693
2016-11-15,0,4291,0,ewarren,298,872385,1693
2016-11-16,0,4324,0,ewarren,298,876709,1693
2016-11-17,0,3195,0,ewarren,298,879904,1693
2016-11-18,0,2594,0,ewarren,298,882498,1693
2016-11-19,0,3631,0,ewarren,298,886129,1693
2016-11-20,0,3751,0,ewarren,298,889880,1693
2016-11-21,0,2967,0,ewarren,298,892847,1693
2016-11-22,0,2677,0,ewarren,298,895524,1693
2016-11-23,0,2140,0,ewarren,298,897664,1693
2016-11-24,0,1621,0,ewarren,298,899285,1693
2016-11-25,0,1548,0,ewarren,298,900833,1693
2016-11-26,0,1620,0,ewarren,298,902453,1693
2016-11-27,0,2275,0,ewarren,298,904728,1693
2016-11-28,0,2170,0,ewarren,298,906898,1693
2016-11-29,0,2458,0,ewarren,298,909356,1693
2016-11-30,0,2100,0,ewarren,298,911456,1693
2016-12-01,0,1630,0,ewarren,298,913086,1693
2016-12-02,0,2232,0,ewarren,298,915318,1693
2016-12-03,0,1835,0,ewarren,298,917153,1693
2016-12-04,0,2470,0,ewarren,298,919623,1693
2016-12-05,0,1501,0,ewarren,298,921124,1693
2016-12-06,0,2050,1,ewarren,298,923174,1694
2016-12-07,0,1445,0,ewarren,298,924619,1694
2016-12-08,0,1082,0,ewarren,298,925701,1694
2016-12-09,0,1681,1,ewarren,298,927382,1695
2016-12-10,0,1314,0,ewarren,298,928696,1695
2016-12-11,0,1317,0,ewarren,298,930013,1695
2016-12-12,0,1143,0,ewarren,298,931156,1695
2016-12-13,0,1289,0,ewarren,298,932445,1695
2016-12-14,0,852,0,ewarren,298,933297,1695
2016-12-15,0,1383,0,ewarren,298,934680,1695
2016-12-16,0,1110,0,ewarren,298,935790,1695
2016-12-17,0,1165,0,ewarren,298,936955,1695
2016-12-18,0,1122,0,ewarren,298,938077,1695
2016-12-19,0,1295,0,ewarren,298,939372,1695
2016-12-20,0,1136,0,ewarren,298,940508,1695
2016-12-21,0,967,2,ewarren,298,941475,1697
2016-12-22,0,1007,0,ewarren,298,942482,1697
2016-12-23,0,1343,0,ewarren,298,943825,1697
2016-12-24,0,867,1,ewarren,298,944692,1698
2016-12-25,0,880,0,ewarren,298,945572,1698
2016-12-26,0,1029,0,ewarren,298,946601,1698
2016-12-27,0,1260,0,ewarren,298,947861,1698
2016-12-28,0,1678,0,ewarren,298,949539,1698
2016-12-29,0,1095,0,ewarren,298,950634,1698
2016-12-30,0,1206,0,ewarren,298,951840,1698
2016-12-31,0,1420,0,ewarren,298,953260,1698
2017-01-01,0,591,0,ewarren,298,953851,1698
2017-01-02,0,2130,0,ewarren,298,955981,1698
2017-01-03,0,2862,0,ewarren,298,958843,1698
2017-01-04,0,1085,0,ewarren,298,959928,1698
2017-01-05,0,3773,0,ewarren,298,963701,1698
2017-01-06,0,2615,0,ewarren,298,966316,1698
2017-01-07,0,2368,0,ewarren,298,968684,1698
2017-01-08,0,2381,0,ewarren,298,971065,1698
2017-01-09,0,2437,0,ewarren,298,973502,1698
2017-01-10,0,3913,0,ewarren,298,977415,1698
2017-01-11,0,6335,1,ewarren,298,983750,1699
2017-01-12,0,1298,0,ewarren,298,985048,1699
2017-01-13,0,5541,0,ewarren,298,990589,1699
2017-01-14,0,1718,0,ewarren,298,992307,1699
2017-01-15,0,5315,3,ewarren,298,997622,1702
2017-01-16,0,2632,0,ewarren,298,1000254,1702
2017-01-17,0,3271,0,ewarren,298,1003525,1702
2017-01-18,0,5949,0,ewarren,298,1009474,1702
2017-01-19,0,5401,-1,ewarren,298,1014875,1701
2017-01-20,0,10910,1,ewarren,298,1025785,1702
2017-01-21,1,18798,1,ewarren,299,1044583,1703
2017-01-22,0,12718,0,ewarren,299,1057301,1703
2017-01-23,0,13073,1,ewarren,299,1070374,1704
2017-01-24,0,9220,0,ewarren,299,1079594,1704
2017-01-25,0,10515,0,ewarren,299,1090109,1704
2017-01-26,0,12414,0,ewarren,299,1102523,1704
2017-01-27,0,9935,0,ewarren,299,1112458,1704
2017-01-28,0,7386,0,ewarren,299,1119844,1704
2017-01-29,0,16625,0,ewarren,299,1136469,1704
2017-01-30,0,15152,0,ewarren,299,1151621,1704
2017-01-31,0,12243,0,ewarren,299,1163864,1704
2017-02-01,0,8332,0,ewarren,299,1172196,1704
2017-02-02,0,7197,0,ewarren,299,1179393,1704
2017-02-03,0,6039,0,ewarren,299,1185432,1704
2017-02-04,0,6448,0,ewarren,299,1191880,1704
2017-02-05,0,6700,3,ewarren,299,1198580,1707
2017-02-06,0,5877,1,ewarren,299,1204457,1708
2017-02-07,0,5720,0,ewarren,299,1210177,1708
2017-02-08,0,17946,0,ewarren,299,1228123,1708
2017-02-09,0,22011,1,ewarren,299,1250134,1709
2017-02-10,0,14659,0,ewarren,299,1264793,1709
2017-02-11,0,7272,0,ewarren,299,1272065,1709
2017-02-12,0,6375,0,ewarren,299,1278440,1709
2017-02-13,0,7197,0,ewarren,299,1285637,1709
2017-02-14,0,3830,0,ewarren,299,1289467,1709
2017-02-15,0,5608,0,ewarren,299,1295075,1709
2017-02-16,0,4180,0,ewarren,299,1299255,1709
2017-02-17,0,3915,1,ewarren,299,1303170,1710
2017-02-18,0,3067,0,ewarren,299,1306237,1710
2017-02-19,0,2821,0,ewarren,299,1309058,1710
2017-02-20,0,2901,0,ewarren,299,1311959,1710
2017-02-21,0,2721,0,ewarren,299,1314680,1710
2017-02-22,0,2345,0,ewarren,299,1317025,1710
2017-02-23,0,2348,0,ewarren,299,1319373,1710
2017-02-24,0,2364,0,ewarren,299,1321737,1710
2017-02-25,0,2454,0,ewarren,299,1324191,1710
2017-02-26,0,6231,0,ewarren,299,1330422,1710
2017-02-27,0,3317,0,ewarren,299,1333739,1710
2017-02-28,0,2595,0,ewarren,299,1336334,1710
2017-03-01,0,3710,0,ewarren,299,1340044,1710
2017-03-02,0,2872,0,ewarren,299,1342916,1710
2017-03-03,0,2888,0,ewarren,299,1345804,1710
2017-03-04,0,2952,0,ewarren,299,1348756,1710
2017-03-05,0,2974,0,ewarren,299,1351730,1710
2017-03-06,0,2460,0,ewarren,299,1354190,1710
2017-03-07,0,2311,0,ewarren,299,1356501,1710
2017-03-08,0,2284,0,ewarren,299,1358785,1710
2017-03-09,0,2580,0,ewarren,299,1361365,1710
2017-03-10,0,2116,0,ewarren,299,1363481,1710
2017-03-11,0,1765,0,ewarren,299,1365246,1710
2017-03-12,0,1592,0,ewarren,299,1366838,1710
2017-03-13,0,1837,0,ewarren,299,1368675,1710
2017-03-14,0,2079,0,ewarren,299,1370754,1710
2017-03-15,0,2332,0,ewarren,299,1373086,1710
2017-03-16,0,2059,3,ewarren,299,1375145,1713
2017-03-17,0,2288,0,ewarren,299,1377433,1713
2017-03-18,0,1985,0,ewarren,299,1379418,1713
2017-03-19,0,1892,0,ewarren,299,1381310,1713
2017-03-20,0,1886,0,ewarren,299,1383196,1713
2017-03-21,0,2381,0,ewarren,299,1385577,1713
2017-03-22,0,1861,2,ewarren,299,1387438,1715
2017-03-23,0,1459,1,ewarren,299,1388897,1716
2017-03-24,0,2119,1,ewarren,299,1391016,1717
2017-03-25,0,3576,0,ewarren,299,1394592,1717
2017-03-26,0,2058,0,ewarren,299,1396650,1717
2017-03-27,0,1547,0,ewarren,299,1398197,1717
2017-03-28,0,1582,0,ewarren,299,1399779,1717
2017-03-29,0,1808,0,ewarren,299,1401587,1717
2017-03-30,0,1793,0,ewarren,299,1403380,1717
2017-03-31,0,1335,0,ewarren,299,1404715,1717
2017-04-01,0,1493,3,ewarren,299,1406208,1720
2017-04-02,0,1325,0,ewarren,299,1407533,1720
2017-04-03,0,1199,0,ewarren,299,1408732,1720
2017-04-04,0,1272,0,ewarren,299,1410004,1720
2017-04-05,0,1377,0,ewarren,299,1411381,1720
2017-04-06,0,956,0,ewarren,299,1412337,1720
2017-04-07,0,1558,0,ewarren,299,1413895,1720
2017-04-08,0,1122,0,ewarren,299,1415017,1720
2017-04-09,0,923,0,ewarren,299,1415940,1720
2017-04-10,0,761,0,ewarren,299,1416701,1720
2017-04-11,0,932,0,ewarren,299,1417633,1720
2017-04-12,0,921,4,ewarren,299,1418554,1724
2017-04-13,0,542,0,ewarren,299,1419096,1724
2017-04-14,0,541,0,ewarren,299,1419637,1724
2017-04-15,0,888,3,ewarren,299,1420525,1727
2017-04-16,0,848,0,ewarren,299,1421373,1727
2017-04-17,0,867,1,ewarren,299,1422240,1728
2017-04-18,0,775,8,ewarren,299,1423015,1736
2017-04-19,0,1620,5,ewarren,299,1424635,1741
2017-04-20,0,1534,2,ewarren,299,1426169,1743
2017-04-21,0,592,2,ewarren,299,1426761,1745
2017-04-22,0,1114,1,ewarren,299,1427875,1746
2017-04-23,0,1057,5,ewarren,299,1428932,1751
2017-04-24,0,928,1,ewarren,299,1429860,1752
2017-04-25,0,937,2,ewarren,299,1430797,1754
2017-04-26,0,854,0,ewarren,299,1431651,1754
2017-04-27,0,698,0,ewarren,299,1432349,1754
2017-04-28,0,849,7,ewarren,299,1433198,1761
2017-04-29,0,1226,3,ewarren,299,1434424,1764
2017-04-30,0,788,0,ewarren,299,1435212,1764
2017-05-01,0,1168,0,ewarren,299,1436380,1764
2017-05-02,0,1243,0,ewarren,299,1437623,1764
2017-05-03,0,1469,0,ewarren,299,1439092,1764
2017-05-04,0,1719,0,ewarren,299,1440811,1764
2017-05-05,0,3248,0,ewarren,299,1444059,1764
2017-05-06,0,1966,0,ewarren,299,1446025,1764
2017-05-07,0,1668,0,ewarren,299,1447693,1764
2017-05-08,0,2195,1,ewarren,299,1449888,1765
2017-05-09,0,1821,0,ewarren,299,1451709,1765
2017-05-10,0,3273,0,ewarren,299,1454982,1765
2017-05-11,0,2522,0,ewarren,299,1457504,1765
2017-05-12,0,2373,0,ewarren,299,1459877,1765
2017-05-13,0,2082,0,ewarren,299,1461959,1765
2017-05-14,0,1771,0,ewarren,299,1463730,1765
2017-05-15,0,1821,0,ewarren,299,1465551,1765
2017-05-16,0,2385,1,ewarren,299,1467936,1766
2017-05-17,0,2643,0,ewarren,299,1470579,1766
2017-05-18,0,2304,2,ewarren,299,1472883,1768
2017-05-19,0,3235,0,ewarren,299,1476118,1768
2017-05-20,0,569,0,ewarren,299,1476687,1768
2017-05-21,0,822,0,ewarren,299,1477509,1768
2017-05-22,0,575,0,ewarren,299,1478084,1768
2017-05-23,0,915,0,ewarren,299,1478999,1768
2017-05-24,0,1485,0,ewarren,299,1480484,1768
2017-05-25,0,1642,1,ewarren,299,1482126,1769
2017-05-26,0,1840,0,ewarren,299,1483966,1769
2017-05-27,0,1203,1,ewarren,299,1485169,1770
2017-05-28,0,1250,0,ewarren,299,1486419,1770
2017-05-29,0,1531,2,ewarren,299,1487950,1772
2017-05-30,0,1611,0,ewarren,299,1489561,1772
2017-05-31,0,2273,1,ewarren,299,1491834,1773
2017-06-01,0,2442,2,ewarren,299,1494276,1775
2017-06-02,0,2838,2,ewarren,299,1497114,1777
2017-06-03,0,1669,1,ewarren,299,1498783,1778
2017-06-04,0,1673,2,ewarren,299,1500456,1780
2017-06-05,0,1673,0,ewarren,299,1502129,1780
2017-06-06,0,1489,0,ewarren,299,1503618,1780
2017-06-07,0,1456,0,ewarren,299,1505074,1780
2017-06-08,0,2294,0,ewarren,299,1507368,1780
2017-06-09,0,2639,0,ewarren,299,1510007,1780
2017-06-10,0,1468,0,ewarren,299,1511475,1780
2017-06-11,0,1396,6,ewarren,299,1512871,1786
2017-06-12,0,1643,0,ewarren,299,1514514,1786
2017-06-13,0,1872,0,ewarren,299,1516386,1786
2017-06-14,0,4304,2,ewarren,299,1520690,1788
2017-06-15,0,2752,0,ewarren,299,1523442,1788
2017-06-16,0,1264,1,ewarren,299,1524706,1789
2017-06-17,0,2497,0,ewarren,299,1527203,1789
2017-06-18,0,2197,0,ewarren,299,1529400,1789
2017-06-19,0,2078,0,ewarren,299,1531478,1789
2017-06-20,0,2603,0,ewarren,299,1534081,1789
2017-06-21,0,2706,1,ewarren,299,1536787,1790
2017-06-22,0,2313,0,ewarren,299,1539100,1790
2017-06-23,0,3447,1,ewarren,299,1542547,1791
2017-06-24,0,2789,0,ewarren,299,1545336,1791
2017-06-25,0,2703,0,ewarren,299,1548039,1791
2017-06-26,0,2683,0,ewarren,299,1550722,1791
2017-06-27,0,2793,0,ewarren,299,1553515,1791
2017-06-28,0,2850,0,ewarren,299,1556365,1791
2017-06-29,0,2654,0,ewarren,299,1559019,1791
2017-06-30,0,3284,1,ewarren,299,1562303,1792
2017-07-01,0,2253,0,ewarren,299,1564556,1792
2017-07-02,0,1990,0,ewarren,299,1566546,1792
2017-07-03,0,2250,0,ewarren,299,1568796,1792
2017-07-04,0,2154,0,ewarren,299,1570950,1792
2017-07-05,0,2269,0,ewarren,299,1573219,1792
2017-07-06,0,3662,0,ewarren,299,1576881,1792
2017-07-07,0,3489,0,ewarren,299,1580370,1792
2017-07-08,0,3452,1,ewarren,299,1583822,1793
2017-07-09,0,2589,2,ewarren,299,1586411,1795
2017-07-10,0,2442,0,ewarren,299,1588853,1795
2017-07-11,0,2964,0,ewarren,299,1591817,1795
2017-07-12,0,3000,-1,ewarren,299,1594817,1794
2017-07-13,0,3459,2,ewarren,299,1598276,1796
2017-07-14,0,2527,0,ewarren,299,1600803,1796
2017-07-15,0,2174,0,ewarren,299,1602977,1796
2017-07-16,0,1849,0,ewarren,299,1604826,1796
2017-07-17,0,1907,0,ewarren,299,1606733,1796
2017-07-18,0,2120,0,ewarren,299,1608853,1796
2017-07-19,0,2177,0,ewarren,299,1611030,1796
2017-07-20,0,2038,0,ewarren,299,1613068,1796
2017-07-21,0,1575,1,ewarren,299,1614643,1797
2017-07-22,0,1384,0,ewarren,299,1616027,1797
2017-07-23,0,1192,0,ewarren,299,1617219,1797
2017-07-24,0,1138,1,ewarren,299,1618357,1798
2017-07-25,0,1415,0,ewarren,299,1619772,1798
2017-07-26,0,2146,1,ewarren,299,1621918,1799
2017-07-27,0,2651,0,ewarren,299,1624569,1799
2017-07-28,0,3313,0,ewarren,299,1627882,1799
2017-07-29,0,2234,0,ewarren,299,1630116,1799
2017-07-30,0,1785,0,ewarren,299,1631901,1799
2017-07-31,0,1578,0,ewarren,299,1633479,1799
2017-08-01,0,1600,0,ewarren,299,1635079,1799
2017-08-02,0,1616,0,ewarren,299,1636695,1799
2017-08-03,0,1266,0,ewarren,299,1637961,1799
2017-08-04,0,1258,0,ewarren,299,1639219,1799
2017-08-05,0,1172,0,ewarren,299,1640391,1799
2017-08-06,0,925,0,ewarren,299,1641316,1799
2017-08-07,0,930,0,ewarren,299,1642246,1799
2017-08-08,0,1196,8,ewarren,299,1643442,1807
2017-08-09,0,1872,0,ewarren,299,1645314,1807
2017-08-10,0,2070,0,ewarren,299,1647384,1807
2017-08-11,0,2621,0,ewarren,299,1650005,1807
2017-08-12,0,2300,1,ewarren,299,1652305,1808
2017-08-13,0,4690,0,ewarren,299,1656995,1808
2017-08-14,0,3957,0,ewarren,299,1660952,1808
2017-08-15,0,3279,0,ewarren,299,1664231,1808
2017-08-16,0,7174,3,ewarren,299,1671405,1811
2017-08-17,0,6007,0,ewarren,299,1677412,1811
2017-08-18,0,4689,0,ewarren,299,1682101,1811
2017-08-19,0,4066,0,ewarren,299,1686167,1811
2017-08-20,0,3438,0,ewarren,299,1689605,1811
2017-08-21,0,3355,0,ewarren,299,1692960,1811
2017-08-22,0,3122,0,ewarren,299,1696082,1811
2017-08-23,0,3480,0,ewarren,299,1699562,1811
2017-08-24,0,3277,0,ewarren,299,1702839,1811
2017-08-25,0,3844,0,ewarren,299,1706683,1811
2017-08-26,0,3239,0,ewarren,299,1709922,1811
2017-08-27,0,2943,0,ewarren,299,1712865,1811
2017-08-28,0,2489,0,ewarren,299,1715354,1811
2017-08-29,0,2210,2,ewarren,299,1717564,1813
2017-08-30,0,2299,0,ewarren,299,1719863,1813
2017-08-31,0,3006,0,ewarren,299,1722869,1813
2017-09-01,0,1632,0,ewarren,299,1724501,1813
2017-09-02,0,1014,0,ewarren,299,1725515,1813
2017-09-03,0,793,0,ewarren,299,1726308,1813
2017-09-04,0,988,0,ewarren,299,1727296,1813
2017-09-05,0,962,0,ewarren,299,1728258,1813
2017-09-06,0,1446,0,ewarren,299,1729704,1813
2017-09-07,0,1256,5,ewarren,299,1730960,1818
2017-09-08,0,1074,0,ewarren,299,1732034,1818
2017-09-09,0,874,0,ewarren,299,1732908,1818
2017-09-10,0,710,0,ewarren,299,1733618,1818
2017-09-11,0,1190,0,ewarren,299,1734808,1818
2017-09-12,0,2176,0,ewarren,299,1736984,1818
2017-09-13,0,1749,0,ewarren,299,1738733,1818
2017-09-14,0,2058,0,ewarren,299,1740791,1818
2017-09-15,0,2136,0,ewarren,299,1742927,1818
2017-09-16,0,2263,0,ewarren,299,1745190,1818
2017-09-17,0,2195,0,ewarren,299,1747385,1818
2017-09-18,0,1876,0,ewarren,299,1749261,1818
2017-09-19,0,1696,0,ewarren,299,1750957,1818
2017-09-20,0,1464,1,ewarren,299,1752421,1819
2017-09-21,2,2316,0,ewarren,301,1754737,1819
2017-09-22,0,1566,0,ewarren,301,1756303,1819
2017-09-23,0,1382,0,ewarren,301,1757685,1819
2017-09-24,0,1690,0,ewarren,301,1759375,1819
2017-09-25,0,1385,0,ewarren,301,1760760,1819
2017-09-26,0,1470,0,ewarren,301,1762230,1819
2017-09-27,0,1430,0,ewarren,301,1763660,1819
2017-09-28,0,1339,0,ewarren,301,1764999,1819
2017-09-29,0,862,0,ewarren,301,1765861,1819
2017-09-30,0,893,0,ewarren,301,1766754,1819
2017-10-01,0,1268,0,ewarren,301,1768022,1819
2017-10-02,0,1383,0,ewarren,301,1769405,1819
2017-10-03,0,1410,0,ewarren,301,1770815,1819
2017-10-04,0,1090,1,ewarren,301,1771905,1820
2017-10-05,0,131,0,ewarren,301,1772036,1820
2017-10-06,0,727,0,ewarren,301,1772763,1820
2017-10-07,0,847,0,ewarren,301,1773610,1820
2017-10-08,0,804,0,ewarren,301,1774414,1820
2017-10-09,0,985,0,ewarren,301,1775399,1820
2017-10-10,0,994,0,ewarren,301,1776393,1820
2017-10-11,0,887,0,ewarren,301,1777280,1820
2017-10-12,0,993,0,ewarren,301,1778273,1820
2017-10-13,0,784,0,ewarren,301,1779057,1820
2017-10-14,0,781,0,ewarren,301,1779838,1820
2017-10-15,0,642,0,ewarren,301,1780480,1820
2017-10-16,0,690,0,ewarren,301,1781170,1820
2017-10-17,0,817,0,ewarren,301,1781987,1820
2017-10-18,0,759,-1,ewarren,301,1782746,1819
2017-10-19,0,1174,0,ewarren,301,1783920,1819
2017-10-20,0,1192,0,ewarren,301,1785112,1819
2017-10-21,0,1141,0,ewarren,301,1786253,1819
2017-10-22,0,1043,0,ewarren,301,1787296,1819
2017-10-23,0,1002,0,ewarren,301,1788298,1819
2017-10-24,0,1311,0,ewarren,301,1789609,1819
2017-10-25,0,1911,0,ewarren,301,1791520,1819
2017-10-26,0,-1139,0,ewarren,301,1790381,1819
2017-10-27,0,622,0,ewarren,301,1791003,1819
2017-10-28,0,502,0,ewarren,301,1791505,1819
2017-10-29,0,569,0,ewarren,301,1792074,1819
2017-10-30,0,848,0,ewarren,301,1792922,1819
2017-10-31,0,1673,0,ewarren,301,1794595,1819
2017-11-01,0,1061,1,ewarren,301,1795656,1820
2017-11-02,0,2802,0,ewarren,301,1798458,1820
2017-11-03,0,211,0,ewarren,301,1798669,1820
2017-11-04,0,4192,4,ewarren,301,1802861,1824
2017-11-05,0,1449,0,ewarren,301,1804310,1824
2017-11-06,0,2395,0,ewarren,301,1806705,1824
2017-11-07,0,2739,2,ewarren,301,1809444,1826
2017-11-08,0,2879,2,ewarren,301,1812323,1828
2017-11-09,0,2282,0,ewarren,301,1814605,1828
2017-11-10,0,797,0,ewarren,301,1815402,1828
2017-11-11,0,1354,0,ewarren,301,1816756,1828
2017-11-12,0,1548,0,ewarren,301,1818304,1828
2017-11-13,0,1478,1,ewarren,301,1819782,1829
2017-11-14,0,1629,0,ewarren,301,1821411,1829
2017-11-15,0,1560,1,ewarren,301,1822971,1830
2017-11-16,0,2205,0,ewarren,301,1825176,1830
2017-11-17,0,1707,0,ewarren,301,1826883,1830
2017-11-18,0,1511,0,ewarren,301,1828394,1830
2017-11-19,0,1499,0,ewarren,301,1829893,1830
2017-11-20,0,1717,0,ewarren,301,1831610,1830
2017-11-21,0,2092,4,ewarren,301,1833702,1834
2017-11-22,0,2389,0,ewarren,301,1836091,1834
2017-11-23,0,1641,0,ewarren,301,1837732,1834
2017-11-24,0,1348,0,ewarren,301,1839080,1834
2017-11-25,0,1813,0,ewarren,301,1840893,1834
2017-11-26,0,1511,0,ewarren,301,1842404,1834
2017-11-27,0,1631,0,ewarren,301,1844035,1834
2017-11-28,0,2787,0,ewarren,301,1846822,1834
2017-11-29,0,2693,0,ewarren,301,1849515,1834
2017-11-30,0,2117,1,ewarren,301,1851632,1835
2017-12-01,0,1828,0,ewarren,301,1853460,1835
2017-12-02,0,3405,0,ewarren,301,1856865,1835
2017-12-03,0,4121,0,ewarren,301,1860986,1835
2017-12-04,0,2077,0,ewarren,301,1863063,1835
2017-12-05,0,1934,0,ewarren,301,1864997,1835
2017-12-06,0,2053,0,ewarren,301,1867050,1835
2017-12-07,0,1604,0,ewarren,301,1868654,1835
2017-12-08,0,1355,0,ewarren,301,1870009,1835
2017-12-09,0,678,0,ewarren,301,1870687,1835
2017-12-10,0,1205,0,ewarren,301,1871892,1835
2017-12-11,0,849,0,ewarren,301,1872741,1835
2017-12-12,0,929,0,ewarren,301,1873670,1835
2017-12-13,0,4621,5,ewarren,301,1878291,1840
2017-12-14,0,3641,0,ewarren,301,1881932,1840
2017-12-15,0,708,0,ewarren,301,1882640,1840
2017-12-16,0,1904,2,ewarren,301,1884544,1842
2017-12-17,0,518,0,ewarren,301,1885062,1842
2017-12-18,0,1155,0,ewarren,301,1886217,1842
2017-12-19,0,1263,0,ewarren,301,1887480,1842
2017-12-20,0,1451,0,ewarren,301,1888931,1842
2017-12-21,0,1736,0,ewarren,301,1890667,1842
2017-12-22,0,2002,0,ewarren,301,1892669,1842
2017-12-23,0,1690,0,ewarren,301,1894359,1842
2017-12-24,0,1546,0,ewarren,301,1895905,1842
2017-12-25,0,1437,0,ewarren,301,1897342,1842
2017-12-26,0,1676,0,ewarren,301,1899018,1842
2017-12-27,0,1967,0,ewarren,301,1900985,1842
2017-12-28,0,2844,0,ewarren,301,1903829,1842
2017-12-29,0,2996,2,ewarren,301,1906825,1844
2017-12-30,0,2194,0,ewarren,301,1909019,1844
2017-12-31,0,1676,2,ewarren,301,1910695,1846
2018-01-01,0,1484,0,ewarren,301,1912179,1846
2018-01-02,0,1679,1,ewarren,301,1913858,1847
2018-01-03,0,2497,0,ewarren,301,1916355,1847
2018-01-04,0,3145,0,ewarren,301,1919500,1847
2018-01-05,0,3529,0,ewarren,301,1923029,1847
2018-01-06,0,2101,0,ewarren,301,1925130,1847
2018-01-07,0,1965,1,ewarren,301,1927095,1848
2018-01-08,0,2181,0,ewarren,301,1929276,1848
2018-01-09,0,2141,0,ewarren,301,1931417,1848
2018-01-10,0,2307,0,ewarren,301,1933724,1848
2018-01-11,0,2450,0,ewarren,301,1936174,1848
2018-01-12,0,3259,0,ewarren,301,1939433,1848
2018-01-13,0,2225,0,ewarren,301,1941658,1848
2018-01-14,0,1837,0,ewarren,301,1943495,1848
2018-01-15,0,1467,0,ewarren,301,1944962,1848
2018-01-16,0,1531,1,ewarren,301,1946493,1849
2018-01-17,0,1291,0,ewarren,301,1947784,1849
2018-01-18,0,888,0,ewarren,301,1948672,1849
2018-01-19,0,1459,0,ewarren,301,1950131,1849
2018-01-20,0,-728,0,ewarren,301,1949403,1849
2018-01-21,0,705,0,ewarren,301,1950108,1849
2018-01-22,0,346,1,ewarren,301,1950454,1850
2018-01-23,0,-74,0,ewarren,301,1950380,1850
2018-01-24,0,181,0,ewarren,301,1950561,1850
2018-01-25,0,283,0,ewarren,301,1950844,1850
2018-01-26,0,345,0,ewarren,301,1951189,1850
2018-01-27,0,138,0,ewarren,301,1951327,1850
2018-01-28,0,-14,0,ewarren,301,1951313,1850
2018-01-29,0,-172,1,ewarren,301,1951141,1851
2018-01-30,0,67,0,ewarren,301,1951208,1851
2018-01-31,0,1929,9,ewarren,301,1953137,1860
2018-02-01,0,1442,3,ewarren,301,1954579,1863
2018-02-02,0,1279,0,ewarren,301,1955858,1863
2018-02-03,0,1015,0,ewarren,301,1956873,1863
2018-02-04,0,1503,0,ewarren,301,1958376,1863
2018-02-05,0,1557,1,ewarren,301,1959933,1864
2018-02-06,0,1471,1,ewarren,301,1961404,1865
2018-02-07,0,1441,1,ewarren,301,1962845,1866
2018-02-08,0,1358,0,ewarren,301,1964203,1866
2018-02-09,0,1773,0,ewarren,301,1965976,1866
2018-02-10,0,1672,0,ewarren,301,1967648,1866
2018-02-11,0,1933,1,ewarren,301,1969581,1867
2018-02-12,0,1972,0,ewarren,301,1971553,1867
2018-02-13,0,1481,1,ewarren,301,1973034,1868
2018-02-14,0,1828,5,ewarren,301,1974862,1873
2018-02-15,0,2775,1,ewarren,301,1977637,1874
2018-02-16,0,1816,0,ewarren,301,1979453,1874
2018-02-17,0,939,2,ewarren,301,1980392,1876
2018-02-18,0,983,0,ewarren,301,1981375,1876
2018-02-19,0,1016,0,ewarren,301,1982391,1876
2018-02-20,0,1209,0,ewarren,301,1983600,1876
2018-02-21,0,1073,0,ewarren,301,1984673,1876
2018-02-22,0,1496,1,ewarren,301,1986169,1877
2018-02-23,0,1396,7,ewarren,301,1987565,1884
2018-02-24,0,1221,0,ewarren,301,1988786,1884
2018-02-25,0,1786,0,ewarren,301,1990572,1884
2018-02-26,-1,1902,1,ewarren,300,1992474,1885
2018-02-27,0,1947,0,ewarren,300,1994421,1885
2018-02-28,0,1622,0,ewarren,300,1996043,1885
2018-03-01,0,2090,0,ewarren,300,1998133,1885
2018-03-02,0,2057,2,ewarren,300,2000190,1887
2018-03-03,0,1589,4,ewarren,300,2001779,1891
2018-03-04,0,2223,0,ewarren,300,2004002,1891
2018-03-05,0,1500,0,ewarren,300,2005502,1891
2018-03-06,0,1347,0,ewarren,300,2006849,1891
2018-03-07,0,1555,1,ewarren,300,2008404,1892
2018-03-08,0,1142,3,ewarren,300,2009546,1895
2018-03-09,0,836,0,ewarren,300,2010382,1895
2018-03-10,0,673,1,ewarren,300,2011055,1896
2018-03-11,0,820,4,ewarren,300,2011875,1900
2018-03-12,0,775,5,ewarren,300,2012650,1905
2018-03-13,0,1186,2,ewarren,300,2013836,1907
2018-03-14,0,1084,1,ewarren,300,2014920,1908
2018-03-15,0,309,1,ewarren,300,2015229,1909
2018-03-16,0,122,0,ewarren,300,2015351,1909
2018-03-17,0,579,0,ewarren,300,2015930,1909
2018-03-18,0,653,0,ewarren,300,2016583,1909
2018-03-19,0,517,1,ewarren,300,2017100,1910
2018-03-20,0,601,0,ewarren,300,2017701,1910
2018-03-21,0,766,0,ewarren,300,2018467,1910
2018-03-22,0,1082,0,ewarren,300,2019549,1910
2018-03-23,0,1499,0,ewarren,300,2021048,1910
2018-03-24,0,986,11,ewarren,300,2022034,1921
2018-03-25,0,1029,4,ewarren,300,2023063,1925
2018-03-26,0,1052,1,ewarren,300,2024115,1926
2018-03-27,0,957,0,ewarren,300,2025072,1926
2018-03-28,0,364,0,ewarren,300,2025436,1926
2018-03-29,0,1033,0,ewarren,300,2026469,1926
2018-03-30,0,1379,0,ewarren,300,2027848,1926
2018-03-31,0,1095,0,ewarren,300,2028943,1926
2018-04-01,0,767,0,ewarren,300,2029710,1926
2018-04-02,0,766,-1,ewarren,300,2030476,1925
2018-04-03,0,374,5,ewarren,300,2030850,1930
2018-04-04,0,26,0,ewarren,300,2030876,1930
2018-04-05,0,414,6,ewarren,300,2031290,1936
2018-04-06,0,445,1,ewarren,300,2031735,1937
2018-04-07,-1,831,0,ewarren,299,2032566,1937
2018-04-08,0,781,1,ewarren,299,2033347,1938
2018-04-09,0,754,0,ewarren,299,2034101,1938
2018-04-10,0,963,0,ewarren,299,2035064,1938
2018-04-11,0,797,0,ewarren,299,2035861,1938
2018-04-12,0,675,0,ewarren,299,2036536,1938
2018-04-13,0,76,3,ewarren,299,2036612,1941
2018-04-14,1,379,4,ewarren,300,2036991,1945
2018-04-15,0,404,1,ewarren,300,2037395,1946
2018-04-16,0,382,2,ewarren,300,2037777,1948
2018-04-17,0,395,0,ewarren,300,2038172,1948
2018-04-18,0,-28,0,ewarren,300,2038144,1948
2018-04-19,0,239,0,ewarren,300,2038383,1948
2018-04-20,0,167,2,ewarren,300,2038550,1950
2018-04-21,0,34,1,ewarren,300,2038584,1951
2018-04-22,0,-51,11,ewarren,300,2038533,1962
2018-04-23,0,44,0,ewarren,300,2038577,1962
2018-04-24,0,542,0,ewarren,300,2039119,1962
2018-04-25,0,156,0,ewarren,300,2039275,1962
2018-04-26,0,-23,1,ewarren,300,2039252,1963
2018-04-27,0,-46,0,ewarren,300,2039206,1963
2018-04-28,0,77,0,ewarren,300,2039283,1963
2018-04-29,0,-53,1,ewarren,300,2039230,1964
2018-04-30,0,-114,1,ewarren,300,2039116,1965
2018-05-01,0,223,1,ewarren,300,2039339,1966
2018-05-02,0,-135,3,ewarren,300,2039204,1969
2018-05-03,0,187,1,ewarren,300,2039391,1970
2018-05-04,0,-286,0,ewarren,300,2039105,1970
2018-05-05,0,-199,0,ewarren,300,2038906,1970
2018-05-06,0,-18,0,ewarren,300,2038888,1970
2018-05-07,0,9,0,ewarren,300,2038897,1970
2018-05-08,0,155,0,ewarren,300,2039052,1970
2018-05-09,0,202,1,ewarren,300,2039254,1971
2018-05-10,0,161,3,ewarren,300,2039415,1974
2018-05-11,0,473,0,ewarren,300,2039888,1974
2018-05-12,0,322,0,ewarren,300,2040210,1974
2018-05-13,0,553,0,ewarren,300,2040763,1974
2018-05-14,0,551,0,ewarren,300,2041314,1974
2018-05-15,0,331,2,ewarren,300,2041645,1976
2018-05-16,0,396,7,ewarren,300,2042041,1983
2018-05-17,0,215,0,ewarren,300,2042256,1983
2018-05-18,0,96,0,ewarren,300,2042352,1983
2018-05-19,0,329,0,ewarren,300,2042681,1983
2018-05-20,0,164,1,ewarren,300,2042845,1984
2018-05-21,0,259,0,ewarren,300,2043104,1984
2018-05-22,0,120,0,ewarren,300,2043224,1984
2018-05-23,0,133,0,ewarren,300,2043357,1984
2018-05-24,-1,-26,2,ewarren,299,2043331,1986
2018-05-25,0,-77,1,ewarren,299,2043254,1987
2018-05-26,0,8,0,ewarren,299,2043262,1987
2018-05-27,0,38,0,ewarren,299,2043300,1987
2018-05-28,0,81,1,ewarren,299,2043381,1988
2018-05-29,0,12,1,ewarren,299,2043393,1989
2018-05-30,0,237,2,ewarren,299,2043630,1991
2018-05-31,0,-19,1,ewarren,299,2043611,1992
2018-06-01,0,189,1,ewarren,299,2043800,1993
2018-06-02,0,-17,15,ewarren,299,2043783,2008
2018-06-03,0,220,0,ewarren,299,2044003,2008
2018-06-04,0,132,1,ewarren,299,2044135,2009
2018-06-05,0,272,0,ewarren,299,2044407,2009
2018-06-06,0,190,2,ewarren,299,2044597,2011
2018-06-07,0,278,0,ewarren,299,2044875,2011
2018-06-08,0,829,0,ewarren,299,2045704,2011
2018-06-09,0,193,2,ewarren,299,2045897,2013
2018-06-10,0,253,8,ewarren,299,2046150,2021
2018-06-11,0,126,3,ewarren,299,2046276,2024
2018-06-12,0,229,0,ewarren,299,2046505,2024
2018-06-13,0,-60,3,ewarren,299,2046445,2027
2018-06-14,0,159,1,ewarren,299,2046604,2028
2018-06-15,0,324,2,ewarren,299,2046928,2030
2018-06-16,0,185,1,ewarren,299,2047113,2031
2018-06-17,0,138,0,ewarren,299,2047251,2031
2018-06-18,0,301,1,ewarren,299,2047552,2032
2018-06-19,0,455,0,ewarren,299,2048007,2032
2018-06-20,0,467,1,ewarren,299,2048474,2033
2018-06-21,0,609,3,ewarren,299,2049083,2036
2018-06-22,0,313,1,ewarren,299,2049396,2037
2018-06-23,0,215,3,ewarren,299,2049611,2040
2018-06-24,0,373,3,ewarren,299,2049984,2043
2018-06-25,0,476,3,ewarren,299,2050460,2046
2018-06-26,0,485,0,ewarren,299,2050945,2046
2018-06-27,0,441,4,ewarren,299,2051386,2050
2018-06-28,0,696,2,ewarren,299,2052082,2052
2018-06-29,0,499,2,ewarren,299,2052581,2054
2018-06-30,0,386,2,ewarren,299,2052967,2056
2018-07-01,0,400,6,ewarren,299,2053367,2062
2018-07-02,0,469,1,ewarren,299,2053836,2063
2018-07-03,0,904,0,ewarren,299,2054740,2063
2018-07-04,0,420,0,ewarren,299,2055160,2063
2018-07-05,0,419,0,ewarren,299,2055579,2063
2018-07-06,0,4320,1,ewarren,299,2059899,2064
2018-07-07,0,3866,1,ewarren,299,2063765,2065
2018-07-08,0,1531,0,ewarren,299,2065296,2065
2018-07-09,0,738,1,ewarren,299,2066034,2066
2018-07-10,0,-1008,3,ewarren,299,2065026,2069
2018-07-11,0,-693,2,ewarren,299,2064333,2071
2018-07-12,0,372,2,ewarren,299,2064705,2073
2018-07-13,0,-5974,0,ewarren,299,2058731,2073
2018-07-14,0,436,1,ewarren,299,2059167,2074
2018-07-15,0,523,0,ewarren,299,2059690,2074
2018-07-16,0,499,1,ewarren,299,2060189,2075
2018-07-17,0,1270,2,ewarren,299,2061459,2077
2018-07-18,0,580,0,ewarren,299,2062039,2077
2018-07-19,0,416,3,ewarren,299,2062455,2080
2018-07-20,0,544,2,ewarren,299,2062999,2082
2018-07-21,0,270,0,ewarren,299,2063269,2082
2018-07-22,0,317,0,ewarren,299,2063586,2082
2018-07-23,0,215,1,ewarren,299,2063801,2083
2018-07-24,0,109,2,ewarren,299,2063910,2085
2018-07-25,0,412,2,ewarren,299,2064322,2087
2018-07-26,0,423,1,ewarren,299,2064745,2088
2018-07-27,0,389,2,ewarren,299,2065134,2090
2018-07-28,0,288,3,ewarren,299,2065422,2093
2018-07-29,0,287,1,ewarren,299,2065709,2094
2018-07-30,0,288,1,ewarren,299,2065997,2095
2018-07-31,0,286,3,ewarren,299,2066283,2098
2018-08-01,0,266,0,ewarren,299,2066549,2098
2018-08-02,0,338,2,ewarren,299,2066887,2100
2018-08-03,0,323,2,ewarren,299,2067210,2102
2018-08-04,0,405,3,ewarren,299,2067615,2105
2018-08-05,0,588,1,ewarren,299,2068203,2106
2018-08-06,0,417,1,ewarren,299,2068620,2107
2018-08-07,0,285,3,ewarren,299,2068905,2110
2018-08-08,0,329,5,ewarren,299,2069234,2115
2018-08-09,0,174,2,ewarren,299,2069408,2117
2018-08-10,0,422,4,ewarren,299,2069830,2121
2018-08-11,0,361,2,ewarren,299,2070191,2123
2018-08-12,0,455,0,ewarren,299,2070646,2123
2018-08-13,0,-123,2,ewarren,299,2070523,2125
2018-08-14,0,293,1,ewarren,299,2070816,2126
2018-08-15,0,319,4,ewarren,299,2071135,2130
2018-08-16,0,140,3,ewarren,299,2071275,2133
2018-08-17,0,285,3,ewarren,299,2071560,2136
2018-08-18,0,119,1,ewarren,299,2071679,2137
2018-08-19,0,470,0,ewarren,299,2072149,2137
2018-08-20,0,276,0,ewarren,299,2072425,2137
2018-08-21,0,434,3,ewarren,299,2072859,2140
2018-08-22,0,1012,3,ewarren,299,2073871,2143
2018-08-23,0,815,3,ewarren,299,2074686,2146
2018-08-24,0,694,4,ewarren,299,2075380,2150
2018-08-25,0,463,5,ewarren,299,2075843,2155
2018-08-26,0,955,2,ewarren,299,2076798,2157
2018-08-27,0,663,0,ewarren,299,2077461,2157
2018-08-28,0,478,0,ewarren,299,2077939,2157
2018-08-29,0,608,2,ewarren,299,2078547,2159
2018-08-30,0,685,3,ewarren,299,2079232,2162
2018-08-31,0,502,0,ewarren,299,2079734,2162
2018-09-01,0,338,0,ewarren,299,2080072,2162
2018-09-02,0,388,1,ewarren,299,2080460,2163
2018-09-03,0,394,0,ewarren,299,2080854,2163
2018-09-04,0,332,5,ewarren,299,2081186,2168
2018-09-05,0,585,12,ewarren,299,2081771,2180
2018-09-06,0,771,3,ewarren,299,2082542,2183
2018-09-07,0,1584,8,ewarren,299,2084126,2191
2018-09-08,0,893,7,ewarren,299,2085019,2198
2018-09-09,0,779,5,ewarren,299,2085798,2203
2018-09-10,0,536,4,ewarren,299,2086334,2207
2018-09-11,0,451,4,ewarren,299,2086785,2211
2018-09-12,0,546,5,ewarren,299,2087331,2216
2018-09-13,0,486,6,ewarren,299,2087817,2222
2018-09-14,0,481,7,ewarren,299,2088298,2229
2018-09-15,0,310,2,ewarren,299,2088608,2231
2018-09-16,0,354,1,ewarren,299,2088962,2232
2018-09-17,0,276,3,ewarren,299,2089238,2235
2018-09-18,0,328,5,ewarren,299,2089566,2240
2018-09-19,0,321,5,ewarren,299,2089887,2245
2018-09-20,0,336,4,ewarren,299,2090223,2249
2018-09-21,0,313,4,ewarren,299,2090536,2253
2018-09-22,1,343,6,ewarren,300,2090879,2259
2018-09-23,0,349,6,ewarren,300,2091228,2265
2018-09-24,0,364,2,ewarren,300,2091592,2267
2018-09-25,0,320,4,ewarren,300,2091912,2271
2018-09-26,0,150,6,ewarren,300,2092062,2277
2018-09-27,0,413,1,ewarren,300,2092475,2278
2018-09-28,0,1643,2,ewarren,300,2094118,2280
2018-09-29,0,1304,4,ewarren,300,2095422,2284
2018-09-30,0,1319,2,ewarren,300,2096741,2286
2018-10-01,0,1076,3,ewarren,300,2097817,2289
2018-10-02,0,700,8,ewarren,300,2098517,2297
2018-10-03,0,654,6,ewarren,300,2099171,2303
2018-10-04,0,790,5,ewarren,300,2099961,2308
2018-10-05,0,1017,5,ewarren,300,2100978,2313
2018-10-06,0,1000,6,ewarren,300,2101978,2319
2018-10-07,0,992,9,ewarren,300,2102970,2328
2018-10-08,0,1877,5,ewarren,300,2104847,2333
2018-10-09,0,-1546,5,ewarren,300,2103301,2338
2018-10-10,0,193,6,ewarren,300,2103494,2344
2018-10-11,0,960,5,ewarren,300,2104454,2349
2018-10-12,0,752,14,ewarren,300,2105206,2363
2018-10-13,0,578,3,ewarren,300,2105784,2366
2018-10-14,0,141,3,ewarren,300,2105925,2369
2018-10-15,0,3118,11,ewarren,300,2109043,2380
2018-10-16,0,7792,32,ewarren,300,2116835,2412
2018-10-17,0,1148,9,ewarren,300,2117983,2421
2018-10-18,0,96,7,ewarren,300,2118079,2428
2018-10-19,0,-707,11,ewarren,300,2117372,2439
2018-10-20,0,39,16,ewarren,300,2117411,2455
2018-10-21,0,267,5,ewarren,300,2117678,2460
2018-10-22,0,28,12,ewarren,300,2117706,2472
2018-10-23,0,199,10,ewarren,300,2117905,2482
2018-10-24,0,268,8,ewarren,300,2118173,2490
2018-10-25,0,370,4,ewarren,300,2118543,2494
2018-10-26,0,295,6,ewarren,300,2118838,2500
2018-10-27,0,3187,5,ewarren,300,2122025,2505
2018-10-28,0,355,2,ewarren,300,2122380,2507
2018-10-29,0,180,10,ewarren,300,2122560,2517
2018-10-30,0,267,12,ewarren,300,2122827,2529
2018-10-31,0,272,19,ewarren,300,2123099,2548
2018-11-01,0,331,7,ewarren,300,2123430,2555
2018-11-02,0,206,10,ewarren,300,2123636,2565
2018-11-03,0,323,6,ewarren,300,2123959,2571
2018-11-04,0,-629,18,ewarren,300,2123330,2589
2018-11-05,0,-404,12,ewarren,300,2122926,2601
2018-11-06,0,365,13,ewarren,300,2123291,2614
2018-11-07,0,728,32,ewarren,300,2124019,2646
2018-11-08,0,1033,4,ewarren,300,2125052,2650
2018-11-09,0,-865,1,ewarren,300,2124187,2651
2018-11-10,0,966,0,ewarren,300,2125153,2651
2018-11-11,0,989,1,ewarren,300,2126142,2652
2018-11-12,0,645,1,ewarren,300,2126787,2653
2018-11-13,0,598,1,ewarren,300,2127385,2654
2018-11-14,0,856,1,ewarren,300,2128241,2655
2018-11-15,0,692,4,ewarren,300,2128933,2659
2018-11-16,0,712,3,ewarren,300,2129645,2662
2018-11-17,0,160,5,ewarren,300,2129805,2667
2018-11-18,0,597,1,ewarren,300,2130402,2668
2018-11-19,0,511,1,ewarren,300,2130913,2669
2018-11-20,0,609,1,ewarren,300,2131522,2670
2018-11-21,0,658,4,ewarren,300,2132180,2674
2018-11-22,0,688,2,ewarren,300,2132868,2676
2018-11-23,0,421,2,ewarren,300,2133289,2678
2018-11-24,0,469,1,ewarren,300,2133758,2679
2018-11-25,0,437,1,ewarren,300,2134195,2680
2018-11-26,0,351,4,ewarren,300,2134546,2684
2018-11-27,0,305,8,ewarren,300,2134851,2692
2018-11-28,0,224,5,ewarren,300,2135075,2697
2018-12-01,0,864,17,ewarren,300,2135939,2714
2018-12-02,0,395,0,ewarren,300,2136334,2714
2018-12-03,0,420,1,ewarren,300,2136754,2715
2018-12-04,0,332,5,ewarren,300,2137086,2720
2018-12-05,0,230,6,ewarren,300,2137316,2726
2018-12-06,0,258,0,ewarren,300,2137574,2726
2018-12-07,0,-123,6,ewarren,300,2137451,2732
2018-12-08,0,81,2,ewarren,300,2137532,2734
2018-12-09,0,423,4,ewarren,300,2137955,2738
2018-12-10,0,213,3,ewarren,300,2138168,2741
2018-12-11,0,47,6,ewarren,300,2138215,2747
2018-12-12,0,174,6,ewarren,300,2138389,2753
2018-12-13,0,91,5,ewarren,300,2138480,2758
2018-12-14,0,298,5,ewarren,300,2138778,2763
2018-12-15,0,176,5,ewarren,300,2138954,2768
2018-12-16,0,302,5,ewarren,300,2139256,2773
2018-12-17,0,213,2,ewarren,300,2139469,2775
2018-12-18,0,121,4,ewarren,300,2139590,2779
2018-12-19,0,166,5,ewarren,300,2139756,2784
2018-12-20,0,176,2,ewarren,300,2139932,2786
2018-12-21,0,94,7,ewarren,300,2140026,2793
2018-12-22,0,406,0,ewarren,300,2140432,2793
2018-12-23,0,487,3,ewarren,300,2140919,2796
2018-12-24,0,418,2,ewarren,300,2141337,2798
2018-12-25,0,387,1,ewarren,300,2141724,2799
2018-12-26,0,293,0,ewarren,300,2142017,2799
2018-12-27,0,254,0,ewarren,300,2142271,2799
2018-12-28,0,247,1,ewarren,300,2142518,2800
2018-12-29,0,396,2,ewarren,300,2142914,2802
2018-12-30,0,426,1,ewarren,300,2143340,2803
2018-12-31,0,493,1,ewarren,300,2143833,2804
2019-01-01,0,13167,7,ewarren,300,2157000,2811
2019-01-02,0,5895,2,ewarren,300,2162895,2813
2019-01-03,0,6017,9,ewarren,300,2168912,2822
2019-01-04,0,5622,3,ewarren,300,2174534,2825
2019-01-05,0,4696,5,ewarren,300,2179230,2830
2019-01-06,0,4431,4,ewarren,300,2183661,2834
2019-01-07,0,3777,3,ewarren,300,2187438,2837
2019-01-08,0,1694,4,ewarren,300,2189132,2841
2019-01-09,0,2073,5,ewarren,300,2191205,2846
2019-01-10,0,1859,5,ewarren,300,2193064,2851
2019-01-11,0,1468,5,ewarren,300,2194532,2856
2019-01-12,0,1783,5,ewarren,300,2196315,2861
2019-01-13,0,1930,3,ewarren,300,2198245,2864
2019-01-14,0,2043,3,ewarren,300,2200288,2867
2019-01-15,0,699,5,ewarren,300,2200987,2872
2019-01-16,0,1471,1,ewarren,300,2202458,2873
2019-01-17,0,1349,5,ewarren,300,2203807,2878
2019-01-18,0,1287,5,ewarren,300,2205094,2883
2019-01-19,0,2103,6,ewarren,300,2207197,2889
2019-01-20,0,1306,2,ewarren,300,2208503,2891
2019-01-21,0,1080,2,ewarren,300,2209583,2893
2019-01-22,0,1462,4,ewarren,300,2211045,2897
2019-01-23,0,1208,9,ewarren,300,2212253,2906
2019-01-24,0,1194,3,ewarren,300,2213447,2909
2019-01-25,0,2100,10,ewarren,300,2215547,2919
2019-01-26,0,2166,3,ewarren,300,2217713,2922
2019-01-27,0,1689,3,ewarren,300,2219402,2925
2019-01-28,0,1671,4,ewarren,300,2221073,2929
2019-01-29,0,1260,9,ewarren,300,2222333,2938
2019-01-30,0,878,8,ewarren,300,2223211,2946
2019-01-31,0,1100,5,ewarren,300,2224311,2951
2019-02-01,0,942,4,ewarren,300,2225253,2955
2019-02-02,0,1201,7,ewarren,300,2226454,2962
2019-02-03,0,936,2,ewarren,300,2227390,2964
2019-02-04,0,809,0,ewarren,300,2228199,2964
2019-02-05,0,483,8,ewarren,300,2228682,2972
2019-02-06,0,1423,12,ewarren,300,2230105,2984
2019-02-07,0,935,6,ewarren,300,2231040,2990
2019-02-10,1,4709,63,ewarren,301,2235749,3053
2019-02-11,0,3389,7,ewarren,301,2239138,3060
2019-02-12,0,1570,8,ewarren,301,2240708,3068
2019-02-13,0,1619,8,ewarren,301,2242327,3076
2019-02-14,0,1496,7,ewarren,301,2243823,3083
2019-02-15,0,1301,19,ewarren,301,2245124,3102
2019-02-16,0,2225,7,ewarren,301,2247349,3109
2019-02-17,0,1263,4,ewarren,301,2248612,3113
2019-02-18,0,1049,5,ewarren,301,2249661,3118
2019-02-19,1,773,8,ewarren,302,2250434,3126
2019-02-20,0,1854,15,ewarren,302,2252288,3141
2019-02-21,0,1804,12,ewarren,302,2254092,3153
2019-02-22,0,1511,8,ewarren,302,2255603,3161
2019-02-23,0,1403,7,ewarren,302,2257006,3168
2019-02-24,0,1039,6,ewarren,302,2258045,3174
2019-02-25,0,994,7,ewarren,302,2259039,3181
2019-02-26,0,1004,25,ewarren,302,2260043,3206
2019-02-27,0,1141,6,ewarren,302,2261184,3212
2019-02-28,0,1392,10,ewarren,302,2262576,3222
2019-03-01,0,1183,10,ewarren,302,2263759,3232
2019-03-02,-1,1085,8,ewarren,301,2264844,3240
2019-03-03,0,1180,4,ewarren,301,2266024,3244
2019-03-04,0,1326,8,ewarren,301,2267350,3252
2019-03-05,0,1005,12,ewarren,301,2268355,3264
2019-03-06,1,891,10,ewarren,302,2269246,3274
2019-03-07,1,837,8,ewarren,303,2270083,3282
2019-03-08,0,944,10,ewarren,303,2271027,3292
2019-03-09,1,1724,21,ewarren,304,2272751,3313
2019-03-10,0,1373,8,ewarren,304,2274124,3321
2019-03-11,0,1400,8,ewarren,304,2275524,3329
2019-03-12,0,1813,10,ewarren,304,2277337,3339
2019-03-13,0,1495,10,ewarren,304,2278832,3349
2019-03-14,0,1662,8,ewarren,304,2280494,3357
2019-03-15,0,2211,6,ewarren,304,2282705,3363
2019-03-16,0,2291,2,ewarren,304,2284996,3365
2019-03-17,0,2521,11,ewarren,304,2287517,3376
2019-03-18,0,2813,3,ewarren,304,2290330,3379
2019-03-19,0,3169,37,ewarren,304,2293499,3416
2019-03-20,0,4608,10,ewarren,304,2298107,3426
2019-03-21,0,3329,15,ewarren,304,2301436,3441
2019-03-22,0,2903,12,ewarren,304,2304339,3453
2019-03-23,0,2962,11,ewarren,304,2307301,3464
2019-03-24,0,3771,9,ewarren,304,2311072,3473
2019-03-25,0,3131,7,ewarren,304,2314203,3480
2019-03-26,1,2071,15,ewarren,305,2316274,3495
2019-03-27,1,1730,9,ewarren,306,2318004,3504
2019-03-28,4,2103,14,ewarren,310,2320107,3518
2019-03-29,-1,3127,14,ewarren,309,2323234,3532
2019-03-30,1,2352,12,ewarren,310,2325586,3544
2019-03-31,0,1852,10,ewarren,310,2327438,3554
2019-04-01,0,2024,12,ewarren,310,2329462,3566
2019-04-02,1,1435,8,ewarren,311,2330897,3574
2019-04-03,0,1815,13,ewarren,311,2332712,3587
2019-04-04,0,2267,13,ewarren,311,2334979,3600
2019-04-05,1,1935,10,ewarren,312,2336914,3610
2019-04-06,1,2413,19,ewarren,313,2339327,3629
2019-04-07,1,1831,9,ewarren,314,2341158,3638
2019-04-08,1,1975,6,ewarren,315,2343133,3644
2019-04-09,0,1810,13,ewarren,315,2344943,3657
2019-04-10,0,1583,8,ewarren,315,2346526,3665
2019-04-11,1,1629,17,ewarren,316,2348155,3682
2019-04-12,1,2136,22,ewarren,317,2350291,3704
2019-04-13,0,3796,21,ewarren,317,2354087,3725
2019-04-14,0,3835,30,ewarren,317,2357922,3755
2019-04-15,0,3087,5,ewarren,317,2361009,3760
2019-04-16,0,2861,17,ewarren,317,2363870,3777
2019-04-17,0,2767,11,ewarren,317,2366637,3788
2019-04-18,3,3184,16,ewarren,320,2369821,3804
2019-04-19,2,3060,3,ewarren,322,2372881,3807
2019-04-20,0,8872,12,ewarren,322,2381753,3819
2019-04-21,0,5679,7,ewarren,322,2387432,3826
2019-04-22,0,3088,5,ewarren,322,2390520,3831
2019-04-23,2,14645,57,ewarren,324,2405165,3888
2019-04-24,0,13018,21,ewarren,324,2418183,3909
2019-04-25,0,6485,22,ewarren,324,2424668,3931
2019-04-26,0,6453,10,ewarren,324,2431121,3941
2019-04-27,0,5374,13,ewarren,324,2436495,3954
2019-04-28,0,5201,7,ewarren,324,2441696,3961
2019-04-29,0,3553,4,ewarren,324,2445249,3965
2019-04-30,0,3204,8,ewarren,324,2448453,3973
2019-05-01,0,3739,12,ewarren,324,2452192,3985
2019-05-02,0,5894,12,ewarren,324,2458086,3997
2019-05-03,-1,3655,19,ewarren,323,2461741,4016
2019-05-04,0,2673,15,ewarren,323,2464414,4031
2019-05-05,1,2667,14,ewarren,324,2467081,4045
2019-05-06,0,3180,5,ewarren,324,2470261,4050
2019-05-07,0,2015,8,ewarren,324,2472276,4058
2019-05-08,0,3196,5,ewarren,324,2475472,4063
2019-05-09,0,2958,18,ewarren,324,2478430,4081
2019-05-10,0,3018,14,ewarren,324,2481448,4095
2019-05-11,0,2497,17,ewarren,324,2483945,4112
2019-05-12,0,2687,5,ewarren,324,2486632,4117
2019-05-14,0,8064,33,ewarren,324,2494696,4150
2019-05-15,0,9349,9,ewarren,324,2504045,4159
2019-05-16,2,8402,20,ewarren,326,2512447,4179
2019-05-17,0,5464,15,ewarren,326,2517911,4194
2019-05-18,0,4643,24,ewarren,326,2522554,4218
2019-05-19,1,4253,5,ewarren,327,2526807,4223
2019-05-20,0,6825,4,ewarren,327,2533632,4227
2019-05-21,0,3762,17,ewarren,327,2537394,4244
2019-05-22,0,3009,15,ewarren,327,2540403,4259
2019-05-23,0,3230,16,ewarren,327,2543633,4275
2019-05-24,1,2898,12,ewarren,328,2546531,4287
2019-05-25,0,3704,8,ewarren,328,2550235,4295
2019-05-26,0,2629,11,ewarren,328,2552864,4306
2019-05-27,0,2290,6,ewarren,328,2555154,4312
2019-05-28,0,2137,6,ewarren,328,2557291,4318
2019-05-29,0,3375,9,ewarren,328,2560666,4327
2019-05-30,0,6287,15,ewarren,328,2566953,4342
2019-05-31,0,4300,18,ewarren,328,2571253,4360
2019-06-01,1,4394,21,ewarren,329,2575647,4381
2019-06-02,0,3526,21,ewarren,329,2579173,4402
2019-06-03,1,5242,10,ewarren,330,2584415,4412
2019-06-04,1,3199,6,ewarren,331,2587614,4418
2019-06-05,0,2440,20,ewarren,331,2590054,4438
2019-06-06,2,4769,33,ewarren,333,2594823,4471
2019-06-07,1,5000,10,ewarren,334,2599823,4481
2019-06-08,0,3365,7,ewarren,334,2603188,4488
2019-06-09,0,2907,3,ewarren,334,2606095,4491
2019-06-10,0,3279,5,ewarren,334,2609374,4496
2019-06-11,0,2855,8,ewarren,334,2612229,4504
2019-06-12,0,2561,10,ewarren,334,2614790,4514
2019-06-13,0,3776,8,ewarren,334,2618566,4522
2019-06-14,0,4046,10,ewarren,334,2622612,4532
2019-06-15,0,4053,17,ewarren,334,2626665,4549
2019-06-16,0,3126,8,ewarren,334,2629791,4557
2019-06-17,0,3680,5,ewarren,334,2633471,4562
2019-06-18,1,2690,9,ewarren,335,2636161,4571
2019-06-19,0,3207,11,ewarren,335,2639368,4582
2019-06-20,0,5176,15,ewarren,335,2644544,4597
2019-06-21,0,5203,16,ewarren,335,2649747,4613
2019-06-22,0,4789,25,ewarren,335,2654536,4638
2019-06-23,0,4372,10,ewarren,335,2658908,4648
2019-06-24,0,4542,7,ewarren,335,2663450,4655
2019-06-25,0,3735,10,ewarren,335,2667185,4665
2019-06-26,0,4492,18,ewarren,335,2671677,4683
2019-06-27,1,23370,43,ewarren,336,2695047,4726
2019-06-28,0,20994,23,ewarren,336,2716041,4749
2019-06-29,0,13584,25,ewarren,336,2729625,4774
2019-06-30,0,11511,13,ewarren,336,2741136,4787
2019-07-01,0,9713,12,ewarren,336,2750849,4799
2019-07-02,0,6512,12,ewarren,336,2757361,4811
2019-07-03,0,5513,10,ewarren,336,2762874,4821
2019-07-04,1,5620,8,ewarren,337,2768494,4829
2019-07-05,0,3642,4,ewarren,337,2772136,4833
2019-07-06,1,3143,18,ewarren,338,2775279,4851
2019-07-07,0,2869,10,ewarren,338,2778148,4861
2019-07-08,0,3936,6,ewarren,338,2782084,4867
2019-07-09,0,3744,9,ewarren,338,2785828,4876
2019-07-10,0,3799,10,ewarren,338,2789627,4886
2019-07-11,0,3210,11,ewarren,338,2792837,4897
2019-07-12,0,2100,23,ewarren,338,2794937,4920
2019-07-13,2,3056,33,ewarren,340,2797993,4953
2019-07-14,0,4747,10,ewarren,340,2802740,4963
2019-07-15,1,5997,12,ewarren,341,2808737,4975
2019-07-16,0,5920,9,ewarren,341,2814657,4984
2019-07-17,0,7306,13,ewarren,341,2821963,4997
2019-07-18,0,6115,11,ewarren,341,2828078,5008
2019-07-19,0,6566,26,ewarren,341,2834644,5034
2019-07-20,0,3558,15,ewarren,341,2838202,5049
2019-07-21,0,2642,10,ewarren,341,2840844,5059
2019-07-22,0,2703,6,ewarren,341,2843547,5065
2019-07-23,0,2708,21,ewarren,341,2846255,5086
2019-07-24,156,3184,14,ewarren,497,2849439,5100
2019-07-25,1,3259,17,ewarren,498,2852698,5117
2019-07-26,1,3043,16,ewarren,499,2855741,5133
2019-07-27,0,2588,16,ewarren,499,2858329,5149
2019-07-28,0,2492,4,ewarren,499,2860821,5153
2019-07-29,1,2775,8,ewarren,500,2863596,5161
2019-07-30,0,2670,25,ewarren,500,2866266,5186
2019-07-31,4,14360,54,ewarren,504,2880626,5240
2019-08-01,0,17880,21,ewarren,504,2898506,5261
2019-08-02,0,8372,13,ewarren,504,2906878,5274
2019-08-03,0,6956,10,ewarren,504,2913834,5284
2019-08-04,0,8036,5,ewarren,504,2921870,5289
2019-08-05,0,10258,14,ewarren,504,2932128,5303
2019-08-06,0,8584,11,ewarren,504,2940712,5314
2019-08-07,0,6744,7,ewarren,504,2947456,5321
2019-08-08,0,6764,23,ewarren,504,2954220,5344
2019-08-09,0,6160,18,ewarren,504,2960380,5362
2019-08-10,0,5624,15,ewarren,504,2966004,5377
2019-08-11,0,4576,24,ewarren,504,2970580,5401
2019-08-12,0,5676,8,ewarren,504,2976256,5409
2019-08-13,-1,6375,11,ewarren,503,2982631,5420
2019-08-14,0,6507,9,ewarren,503,2989138,5429
2017-12-02,1,646,6,BetoORourke,558,50658,2045
2017-12-03,0,384,8,BetoORourke,558,51042,2053
2017-12-04,1,220,6,BetoORourke,559,51262,2059
2017-12-05,0,241,4,BetoORourke,559,51503,2063
2017-12-06,1,120,0,BetoORourke,560,51623,2063
2017-12-07,0,180,8,BetoORourke,560,51803,2071
2017-12-08,0,99,2,BetoORourke,560,51902,2073
2017-12-09,0,42,0,BetoORourke,560,51944,2073
2017-12-10,0,100,2,BetoORourke,560,52044,2075
2017-12-13,4,6806,13,BetoORourke,564,58850,2088
2017-12-16,2,5313,25,BetoORourke,566,64163,2113
2017-12-17,1,340,5,BetoORourke,567,64503,2118
2017-12-18,1,1390,5,BetoORourke,568,65893,2123
2017-12-19,0,223,2,BetoORourke,568,66116,2125
2017-12-20,1,684,14,BetoORourke,569,66800,2139
2017-12-21,0,481,8,BetoORourke,569,67281,2147
2017-12-22,1,2102,5,BetoORourke,570,69383,2152
2017-12-23,0,1344,5,BetoORourke,570,70727,2157
2017-12-24,0,298,1,BetoORourke,570,71025,2158
2017-12-25,0,456,4,BetoORourke,570,71481,2162
2017-12-26,0,168,0,BetoORourke,570,71649,2162
2017-12-27,0,443,5,BetoORourke,570,72092,2167
2017-12-28,0,461,8,BetoORourke,570,72553,2175
2017-12-29,0,672,9,BetoORourke,570,73225,2184
2017-12-30,0,1450,8,BetoORourke,570,74675,2192
2017-12-31,2,711,2,BetoORourke,572,75386,2194
2018-01-01,0,624,11,BetoORourke,572,76010,2205
2018-01-02,0,408,3,BetoORourke,572,76418,2208
2018-01-03,1,765,8,BetoORourke,573,77183,2216
2018-01-04,0,220,9,BetoORourke,573,77403,2225
2018-01-05,0,447,24,BetoORourke,573,77850,2249
2018-01-06,0,577,11,BetoORourke,573,78427,2260
2018-01-07,0,424,12,BetoORourke,573,78851,2272
2018-01-08,0,195,7,BetoORourke,573,79046,2279
2018-01-09,0,152,4,BetoORourke,573,79198,2283
2018-01-10,0,124,5,BetoORourke,573,79322,2288
2018-01-11,0,408,15,BetoORourke,573,79730,2303
2018-01-12,0,271,8,BetoORourke,573,80001,2311
2018-01-13,0,241,9,BetoORourke,573,80242,2320
2018-01-14,0,189,15,BetoORourke,573,80431,2335
2018-01-15,0,107,5,BetoORourke,573,80538,2340
2018-01-16,0,986,3,BetoORourke,573,81524,2343
2018-01-17,0,691,4,BetoORourke,573,82215,2347
2018-01-18,0,140,1,BetoORourke,573,82355,2348
2018-01-19,0,305,10,BetoORourke,573,82660,2358
2018-01-20,1,205,4,BetoORourke,574,82865,2362
2018-01-21,0,405,5,BetoORourke,574,83270,2367
2018-01-22,0,331,0,BetoORourke,574,83601,2367
2018-01-23,4,361,11,BetoORourke,578,83962,2378
2018-01-24,0,459,11,BetoORourke,578,84421,2389
2018-01-25,0,611,2,BetoORourke,578,85032,2391
2018-01-26,0,1479,11,BetoORourke,578,86511,2402
2018-01-27,2,1137,12,BetoORourke,580,87648,2414
2018-01-28,2,1101,22,BetoORourke,582,88749,2436
2018-01-29,0,2099,31,BetoORourke,582,90848,2467
2018-01-30,0,792,4,BetoORourke,582,91640,2471
2018-01-31,2,797,4,BetoORourke,584,92437,2475
2018-02-01,0,692,9,BetoORourke,584,93129,2484
2018-02-02,0,1886,2,BetoORourke,584,95015,2486
2018-02-03,1,1250,4,BetoORourke,585,96265,2490
2018-02-04,0,500,2,BetoORourke,585,96765,2492
2018-02-05,0,390,1,BetoORourke,585,97155,2493
2018-02-06,1,398,7,BetoORourke,586,97553,2500
2018-02-07,1,306,9,BetoORourke,587,97859,2509
2018-02-08,0,280,3,BetoORourke,587,98139,2512
2018-02-09,1,174,2,BetoORourke,588,98313,2514
2018-02-10,0,207,9,BetoORourke,588,98520,2523
2018-02-11,0,283,6,BetoORourke,588,98803,2529
2018-02-12,0,274,9,BetoORourke,588,99077,2538
2018-02-13,-1,401,12,BetoORourke,587,99478,2550
2018-02-14,0,611,7,BetoORourke,587,100089,2557
2018-02-15,0,378,2,BetoORourke,587,100467,2559
2018-02-16,1,507,10,BetoORourke,588,100974,2569
2018-02-17,0,554,12,BetoORourke,588,101528,2581
2018-02-18,1,343,7,BetoORourke,589,101871,2588
2018-02-19,0,400,8,BetoORourke,589,102271,2596
2018-02-20,1,545,7,BetoORourke,590,102816,2603
2018-02-21,0,595,8,BetoORourke,590,103411,2611
2018-02-22,1,901,11,BetoORourke,591,104312,2622
2018-02-23,1,1193,11,BetoORourke,592,105505,2633
2018-02-24,0,1072,9,BetoORourke,592,106577,2642
2018-02-25,2,1843,13,BetoORourke,594,108420,2655
2018-02-26,2,4580,15,BetoORourke,596,113000,2670
2018-02-27,2,1919,2,BetoORourke,598,114919,2672
2018-02-28,1,4212,12,BetoORourke,599,119131,2684
2018-03-01,0,777,11,BetoORourke,599,119908,2695
2018-03-02,1,546,8,BetoORourke,600,120454,2703
2018-03-03,0,736,5,BetoORourke,600,121190,2708
2018-03-04,0,633,3,BetoORourke,600,121823,2711
2018-03-05,0,729,3,BetoORourke,600,122552,2714
2018-03-06,0,1930,9,BetoORourke,600,124482,2723
2018-03-07,0,7741,13,BetoORourke,600,132223,2736
2018-03-08,0,5596,1,BetoORourke,600,137819,2737
2018-03-09,1,2108,4,BetoORourke,601,139927,2741
2018-03-10,0,1370,4,BetoORourke,601,141297,2745
2018-03-11,1,940,5,BetoORourke,602,142237,2750
2018-03-12,0,2024,7,BetoORourke,602,144261,2757
2018-03-13,0,1195,1,BetoORourke,602,145456,2758
2018-03-14,3,929,5,BetoORourke,605,146385,2763
2018-03-15,0,1211,6,BetoORourke,605,147596,2769
2018-03-16,6,787,8,BetoORourke,611,148383,2777
2018-03-17,0,1363,4,BetoORourke,611,149746,2781
2018-03-18,0,1198,2,BetoORourke,611,150944,2783
2018-03-19,0,1467,2,BetoORourke,611,152411,2785
2018-03-20,1,1115,5,BetoORourke,612,153526,2790
2018-03-21,0,1517,6,BetoORourke,612,155043,2796
2018-03-22,0,580,3,BetoORourke,612,155623,2799
2018-03-23,1,278,9,BetoORourke,613,155901,2808
2018-03-24,-1,977,2,BetoORourke,612,156878,2810
2018-03-25,0,831,6,BetoORourke,612,157709,2816
2018-03-26,-1,436,4,BetoORourke,611,158145,2820
2018-03-27,0,477,4,BetoORourke,611,158622,2824
2018-03-28,0,319,7,BetoORourke,611,158941,2831
2018-03-29,0,559,10,BetoORourke,611,159500,2841
2018-03-30,2,219,6,BetoORourke,613,159719,2847
2018-03-31,0,215,3,BetoORourke,613,159934,2850
2018-04-01,0,256,3,BetoORourke,613,160190,2853
2018-04-02,0,152,5,BetoORourke,613,160342,2858
2018-04-03,1,1456,6,BetoORourke,614,161798,2864
2018-04-04,0,1517,14,BetoORourke,614,163315,2878
2018-04-05,0,844,8,BetoORourke,614,164159,2886
2018-04-06,0,535,11,BetoORourke,614,164694,2897
2018-04-07,0,214,3,BetoORourke,614,164908,2900
2018-04-08,0,738,15,BetoORourke,614,165646,2915
2018-04-09,1,533,11,BetoORourke,615,166179,2926
2018-04-10,1,444,5,BetoORourke,616,166623,2931
2018-04-11,0,557,18,BetoORourke,616,167180,2949
2018-04-12,0,294,4,BetoORourke,616,167474,2953
2018-04-13,0,370,8,BetoORourke,616,167844,2961
2018-04-14,0,364,9,BetoORourke,616,168208,2970
2018-04-15,0,260,0,BetoORourke,616,168468,2970
2018-04-16,0,490,21,BetoORourke,616,168958,2991
2018-04-17,1,227,2,BetoORourke,617,169185,2993
2018-04-18,1,193,6,BetoORourke,618,169378,2999
2018-04-19,0,1297,3,BetoORourke,618,170675,3002
2018-04-20,1,2017,15,BetoORourke,619,172692,3017
2018-04-21,0,972,8,BetoORourke,619,173664,3025
2018-04-22,0,329,4,BetoORourke,619,173993,3029
2018-04-23,1,285,7,BetoORourke,620,174278,3036
2018-04-24,-1,355,4,BetoORourke,619,174633,3040
2018-04-25,2,382,4,BetoORourke,621,175015,3044
2018-04-26,0,241,6,BetoORourke,621,175256,3050
2018-04-27,0,186,5,BetoORourke,621,175442,3055
2018-04-28,0,136,19,BetoORourke,621,175578,3074
2018-04-29,0,121,6,BetoORourke,621,175699,3080
2018-04-30,0,240,12,BetoORourke,621,175939,3092
2018-05-01,-1,260,5,BetoORourke,620,176199,3097
2018-05-02,0,289,5,BetoORourke,620,176488,3102
2018-05-03,0,219,5,BetoORourke,620,176707,3107
2018-05-04,1,215,4,BetoORourke,621,176922,3111
2018-05-05,0,272,2,BetoORourke,621,177194,3113
2018-05-06,0,205,4,BetoORourke,621,177399,3117
2018-05-07,0,338,3,BetoORourke,621,177737,3120
2018-05-08,1,124,4,BetoORourke,622,177861,3124
2018-05-09,1,118,9,BetoORourke,623,177979,3133
2018-05-10,0,117,10,BetoORourke,623,178096,3143
2018-05-11,0,441,12,BetoORourke,623,178537,3155
2018-05-12,1,316,7,BetoORourke,624,178853,3162
2018-05-13,0,251,9,BetoORourke,624,179104,3171
2018-05-14,1,206,11,BetoORourke,625,179310,3182
2018-05-15,0,229,7,BetoORourke,625,179539,3189
2018-05-16,0,264,6,BetoORourke,625,179803,3195
2018-05-17,0,496,7,BetoORourke,625,180299,3202
2018-05-18,0,599,4,BetoORourke,625,180898,3206
2018-05-19,1,1699,7,BetoORourke,626,182597,3213
2018-05-20,0,705,3,BetoORourke,626,183302,3216
2018-05-21,2,261,4,BetoORourke,628,183563,3220
2018-05-22,0,200,4,BetoORourke,628,183763,3224
2018-05-23,4,604,6,BetoORourke,632,184367,3230
2018-05-24,0,177,2,BetoORourke,632,184544,3232
2018-05-25,1,233,4,BetoORourke,633,184777,3236
2018-05-26,0,175,5,BetoORourke,633,184952,3241
2018-05-27,0,287,2,BetoORourke,633,185239,3243
2018-05-28,0,193,4,BetoORourke,633,185432,3247
2018-05-29,0,286,2,BetoORourke,633,185718,3249
2018-05-30,1,147,6,BetoORourke,634,185865,3255
2018-05-31,0,343,2,BetoORourke,634,186208,3257
2018-06-01,0,269,7,BetoORourke,634,186477,3264
2018-06-02,0,768,11,BetoORourke,634,187245,3275
2018-06-03,0,591,2,BetoORourke,634,187836,3277
2018-06-04,0,621,4,BetoORourke,634,188457,3281
2018-06-05,3,1273,4,BetoORourke,637,189730,3285
2018-06-06,4,441,15,BetoORourke,641,190171,3300
2018-06-07,4,442,8,BetoORourke,645,190613,3308
2018-06-08,0,575,17,BetoORourke,645,191188,3325
2018-06-09,3,419,16,BetoORourke,648,191607,3341
2018-06-10,2,855,9,BetoORourke,650,192462,3350
2018-06-11,0,330,7,BetoORourke,650,192792,3357
2018-06-12,2,397,3,BetoORourke,652,193189,3360
2018-06-13,0,471,7,BetoORourke,652,193660,3367
2018-06-14,1,320,1,BetoORourke,653,193980,3368
2018-06-15,1,474,6,BetoORourke,654,194454,3374
2018-06-16,1,1284,9,BetoORourke,655,195738,3383
2018-06-17,1,5300,11,BetoORourke,656,201038,3394
2018-06-18,7,3618,10,BetoORourke,663,204656,3404
2018-06-19,5,3040,9,BetoORourke,668,207696,3413
2018-06-20,4,2659,8,BetoORourke,672,210355,3421
2018-06-21,0,3230,9,BetoORourke,672,213585,3430
2018-06-22,0,1837,7,BetoORourke,672,215422,3437
2018-06-23,0,970,6,BetoORourke,672,216392,3443
2018-06-24,1,757,16,BetoORourke,673,217149,3459
2018-06-25,2,536,8,BetoORourke,675,217685,3467
2018-06-26,2,495,7,BetoORourke,677,218180,3474
2018-06-27,1,746,1,BetoORourke,678,218926,3475
2018-06-28,1,1304,21,BetoORourke,679,220230,3496
2018-06-29,1,956,6,BetoORourke,680,221186,3502
2018-06-30,0,1255,12,BetoORourke,680,222441,3514
2018-07-01,2,957,4,BetoORourke,682,223398,3518
2018-07-02,1,699,6,BetoORourke,683,224097,3524
2018-07-03,0,419,18,BetoORourke,683,224516,3542
2018-07-04,0,329,8,BetoORourke,683,224845,3550
2018-07-05,0,583,2,BetoORourke,683,225428,3552
2018-07-06,1,508,12,BetoORourke,684,225936,3564
2018-07-07,0,479,7,BetoORourke,684,226415,3571
2018-07-08,0,283,6,BetoORourke,684,226698,3577
2018-07-09,0,1247,10,BetoORourke,684,227945,3587
2018-07-10,1,752,2,BetoORourke,685,228697,3589
2018-07-11,0,754,3,BetoORourke,685,229451,3592
2018-07-12,8,1576,6,BetoORourke,693,231027,3598
2018-07-13,2,793,9,BetoORourke,695,231820,3607
2018-07-14,0,753,10,BetoORourke,695,232573,3617
2018-07-15,0,839,8,BetoORourke,695,233412,3625
2018-07-16,1,436,3,BetoORourke,696,233848,3628
2018-07-17,0,1252,7,BetoORourke,696,235100,3635
2018-07-18,0,736,10,BetoORourke,696,235836,3645
2018-07-19,0,247,7,BetoORourke,696,236083,3652
2018-07-20,1,1080,6,BetoORourke,697,237163,3658
2018-07-21,0,1681,4,BetoORourke,697,238844,3662
2018-07-22,0,3374,4,BetoORourke,697,242218,3666
2018-07-23,1,708,6,BetoORourke,698,242926,3672
2018-07-24,2,314,4,BetoORourke,700,243240,3676
2018-07-25,1,231,4,BetoORourke,701,243471,3680
2018-07-26,0,1692,3,BetoORourke,701,245163,3683
2018-07-27,3,3006,11,BetoORourke,704,248169,3694
2018-07-28,1,1051,6,BetoORourke,705,249220,3700
2018-07-29,0,740,9,BetoORourke,705,249960,3709
2018-07-30,0,679,8,BetoORourke,705,250639,3717
2018-07-31,1,518,8,BetoORourke,706,251157,3725
2018-08-01,0,577,11,BetoORourke,706,251734,3736
2018-08-02,2,1188,14,BetoORourke,708,252922,3750
2018-08-03,0,1206,15,BetoORourke,708,254128,3765
2018-08-04,0,790,4,BetoORourke,708,254918,3769
2018-08-05,0,816,4,BetoORourke,708,255734,3773
2018-08-06,0,1157,10,BetoORourke,708,256891,3783
2018-08-07,0,1316,4,BetoORourke,708,258207,3787
2018-08-08,0,1454,12,BetoORourke,708,259661,3799
2018-08-09,1,776,12,BetoORourke,709,260437,3811
2018-08-10,0,655,12,BetoORourke,709,261092,3823
2018-08-11,0,622,8,BetoORourke,709,261714,3831
2018-08-12,1,435,10,BetoORourke,710,262149,3841
2018-08-13,0,529,8,BetoORourke,710,262678,3849
2018-08-14,1,642,9,BetoORourke,711,263320,3858
2018-08-15,0,856,7,BetoORourke,711,264176,3865
2018-08-16,0,441,10,BetoORourke,711,264617,3875
2018-08-17,0,432,12,BetoORourke,711,265049,3887
2018-08-18,0,355,6,BetoORourke,711,265404,3893
2018-08-19,1,1080,11,BetoORourke,712,266484,3904
2018-08-20,0,1346,9,BetoORourke,712,267830,3913
2018-08-21,0,1019,12,BetoORourke,712,268849,3925
2018-08-22,3,35426,11,BetoORourke,715,304275,3936
2018-08-23,1,34076,12,BetoORourke,716,338351,3948
2018-08-24,1,15564,6,BetoORourke,717,353915,3954
2018-08-25,1,10961,10,BetoORourke,718,364876,3964
2018-08-26,0,7583,9,BetoORourke,718,372459,3973
2018-08-27,0,4285,4,BetoORourke,718,376744,3977
2018-08-28,0,3084,4,BetoORourke,718,379828,3981
2018-08-29,0,6428,4,BetoORourke,718,386256,3985
2018-08-30,0,15247,8,BetoORourke,718,401503,3993
2018-08-31,1,12362,15,BetoORourke,719,413865,4008
2018-09-01,0,8171,5,BetoORourke,719,422036,4013
2018-09-02,0,6503,2,BetoORourke,719,428539,4015
2018-09-03,0,4456,3,BetoORourke,719,432995,4018
2018-09-04,1,3849,2,BetoORourke,720,436844,4020
2018-09-05,1,4261,3,BetoORourke,721,441105,4023
2018-09-06,1,5323,4,BetoORourke,722,446428,4027
2018-09-07,0,3118,0,BetoORourke,722,449546,4027
2018-09-08,0,2344,3,BetoORourke,722,451890,4030
2018-09-09,0,3849,6,BetoORourke,722,455739,4036
2018-09-10,0,1950,5,BetoORourke,722,457689,4041
2018-09-11,0,3722,6,BetoORourke,722,461411,4047
2018-09-12,1,2506,4,BetoORourke,723,463917,4051
2018-09-13,2,5510,3,BetoORourke,725,469427,4054
2018-09-14,0,6423,3,BetoORourke,725,475850,4057
2018-09-15,1,5129,7,BetoORourke,726,480979,4064
2018-09-16,0,6007,6,BetoORourke,726,486986,4070
2018-09-17,0,3541,5,BetoORourke,726,490527,4075
2018-09-18,0,4426,4,BetoORourke,726,494953,4079
2018-09-19,0,3774,4,BetoORourke,726,498727,4083
2018-09-20,0,2918,9,BetoORourke,726,501645,4092
2018-09-21,0,3310,0,BetoORourke,726,504955,4092
2018-09-22,0,34371,58,BetoORourke,726,539326,4150
2018-09-23,0,27530,13,BetoORourke,726,566856,4163
2018-09-24,0,11692,8,BetoORourke,726,578548,4171
2018-09-25,0,6070,8,BetoORourke,726,584618,4179
2018-09-26,0,7744,5,BetoORourke,726,592362,4184
2018-09-27,0,3412,2,BetoORourke,726,595774,4186
2018-09-28,0,3195,2,BetoORourke,726,598969,4188
2018-09-29,0,2635,3,BetoORourke,726,601604,4191
2018-09-30,0,3172,10,BetoORourke,726,604776,4201
2018-10-01,0,7250,6,BetoORourke,726,612026,4207
2018-10-02,1,3066,10,BetoORourke,727,615092,4217
2018-10-03,0,4726,8,BetoORourke,727,619818,4225
2018-10-04,0,2361,6,BetoORourke,727,622179,4231
2018-10-05,0,2145,9,BetoORourke,727,624324,4240
2018-10-06,0,1690,10,BetoORourke,727,626014,4250
2018-10-07,0,3404,7,BetoORourke,727,629418,4257
2018-10-08,0,6464,11,BetoORourke,727,635882,4268
2018-10-09,0,3270,12,BetoORourke,727,639152,4280
2018-10-10,0,2747,6,BetoORourke,727,641899,4286
2018-10-11,0,4906,13,BetoORourke,727,646805,4299
2018-10-12,1,3272,7,BetoORourke,728,650077,4306
2018-10-13,0,3119,8,BetoORourke,728,653196,4314
2018-10-14,0,2363,15,BetoORourke,728,655559,4329
2018-10-15,0,2116,4,BetoORourke,728,657675,4333
2018-10-16,0,1679,4,BetoORourke,728,659354,4337
2018-10-17,0,11559,65,BetoORourke,728,670913,4402
2018-10-18,0,3980,7,BetoORourke,728,674893,4409
2018-10-19,0,4220,34,BetoORourke,728,679113,4443
2018-10-20,0,3247,8,BetoORourke,728,682360,4451
2018-10-21,1,2782,9,BetoORourke,729,685142,4460
2018-10-22,0,3674,23,BetoORourke,729,688816,4483
2018-10-23,0,4926,30,BetoORourke,729,693742,4513
2018-10-24,0,3501,15,BetoORourke,729,697243,4528
2018-10-25,0,3811,12,BetoORourke,729,701054,4540
2018-10-26,0,3399,17,BetoORourke,729,704453,4557
2018-10-27,0,2683,14,BetoORourke,729,707136,4571
2018-10-28,0,4473,6,BetoORourke,729,711609,4577
2018-10-29,0,3555,15,BetoORourke,729,715164,4592
2018-10-30,0,4312,21,BetoORourke,729,719476,4613
2018-10-31,0,4469,20,BetoORourke,729,723945,4633
2018-11-01,0,4355,18,BetoORourke,729,728300,4651
2018-11-02,0,4290,12,BetoORourke,729,732590,4663
2018-11-03,0,4423,20,BetoORourke,729,737013,4683
2018-11-04,0,4675,11,BetoORourke,729,741688,4694
2018-11-05,0,6205,14,BetoORourke,729,747893,4708
2018-11-06,0,9804,41,BetoORourke,729,757697,4749
2018-11-07,0,123547,24,BetoORourke,729,881244,4773
2018-11-08,0,38976,0,BetoORourke,729,920220,4773
2018-11-09,0,13888,0,BetoORourke,729,934108,4773
2018-11-10,0,8873,0,BetoORourke,729,942981,4773
2018-11-11,0,5572,0,BetoORourke,729,948553,4773
2018-11-12,0,10703,2,BetoORourke,729,959256,4775
2018-11-13,0,4195,0,BetoORourke,729,963451,4775
2018-11-14,0,2848,0,BetoORourke,729,966299,4775
2018-11-15,0,3163,0,BetoORourke,729,969462,4775
2018-11-16,1,4031,0,BetoORourke,730,973493,4775
2018-11-17,2,3566,0,BetoORourke,732,977059,4775
2018-11-18,0,2544,0,BetoORourke,732,979603,4775
2018-11-19,1,2750,0,BetoORourke,733,982353,4775
2018-11-20,0,4863,1,BetoORourke,733,987216,4776
2018-11-21,0,14609,1,BetoORourke,733,1001825,4777
2018-11-22,0,8675,3,BetoORourke,733,1010500,4780
2018-11-23,0,4994,1,BetoORourke,733,1015494,4781
2018-11-24,0,2698,0,BetoORourke,733,1018192,4781
2018-11-25,-1,1483,0,BetoORourke,732,1019675,4781
2018-11-26,1,2875,1,BetoORourke,733,1022550,4782
2018-11-27,0,6039,2,BetoORourke,733,1028589,4784
2018-11-28,0,2209,0,BetoORourke,733,1030798,4784
2018-12-01,2,4080,4,BetoORourke,735,1034878,4788
2018-12-02,1,1498,1,BetoORourke,736,1036376,4789
2018-12-03,1,1415,0,BetoORourke,737,1037791,4789
2018-12-04,0,1492,0,BetoORourke,737,1039283,4789
2018-12-05,0,1184,0,BetoORourke,737,1040467,4789
2018-12-06,1,2287,2,BetoORourke,738,1042754,4791
2018-12-07,1,2382,1,BetoORourke,739,1045136,4792
2018-12-08,0,2745,0,BetoORourke,739,1047881,4792
2018-12-09,0,3070,0,BetoORourke,739,1050951,4792
2018-12-10,0,1556,0,BetoORourke,739,1052507,4792
2018-12-11,1,679,0,BetoORourke,740,1053186,4792
2018-12-12,0,863,0,BetoORourke,740,1054049,4792
2018-12-13,0,962,0,BetoORourke,740,1055011,4792
2018-12-14,0,1263,1,BetoORourke,740,1056274,4793
2018-12-15,0,3185,5,BetoORourke,740,1059459,4798
2018-12-16,0,4756,5,BetoORourke,740,1064215,4803
2018-12-17,0,2103,0,BetoORourke,740,1066318,4803
2018-12-18,0,1140,0,BetoORourke,740,1067458,4803
2018-12-19,0,692,0,BetoORourke,740,1068150,4803
2018-12-20,0,411,0,BetoORourke,740,1068561,4803
2018-12-21,3,1257,5,BetoORourke,743,1069818,4808
2018-12-22,0,2754,3,BetoORourke,743,1072572,4811
2018-12-23,0,3596,2,BetoORourke,743,1076168,4813
2018-12-24,0,3060,1,BetoORourke,743,1079228,4814
2018-12-25,0,2259,10,BetoORourke,743,1081487,4824
2018-12-26,0,3874,6,BetoORourke,743,1085361,4830
2018-12-27,0,2898,2,BetoORourke,743,1088259,4832
2018-12-28,1,1183,1,BetoORourke,744,1089442,4833
2018-12-29,-1,6994,3,BetoORourke,743,1096436,4836
2018-12-30,0,9471,1,BetoORourke,743,1105907,4837
2018-12-31,2,2884,0,BetoORourke,745,1108791,4837
2019-01-01,0,2291,2,BetoORourke,745,1111082,4839
2019-01-02,0,3041,0,BetoORourke,745,1114123,4839
2019-01-03,-2,2084,1,BetoORourke,743,1116207,4840
2019-01-04,1,4849,1,BetoORourke,744,1121056,4841
2019-01-05,-1,9859,0,BetoORourke,743,1130915,4841
2019-01-06,1,7035,2,BetoORourke,744,1137950,4843
2019-01-07,1,6729,0,BetoORourke,745,1144679,4843
2019-01-08,4,3443,0,BetoORourke,749,1148122,4843
2019-01-09,1,4218,4,BetoORourke,750,1152340,4847
2019-01-10,0,3646,0,BetoORourke,750,1155986,4847
2019-01-11,1,3660,4,BetoORourke,751,1159646,4851
2019-01-12,0,4817,4,BetoORourke,751,1164463,4855
2019-01-13,0,3914,1,BetoORourke,751,1168377,4856
2019-01-14,0,2941,0,BetoORourke,751,1171318,4856
2019-01-15,0,2011,0,BetoORourke,751,1173329,4856
2019-01-16,-1,1628,0,BetoORourke,750,1174957,4856
2019-01-17,1,2376,2,BetoORourke,751,1177333,4858
2019-01-18,-1,2757,1,BetoORourke,750,1180090,4859
2019-01-19,0,1715,1,BetoORourke,750,1181805,4860
2019-01-20,1,1993,0,BetoORourke,751,1183798,4860
2019-01-21,0,1554,1,BetoORourke,751,1185352,4861
2019-01-22,-2,1280,1,BetoORourke,749,1186632,4862
2019-01-23,0,595,1,BetoORourke,749,1187227,4863
2019-01-24,0,598,3,BetoORourke,749,1187825,4866
2019-01-25,2,642,2,BetoORourke,751,1188467,4868
2019-01-26,0,914,0,BetoORourke,751,1189381,4868
2019-01-27,0,798,0,BetoORourke,751,1190179,4868
2019-01-28,0,481,0,BetoORourke,751,1190660,4868
2019-01-29,0,325,2,BetoORourke,751,1190985,4870
2019-01-30,-1,775,1,BetoORourke,750,1191760,4871
2019-01-31,1,643,0,BetoORourke,751,1192403,4871
2019-02-01,0,366,1,BetoORourke,751,1192769,4872
2019-02-02,0,315,0,BetoORourke,751,1193084,4872
2019-02-03,0,305,0,BetoORourke,751,1193389,4872
2019-02-04,0,221,0,BetoORourke,751,1193610,4872
2019-02-05,-1,84,0,BetoORourke,750,1193694,4872
2019-02-06,0,2115,1,BetoORourke,750,1195809,4873
2019-02-07,1,2017,7,BetoORourke,751,1197826,4880
2019-02-10,0,3420,5,BetoORourke,751,1201246,4885
2019-02-11,-1,1696,2,BetoORourke,750,1202942,4887
2019-02-12,0,4764,3,BetoORourke,750,1207706,4890
2019-02-13,1,13029,3,BetoORourke,751,1220735,4893
2019-02-14,0,2344,0,BetoORourke,751,1223079,4893
2019-02-15,0,1280,1,BetoORourke,751,1224359,4894
2019-02-16,0,2042,4,BetoORourke,751,1226401,4898
2019-02-17,0,1278,5,BetoORourke,751,1227679,4903
2019-02-18,0,1815,0,BetoORourke,751,1229494,4903
2019-02-19,0,887,0,BetoORourke,751,1230381,4903
2019-02-20,0,1227,0,BetoORourke,751,1231608,4903
2019-02-21,0,1181,1,BetoORourke,751,1232789,4904
2019-02-22,0,1027,2,BetoORourke,751,1233816,4906
2019-02-23,1,1112,0,BetoORourke,752,1234928,4906
2019-02-24,0,765,0,BetoORourke,752,1235693,4906
2019-02-25,0,703,1,BetoORourke,752,1236396,4907
2019-02-26,2,718,1,BetoORourke,754,1237114,4908
2019-02-27,0,922,0,BetoORourke,754,1238036,4908
2019-02-28,2,1772,1,BetoORourke,756,1239808,4909
2019-03-01,0,1658,0,BetoORourke,756,1241466,4909
2019-03-02,0,1041,0,BetoORourke,756,1242507,4909
2019-03-03,1,1004,0,BetoORourke,757,1243511,4909
2019-03-04,0,944,0,BetoORourke,757,1244455,4909
2019-03-05,-1,691,0,BetoORourke,756,1245146,4909
2019-03-06,0,578,-1,BetoORourke,756,1245724,4908
2019-03-07,0,417,0,BetoORourke,756,1246141,4908
2019-03-08,0,582,0,BetoORourke,756,1246723,4908
2019-03-09,0,702,0,BetoORourke,756,1247425,4908
2019-03-10,0,787,0,BetoORourke,756,1248212,4908
2019-03-11,0,868,0,BetoORourke,756,1249080,4908
2019-03-12,0,1186,0,BetoORourke,756,1250266,4908
2019-03-13,0,975,0,BetoORourke,756,1251241,4908
2019-03-14,0,7589,0,BetoORourke,756,1258830,4908
2019-03-15,1,48513,15,BetoORourke,757,1307343,4923
2019-03-16,3,14168,14,BetoORourke,760,1321511,4937
2019-03-17,0,5648,13,BetoORourke,760,1327159,4950
2019-03-18,0,9157,14,BetoORourke,760,1336316,4964
2019-03-19,0,6951,10,BetoORourke,760,1343267,4974
2019-03-20,0,5786,13,BetoORourke,760,1349053,4987
2019-03-21,0,4668,17,BetoORourke,760,1353721,5004
2019-03-22,1,4133,13,BetoORourke,761,1357854,5017
2019-03-23,2,6024,21,BetoORourke,763,1363878,5038
2019-03-24,3,6793,10,BetoORourke,766,1370671,5048
2019-03-25,0,2987,14,BetoORourke,766,1373658,5062
2019-03-26,0,2133,4,BetoORourke,766,1375791,5066
2019-03-27,0,1655,4,BetoORourke,766,1377446,5070
2019-03-28,0,1967,2,BetoORourke,766,1379413,5072
2019-03-29,-1,2215,5,BetoORourke,765,1381628,5077
2019-03-30,0,2233,4,BetoORourke,765,1383861,5081
2019-03-31,0,1322,90,BetoORourke,765,1385183,5171
2019-04-01,0,659,42,BetoORourke,765,1385842,5213
2019-04-02,0,1683,15,BetoORourke,765,1387525,5228
2019-04-03,0,1945,4,BetoORourke,765,1389470,5232
2019-04-04,1,1430,16,BetoORourke,766,1390900,5248
2019-04-05,0,1443,16,BetoORourke,766,1392343,5264
2019-04-06,0,1310,13,BetoORourke,766,1393653,5277
2019-04-07,1,1903,25,BetoORourke,767,1395556,5302
2019-04-08,2,1921,15,BetoORourke,769,1397477,5317
2019-04-09,0,2245,4,BetoORourke,769,1399722,5321
2019-04-10,0,1336,2,BetoORourke,769,1401058,5323
2019-04-11,0,1185,2,BetoORourke,769,1402243,5325
2019-04-12,-1,712,2,BetoORourke,768,1402955,5327
2019-04-13,1,1336,8,BetoORourke,769,1404291,5335
2019-04-14,2,2639,18,BetoORourke,771,1406930,5353
2019-04-15,1,2182,22,BetoORourke,772,1409112,5375
2019-04-16,-1,1284,36,BetoORourke,771,1410396,5411
2019-04-17,2,1043,35,BetoORourke,773,1411439,5446
2019-04-18,0,901,23,BetoORourke,773,1412340,5469
2019-04-19,0,1037,15,BetoORourke,773,1413377,5484
2019-04-20,-1,1024,7,BetoORourke,772,1414401,5491
2019-04-21,1,922,2,BetoORourke,773,1415323,5493
2019-04-22,0,839,3,BetoORourke,773,1416162,5496
2019-04-23,0,692,5,BetoORourke,773,1416854,5501
2019-04-24,0,782,1,BetoORourke,773,1417636,5502
2019-04-25,1,537,12,BetoORourke,774,1418173,5514
2019-04-26,0,802,15,BetoORourke,774,1418975,5529
2019-04-27,3,451,11,BetoORourke,777,1419426,5540
2019-04-28,0,294,20,BetoORourke,777,1419720,5560
2019-04-29,0,86,15,BetoORourke,777,1419806,5575
2019-04-30,0,449,23,BetoORourke,777,1420255,5598
2019-05-01,0,449,15,BetoORourke,777,1420704,5613
2019-05-02,1,545,7,BetoORourke,778,1421249,5620
2019-05-03,1,938,7,BetoORourke,779,1422187,5627
2019-05-04,0,498,12,BetoORourke,779,1422685,5639
2019-05-05,1,548,34,BetoORourke,780,1423233,5673
2019-05-06,0,379,20,BetoORourke,780,1423612,5693
2019-05-07,0,259,11,BetoORourke,780,1423871,5704
2019-05-08,0,192,18,BetoORourke,780,1424063,5722
2019-05-09,0,124,19,BetoORourke,780,1424187,5741
2019-05-10,0,354,11,BetoORourke,780,1424541,5752
2019-05-11,0,313,12,BetoORourke,780,1424854,5764
2019-05-12,0,167,13,BetoORourke,780,1425021,5777
2019-05-14,0,559,15,BetoORourke,780,1425580,5792
2019-05-15,0,607,8,BetoORourke,780,1426187,5800
2019-05-16,0,792,8,BetoORourke,780,1426979,5808
2019-05-17,0,483,16,BetoORourke,780,1427462,5824
2019-05-18,0,34,18,BetoORourke,780,1427496,5842
2019-05-19,0,112,9,BetoORourke,780,1427608,5851
2019-05-20,0,627,2,BetoORourke,780,1428235,5853
2019-05-21,0,474,45,BetoORourke,780,1428709,5898
2019-05-22,0,-39,16,BetoORourke,780,1428670,5914
2019-05-23,0,112,17,BetoORourke,780,1428782,5931
2019-05-24,-1,235,6,BetoORourke,779,1429017,5937
2019-05-25,0,240,7,BetoORourke,779,1429257,5944
2019-05-26,0,342,3,BetoORourke,779,1429599,5947
2019-05-27,0,247,4,BetoORourke,779,1429846,5951
2019-05-28,0,249,2,BetoORourke,779,1430095,5953
2019-05-29,0,317,1,BetoORourke,779,1430412,5954
2019-05-30,1,166,28,BetoORourke,780,1430578,5982
2019-05-31,0,403,18,BetoORourke,780,1430981,6000
2019-06-01,0,347,8,BetoORourke,780,1431328,6008
2019-06-02,0,179,18,BetoORourke,780,1431507,6026
2019-06-03,2,184,16,BetoORourke,782,1431691,6042
2019-06-04,-1,278,3,BetoORourke,781,1431969,6045
2019-06-05,0,257,6,BetoORourke,781,1432226,6051
2019-06-06,3,73,33,BetoORourke,784,1432299,6084
2019-06-07,2,30,11,BetoORourke,786,1432329,6095
2019-06-08,-2,-93,15,BetoORourke,784,1432236,6110
2019-06-09,0,-251,24,BetoORourke,784,1431985,6134
2019-06-10,0,-150,15,BetoORourke,784,1431835,6149
2019-06-11,0,-135,10,BetoORourke,784,1431700,6159
2019-06-12,0,17,4,BetoORourke,784,1431717,6163
2019-06-13,0,89,28,BetoORourke,784,1431806,6191
2019-06-14,0,324,13,BetoORourke,784,1432130,6204
2019-06-15,0,149,15,BetoORourke,784,1432279,6219
2019-06-16,1,-115,31,BetoORourke,785,1432164,6250
2019-06-17,0,-67,14,BetoORourke,785,1432097,6264
2019-06-18,1,-208,10,BetoORourke,786,1431889,6274
2019-06-19,0,311,4,BetoORourke,786,1432200,6278
2019-06-20,0,346,6,BetoORourke,786,1432546,6284
2019-06-21,1,358,7,BetoORourke,787,1432904,6291
2019-06-22,0,103,15,BetoORourke,787,1433007,6306
2019-06-23,1,-232,27,BetoORourke,788,1432775,6333
2019-06-24,0,68,6,BetoORourke,788,1432843,6339
2019-06-25,5,-285,21,BetoORourke,793,1432558,6360
2019-06-26,1,-367,25,BetoORourke,794,1432191,6385
2019-06-27,2,3641,31,BetoORourke,796,1435832,6416
2019-06-28,0,624,25,BetoORourke,796,1436456,6441
2019-06-29,0,1072,16,BetoORourke,796,1437528,6457
2019-06-30,0,411,14,BetoORourke,796,1437939,6471
2019-07-01,1,416,26,BetoORourke,797,1438355,6497
2019-07-02,0,505,6,BetoORourke,797,1438860,6503
2019-07-03,0,70,15,BetoORourke,797,1438930,6518
2019-07-04,0,-165,11,BetoORourke,797,1438765,6529
2019-07-05,0,-162,13,BetoORourke,797,1438603,6542
2019-07-06,2,-299,21,BetoORourke,799,1438304,6563
2019-07-07,-1,-542,11,BetoORourke,798,1437762,6574
2019-07-08,1,-499,18,BetoORourke,799,1437263,6592
2019-07-09,2,-544,16,BetoORourke,801,1436719,6608
2019-07-10,0,-83,10,BetoORourke,801,1436636,6618
2019-07-11,0,297,5,BetoORourke,801,1436933,6623
2019-07-12,2,-506,18,BetoORourke,803,1436427,6641
2019-07-13,0,300,4,BetoORourke,803,1436727,6645
2019-07-14,1,-174,26,BetoORourke,804,1436553,6671
2019-07-15,1,1294,8,BetoORourke,805,1437847,6679
2019-07-16,0,948,18,BetoORourke,805,1438795,6697
2019-07-17,-1,65,10,BetoORourke,804,1438860,6707
2019-07-18,0,68,8,BetoORourke,804,1438928,6715
2019-07-19,1,775,7,BetoORourke,805,1439703,6722
2019-07-20,0,78,15,BetoORourke,805,1439781,6737
2019-07-21,0,109,14,BetoORourke,805,1439890,6751
2019-07-22,0,893,5,BetoORourke,805,1440783,6756
2019-07-23,0,247,21,BetoORourke,805,1441030,6777
2019-07-24,0,260,10,BetoORourke,805,1441290,6787
2019-07-25,0,-170,22,BetoORourke,805,1441120,6809
2019-07-26,0,164,8,BetoORourke,805,1441284,6817
2019-07-27,0,110,7,BetoORourke,805,1441394,6824
2019-07-28,0,113,1,BetoORourke,805,1441507,6825
2019-07-29,0,45,3,BetoORourke,805,1441552,6828
2019-07-30,0,-81,5,BetoORourke,805,1441471,6833
2019-07-31,0,1590,30,BetoORourke,805,1443061,6863
2019-08-01,0,1208,14,BetoORourke,805,1444269,6877
2019-08-02,1,479,10,BetoORourke,806,1444748,6887
2019-08-03,0,594,7,BetoORourke,806,1445342,6894
2019-08-04,0,4419,20,BetoORourke,806,1449761,6914
2019-08-05,0,9772,13,BetoORourke,806,1459533,6927
2019-08-06,-1,21603,17,BetoORourke,805,1481136,6944
2019-08-07,0,14446,34,BetoORourke,805,1495582,6978
2019-08-08,0,17471,14,BetoORourke,805,1513053,6992
2019-08-09,0,8266,17,BetoORourke,805,1521319,7009
2019-08-10,0,6171,11,BetoORourke,805,1527490,7020
2019-08-11,0,3402,10,BetoORourke,805,1530892,7030
2019-08-12,1,2869,7,BetoORourke,806,1533761,7037
2019-08-13,0,2025,6,BetoORourke,806,1535786,7043
2019-08-14,-1,2184,7,BetoORourke,805,1537970,7050
2016-07-27,0,3285,1,CoryBooker,89450,1706879,55478
2016-07-28,-1,4060,41,CoryBooker,89449,1710939,55519
2016-07-29,12,3324,48,CoryBooker,89461,1714263,55567
2016-07-30,24,1514,19,CoryBooker,89485,1715777,55586
2016-07-31,43,1065,80,CoryBooker,89528,1716842,55666
2016-08-01,88,1099,94,CoryBooker,89616,1717941,55760
2016-08-02,30,1868,12,CoryBooker,89646,1719809,55772
2016-08-03,17,1932,24,CoryBooker,89663,1721741,55796
2016-08-04,2,1414,40,CoryBooker,89665,1723155,55836
2016-08-05,16,1422,42,CoryBooker,89681,1724577,55878
2016-08-06,22,1527,38,CoryBooker,89703,1726104,55916
2016-08-07,-1,1555,5,CoryBooker,89702,1727659,55921
2016-08-08,6,1846,19,CoryBooker,89708,1729505,55940
2016-08-09,14,1694,32,CoryBooker,89722,1731199,55972
2016-08-10,17,1231,30,CoryBooker,89739,1732430,56002
2016-08-11,29,1062,30,CoryBooker,89768,1733492,56032
2016-08-12,47,982,31,CoryBooker,89815,1734474,56063
2016-08-13,6,848,2,CoryBooker,89821,1735322,56065
2016-08-14,4,859,14,CoryBooker,89825,1736181,56079
2016-08-15,-3,876,20,CoryBooker,89822,1737057,56099
2016-08-16,-2,810,2,CoryBooker,89820,1737867,56101
2016-08-17,-6,698,1,CoryBooker,89814,1738565,56102
2016-08-18,-5,681,1,CoryBooker,89809,1739246,56103
2016-08-19,-6,568,3,CoryBooker,89803,1739814,56106
2016-08-20,-5,589,9,CoryBooker,89798,1740403,56115
2016-08-21,-3,690,2,CoryBooker,89795,1741093,56117
2016-08-22,-4,686,1,CoryBooker,89791,1741779,56118
2016-08-23,2,696,1,CoryBooker,89793,1742475,56119
2016-08-24,-7,748,2,CoryBooker,89786,1743223,56121
2016-08-25,-3,748,0,CoryBooker,89783,1743971,56121
2016-08-26,-2,737,2,CoryBooker,89781,1744708,56123
2016-08-27,1,677,1,CoryBooker,89782,1745385,56124
2016-08-28,-5,683,1,CoryBooker,89777,1746068,56125
2016-08-29,-8,845,1,CoryBooker,89769,1746913,56126
2016-08-30,-3,770,1,CoryBooker,89766,1747683,56127
2016-08-31,-3,254,0,CoryBooker,89763,1747937,56127
2016-09-01,4,1553,16,CoryBooker,89767,1749490,56143
2016-09-02,0,863,0,CoryBooker,89767,1750353,56143
2016-09-03,4,921,12,CoryBooker,89771,1751274,56155
2016-09-04,0,784,0,CoryBooker,89771,1752058,56155
2016-09-05,-2,800,0,CoryBooker,89769,1752858,56155
2016-09-06,-3,257,3,CoryBooker,89766,1753115,56158
2016-09-07,1,852,1,CoryBooker,89767,1753967,56159
2016-09-08,1,543,11,CoryBooker,89768,1754510,56170
2016-09-09,-4,638,1,CoryBooker,89764,1755148,56171
2016-09-10,-7,708,3,CoryBooker,89757,1755856,56174
2016-09-11,26,767,25,CoryBooker,89783,1756623,56199
2016-09-12,-5,779,2,CoryBooker,89778,1757402,56201
2016-09-13,10,1306,30,CoryBooker,89788,1758708,56231
2016-09-14,11,1296,6,CoryBooker,89799,1760004,56237
2016-09-15,2,968,21,CoryBooker,89801,1760972,56258
2016-09-16,-10,909,3,CoryBooker,89791,1761881,56261
2016-09-17,6,884,13,CoryBooker,89797,1762765,56274
2016-09-18,1,1217,6,CoryBooker,89798,1763982,56280
2016-09-19,17,1243,19,CoryBooker,89815,1765225,56299
2016-09-20,2,1303,8,CoryBooker,89817,1766528,56307
2016-09-21,1,1909,7,CoryBooker,89818,1768437,56314
2016-09-22,21,1887,54,CoryBooker,89839,1770324,56368
2016-09-23,12,1171,6,CoryBooker,89851,1771495,56374
2016-09-24,-3,1048,3,CoryBooker,89848,1772543,56377
2016-09-25,-3,1089,3,CoryBooker,89845,1773632,56380
2016-09-26,-1,1138,4,CoryBooker,89844,1774770,56384
2016-09-27,3,4491,50,CoryBooker,89847,1779261,56434
2016-09-28,2,2639,3,CoryBooker,89849,1781900,56437
2016-09-29,2,1817,7,CoryBooker,89851,1783717,56444
2016-09-30,0,1767,4,CoryBooker,89851,1785484,56448
2016-10-01,18,1163,19,CoryBooker,89869,1786647,56467
2016-10-02,22,1116,34,CoryBooker,89891,1787763,56501
2016-10-03,14,1635,34,CoryBooker,89905,1789398,56535
2016-10-04,10,2868,8,CoryBooker,89915,1792266,56543
2016-10-05,2,4602,15,CoryBooker,89917,1796868,56558
2016-10-06,-1,2439,3,CoryBooker,89916,1799307,56561
2016-10-07,10,2436,28,CoryBooker,89926,1801743,56589
2016-10-08,38,3526,38,CoryBooker,89964,1805269,56627
2016-10-09,15,3637,18,CoryBooker,89979,1808906,56645
2016-10-10,55,5224,19,CoryBooker,90034,1814130,56664
2016-10-11,97,3611,75,CoryBooker,90131,1817741,56739
2016-10-12,19,5323,4,CoryBooker,90150,1823064,56743
2016-10-13,25,3450,22,CoryBooker,90175,1826514,56765
2016-10-14,-1,3131,7,CoryBooker,90174,1829645,56772
2016-10-15,7,2625,29,CoryBooker,90181,1832270,56801
2016-10-16,9,3394,22,CoryBooker,90190,1835664,56823
2016-10-17,1,3844,21,CoryBooker,90191,1839508,56844
2016-10-18,4,3169,1,CoryBooker,90195,1842677,56845
2016-10-19,4,4799,10,CoryBooker,90199,1847476,56855
2016-10-20,-1,5716,42,CoryBooker,90198,1853192,56897
2016-10-21,5,2628,7,CoryBooker,90203,1855820,56904
2016-10-22,28,2432,15,CoryBooker,90231,1858252,56919
2016-10-23,-1,2254,2,CoryBooker,90230,1860506,56921
2016-10-24,23,2283,28,CoryBooker,90253,1862789,56949
2016-10-25,9,1276,10,CoryBooker,90262,1864065,56959
2016-10-26,24,1876,49,CoryBooker,90286,1865941,57008
2016-10-27,19,1223,24,CoryBooker,90305,1867164,57032
2016-10-28,1,1528,3,CoryBooker,90306,1868692,57035
2016-10-29,8,1385,13,CoryBooker,90314,1870077,57048
2016-10-30,1,1571,13,CoryBooker,90315,1871648,57061
2016-10-31,7,1463,12,CoryBooker,90322,1873111,57073
2016-11-01,-5,1441,3,CoryBooker,90317,1874552,57076
2016-11-02,8,1504,12,CoryBooker,90325,1876056,57088
2016-11-03,6,1657,10,CoryBooker,90331,1877713,57098
2016-11-04,27,1688,14,CoryBooker,90358,1879401,57112
2016-11-05,12,1455,41,CoryBooker,90370,1880856,57153
2016-11-06,10,683,18,CoryBooker,90380,1881539,57171
2016-11-07,38,1747,55,CoryBooker,90418,1883286,57226
2016-11-08,47,2883,51,CoryBooker,90465,1886169,57277
2016-11-09,62,7474,7,CoryBooker,90527,1893643,57284
2016-11-10,84,5361,5,CoryBooker,90611,1899004,57289
2016-11-11,99,5156,5,CoryBooker,90710,1904160,57294
2016-11-12,5,4816,4,CoryBooker,90715,1908976,57298
2016-11-13,75,7369,18,CoryBooker,90790,1916345,57316
2016-11-14,26,4081,7,CoryBooker,90816,1920426,57323
2016-11-15,56,2850,11,CoryBooker,90872,1923276,57334
2016-11-16,22,3282,7,CoryBooker,90894,1926558,57341
2016-11-17,4,2821,3,CoryBooker,90898,1929379,57344
2016-11-18,-4,2618,3,CoryBooker,90894,1931997,57347
2016-11-19,13,2810,3,CoryBooker,90907,1934807,57350
2016-11-20,6,2797,5,CoryBooker,90913,1937604,57355
2016-11-21,-10,2243,0,CoryBooker,90903,1939847,57355
2016-11-22,5,1112,15,CoryBooker,90908,1940959,57370
2016-11-23,26,2918,7,CoryBooker,90934,1943877,57377
2016-11-24,14,2261,10,CoryBooker,90948,1946138,57387
2016-11-25,31,2086,18,CoryBooker,90979,1948224,57405
2016-11-26,18,2358,8,CoryBooker,90997,1950582,57413
2016-11-27,6,2404,1,CoryBooker,91003,1952986,57414
2016-11-28,-7,2531,0,CoryBooker,90996,1955517,57414
2016-11-29,3,2701,4,CoryBooker,90999,1958218,57418
2016-11-30,24,2480,20,CoryBooker,91023,1960698,57438
2016-12-01,21,2313,5,CoryBooker,91044,1963011,57443
2016-12-02,26,3071,11,CoryBooker,91070,1966082,57454
2016-12-03,6,3086,8,CoryBooker,91076,1969168,57462
2016-12-04,23,3494,14,CoryBooker,91099,1972662,57476
2016-12-05,6,3956,6,CoryBooker,91105,1976618,57482
2016-12-06,83,3884,8,CoryBooker,91188,1980502,57490
2016-12-07,31,1975,12,CoryBooker,91219,1982477,57502
2016-12-08,19,1116,5,CoryBooker,91238,1983593,57507
2016-12-09,26,2911,28,CoryBooker,91264,1986504,57535
2016-12-10,-7,1691,6,CoryBooker,91257,1988195,57541
2016-12-11,22,1875,24,CoryBooker,91279,1990070,57565
2016-12-12,9,1627,8,CoryBooker,91288,1991697,57573
2016-12-13,20,1317,17,CoryBooker,91308,1993014,57590
2016-12-14,120,621,39,CoryBooker,91428,1993635,57629
2016-12-15,43,3172,33,CoryBooker,91471,1996807,57662
2016-12-16,24,3367,22,CoryBooker,91495,2000174,57684
2016-12-17,3,3870,2,CoryBooker,91498,2004044,57686
2016-12-18,-1,3513,2,CoryBooker,91497,2007557,57688
2016-12-19,4,3806,6,CoryBooker,91501,2011363,57694
2016-12-20,-4,3071,2,CoryBooker,91497,2014434,57696
2016-12-21,-8,3318,6,CoryBooker,91489,2017752,57702
2016-12-22,6,2849,9,CoryBooker,91495,2020601,57711
2016-12-23,16,3021,7,CoryBooker,91511,2023622,57718
2016-12-24,10,2382,3,CoryBooker,91521,2026004,57721
2016-12-25,1,2559,1,CoryBooker,91522,2028563,57722
2016-12-26,-5,2343,1,CoryBooker,91517,2030906,57723
2016-12-27,4,2659,5,CoryBooker,91521,2033565,57728
2016-12-28,4,3720,2,CoryBooker,91525,2037285,57730
2016-12-29,-2,2832,2,CoryBooker,91523,2040117,57732
2016-12-30,-4,2457,1,CoryBooker,91519,2042574,57733
2016-12-31,0,3075,3,CoryBooker,91519,2045649,57736
2017-01-01,-6,2941,1,CoryBooker,91513,2048590,57737
2017-01-02,-2,2489,2,CoryBooker,91511,2051079,57739
2017-01-03,-8,6606,8,CoryBooker,91503,2057685,57747
2017-01-04,1,5269,3,CoryBooker,91504,2062954,57750
2017-01-05,0,5763,7,CoryBooker,91504,2068717,57757
2017-01-06,-2,5723,3,CoryBooker,91502,2074440,57760
2017-01-07,2,5404,3,CoryBooker,91504,2079844,57763
2017-01-08,39,5822,49,CoryBooker,91543,2085666,57812
2017-01-09,-4,5353,3,CoryBooker,91539,2091019,57815
2017-01-10,70,8520,12,CoryBooker,91609,2099539,57827
2017-01-11,7,12095,7,CoryBooker,91616,2111634,57834
2017-01-12,3,9004,1,CoryBooker,91619,2120638,57835
2017-01-13,-12,7247,20,CoryBooker,91607,2127885,57855
2017-01-14,-6,4235,2,CoryBooker,91601,2132120,57857
2017-01-15,-1,5171,1,CoryBooker,91600,2137291,57858
2017-01-16,1,4465,0,CoryBooker,91601,2141756,57858
2017-01-17,-1,4440,5,CoryBooker,91600,2146196,57863
2017-01-18,-9,5917,6,CoryBooker,91591,2152113,57869
2017-01-19,-1,3878,12,CoryBooker,91590,2155991,57881
2017-01-20,3,7196,-4,CoryBooker,91593,2163187,57877
2017-01-21,0,11299,5,CoryBooker,91593,2174486,57882
2017-01-22,0,7260,0,CoryBooker,91593,2181746,57882
2017-01-23,-3,10228,3,CoryBooker,91590,2191974,57885
2017-01-24,-4,9348,2,CoryBooker,91586,2201322,57887
2017-01-25,-6,8263,7,CoryBooker,91580,2209585,57894
2017-01-26,-2,12199,5,CoryBooker,91578,2221784,57899
2017-01-27,-3,14363,16,CoryBooker,91575,2236147,57915
2017-01-28,11,11340,13,CoryBooker,91586,2247487,57928
2017-01-29,138,20643,32,CoryBooker,91724,2268130,57960
2017-01-30,18,18935,34,CoryBooker,91742,2287065,57994
2017-01-31,-7,12130,11,CoryBooker,91735,2299195,58005
2017-02-01,-13,7404,3,CoryBooker,91722,2306599,58008
2017-02-02,34,7274,6,CoryBooker,91756,2313873,58014
2017-02-03,6,6402,6,CoryBooker,91762,2320275,58020
2017-02-04,9,8651,12,CoryBooker,91771,2328926,58032
2017-02-05,0,9823,3,CoryBooker,91771,2338749,58035
2017-02-06,-3,8563,13,CoryBooker,91768,2347312,58048
2017-02-07,38,8761,12,CoryBooker,91806,2356073,58060
2017-02-08,-1,9729,14,CoryBooker,91805,2365802,58074
2017-02-09,5,12599,16,CoryBooker,91810,2378401,58090
2017-02-10,24,10306,30,CoryBooker,91834,2388707,58120
2017-02-11,-6,6957,7,CoryBooker,91828,2395664,58127
2017-02-12,-7,7603,4,CoryBooker,91821,2403267,58131
2017-02-13,-15,8187,2,CoryBooker,91806,2411454,58133
2017-02-14,-4,4686,2,CoryBooker,91802,2416140,58135
2017-02-15,-2,6587,11,CoryBooker,91800,2422727,58146
2017-02-16,0,7842,2,CoryBooker,91800,2430569,58148
2017-02-17,-2,9620,8,CoryBooker,91798,2440189,58156
2017-02-18,5,8138,8,CoryBooker,91803,2448327,58164
2017-02-19,1,7774,0,CoryBooker,91804,2456101,58164
2017-02-20,-5,7252,1,CoryBooker,91799,2463353,58165
2017-02-21,-1,8154,5,CoryBooker,91798,2471507,58170
2017-02-22,0,7554,1,CoryBooker,91798,2479061,58171
2017-02-23,11,10520,4,CoryBooker,91809,2489581,58175
2017-02-24,2,10312,1,CoryBooker,91811,2499893,58176
2017-02-25,-4,8046,1,CoryBooker,91807,2507939,58177
2017-02-26,4,9998,0,CoryBooker,91811,2517937,58177
2017-02-27,-4,10203,0,CoryBooker,91807,2528140,58177
2017-02-28,9,9044,8,CoryBooker,91816,2537184,58185
2017-03-01,-3,10142,17,CoryBooker,91813,2547326,58202
2017-03-02,84,12416,111,CoryBooker,91897,2559742,58313
2017-03-03,7,11817,11,CoryBooker,91904,2571559,58324
2017-03-04,0,9826,3,CoryBooker,91904,2581385,58327
2017-03-05,1,11069,0,CoryBooker,91905,2592454,58327
2017-03-06,-3,10255,5,CoryBooker,91902,2602709,58332
2017-03-07,49,10598,32,CoryBooker,91951,2613307,58364
2017-03-08,4,10819,32,CoryBooker,91955,2624126,58396
2017-03-09,24,17811,15,CoryBooker,91979,2641937,58411
2017-03-10,21,10365,36,CoryBooker,92000,2652302,58447
2017-03-11,7,7910,26,CoryBooker,92007,2660212,58473
2017-03-12,23,8570,28,CoryBooker,92030,2668782,58501
2017-03-13,3,8901,39,CoryBooker,92033,2677683,58540
2017-03-14,2,8933,16,CoryBooker,92035,2686616,58556
2017-03-15,-1,8188,3,CoryBooker,92034,2694804,58559
2017-03-16,12,8894,22,CoryBooker,92046,2703698,58581
2017-03-17,9,14900,17,CoryBooker,92055,2718598,58598
2017-03-18,2,7509,17,CoryBooker,92057,2726107,58615
2017-03-19,14,7660,12,CoryBooker,92071,2733767,58627
2017-03-20,0,7104,0,CoryBooker,92071,2740871,58627
2017-03-21,0,7891,13,CoryBooker,92071,2748762,58640
2017-03-22,-1,6862,3,CoryBooker,92070,2755624,58643
2017-03-23,0,4110,4,CoryBooker,92070,2759734,58647
2017-03-24,11,13752,22,CoryBooker,92081,2773486,58669
2017-03-25,17,9121,6,CoryBooker,92098,2782607,58675
2017-03-26,-1,6867,-2,CoryBooker,92097,2789474,58673
2017-03-27,-3,6236,1,CoryBooker,92094,2795710,58674
2017-03-28,20,5739,26,CoryBooker,92114,2801449,58700
2017-03-29,2,5660,1,CoryBooker,92116,2807109,58701
2017-03-30,5,4570,13,CoryBooker,92121,2811679,58714
2017-03-31,27,-1247,11,CoryBooker,92148,2810432,58725
2017-04-01,-2,7635,5,CoryBooker,92146,2818067,58730
2017-04-02,-6,4475,23,CoryBooker,92140,2822542,58753
2017-04-03,-8,4642,1,CoryBooker,92132,2827184,58754
2017-04-04,10,4691,12,CoryBooker,92142,2831875,58766
2017-04-05,44,4804,32,CoryBooker,92186,2836679,58798
2017-04-06,10,-3028,14,CoryBooker,92196,2833651,58812
2017-04-07,0,9108,5,CoryBooker,92196,2842759,58817
2017-04-08,-6,5045,9,CoryBooker,92190,2847804,58826
2017-04-09,12,4573,9,CoryBooker,92202,2852377,58835
2017-04-10,9,4678,14,CoryBooker,92211,2857055,58849
2017-04-11,-1,5264,16,CoryBooker,92210,2862319,58865
2017-04-12,16,5167,13,CoryBooker,92226,2867486,58878
2017-04-13,-3,-347,1,CoryBooker,92223,2867139,58879
2017-04-14,3,4589,0,CoryBooker,92226,2871728,58879
2017-04-15,-2,4857,1,CoryBooker,92224,2876585,58880
2017-04-16,-2,4704,1,CoryBooker,92222,2881289,58881
2017-04-17,39,4253,47,CoryBooker,92261,2885542,58928
2017-04-18,1,5180,11,CoryBooker,92262,2890722,58939
2017-04-19,8,5251,8,CoryBooker,92270,2895973,58947
2017-04-20,11,4742,19,CoryBooker,92281,2900715,58966
2017-04-21,-6,-198,1,CoryBooker,92275,2900517,58967
2017-04-22,4,2369,20,CoryBooker,92279,2902886,58987
2017-04-23,16,6102,10,CoryBooker,92295,2908988,58997
2017-04-24,-1,6058,6,CoryBooker,92294,2915046,59003
2017-04-25,0,6379,1,CoryBooker,92294,2921425,59004
2017-04-26,17,6564,7,CoryBooker,92311,2927989,59011
2017-04-27,-6,286,0,CoryBooker,92305,2928275,59011
2017-04-28,56,4976,39,CoryBooker,92361,2933251,59050
2017-04-29,25,4257,32,CoryBooker,92386,2937508,59082
2017-04-30,9,3875,6,CoryBooker,92395,2941383,59088
2017-05-01,-3,3513,0,CoryBooker,92392,2944896,59088
2017-05-02,-2,3491,14,CoryBooker,92390,2948387,59102
2017-05-03,92,3887,39,CoryBooker,92482,2952274,59141
2017-05-04,124,4643,52,CoryBooker,92606,2956917,59193
2017-05-05,33,3772,9,CoryBooker,92639,2960689,59202
2017-05-06,7,4450,20,CoryBooker,92646,2965139,59222
2017-05-07,53,3986,28,CoryBooker,92699,2969125,59250
2017-05-08,2,3359,2,CoryBooker,92701,2972484,59252
2017-05-09,15,2606,23,CoryBooker,92716,2975090,59275
2017-05-10,-1,4667,12,CoryBooker,92715,2979757,59287
2017-05-11,19,3221,8,CoryBooker,92734,2982978,59295
2017-05-12,-4,2694,1,CoryBooker,92730,2985672,59296
2017-05-13,9,2802,5,CoryBooker,92739,2988474,59301
2017-05-14,11,4102,4,CoryBooker,92750,2992576,59305
2017-05-15,0,3974,0,CoryBooker,92750,2996550,59305
2017-05-16,87,4482,26,CoryBooker,92837,3001032,59331
2017-05-17,43,5244,21,CoryBooker,92880,3006276,59352
2017-05-18,15,1118,12,CoryBooker,92895,3007394,59364
2017-05-19,9,5186,17,CoryBooker,92904,3012580,59381
2017-05-20,14,3745,11,CoryBooker,92918,3016325,59392
2017-05-21,8,5345,32,CoryBooker,92926,3021670,59424
2017-05-22,8,5861,8,CoryBooker,92934,3027531,59432
2017-05-23,5,6504,14,CoryBooker,92939,3034035,59446
2017-05-24,10,5785,11,CoryBooker,92949,3039820,59457
2017-05-25,0,1606,7,CoryBooker,92949,3041426,59464
2017-05-26,-2,8844,4,CoryBooker,92947,3050270,59468
2017-05-27,10,3697,10,CoryBooker,92957,3053967,59478
2017-05-28,-1,2226,3,CoryBooker,92956,3056193,59481
2017-05-29,-3,1839,0,CoryBooker,92953,3058032,59481
2017-05-30,-2,2116,2,CoryBooker,92951,3060148,59483
2017-05-31,-5,2261,1,CoryBooker,92946,3062409,59484
2017-06-01,0,2806,4,CoryBooker,92946,3065215,59488
2017-06-02,-10,5308,9,CoryBooker,92936,3070523,59497
2017-06-03,4,5232,19,CoryBooker,92940,3075755,59516
2017-06-04,-1,5555,8,CoryBooker,92939,3081310,59524
2017-06-05,-6,6092,7,CoryBooker,92933,3087402,59531
2017-06-06,2,6711,4,CoryBooker,92935,3094113,59535
2017-06-07,21,6172,12,CoryBooker,92956,3100285,59547
2017-06-08,1,6764,2,CoryBooker,92957,3107049,59549
2017-06-09,0,6071,23,CoryBooker,92957,3113120,59572
2017-06-10,45,4669,43,CoryBooker,93002,3117789,59615
2017-06-11,20,4267,21,CoryBooker,93022,3122056,59636
2017-06-12,33,4892,64,CoryBooker,93055,3126948,59700
2017-06-13,11,4842,16,CoryBooker,93066,3131790,59716
2017-06-14,30,5827,50,CoryBooker,93096,3137617,59766
2017-06-15,-4,594,-1,CoryBooker,93092,3138211,59765
2017-06-16,0,4694,8,CoryBooker,93092,3142905,59773
2017-06-17,9,3079,9,CoryBooker,93101,3145984,59782
2017-06-18,-5,2831,0,CoryBooker,93096,3148815,59782
2017-06-19,1,3059,3,CoryBooker,93097,3151874,59785
2017-06-20,11,3245,25,CoryBooker,93108,3155119,59810
2017-06-21,13,3688,30,CoryBooker,93121,3158807,59840
2017-06-22,7,3457,15,CoryBooker,93128,3162264,59855
2017-06-23,19,4191,41,CoryBooker,93147,3166455,59896
2017-06-24,1,3270,0,CoryBooker,93148,3169725,59896
2017-06-25,-6,2925,6,CoryBooker,93142,3172650,59902
2017-06-26,1,2945,2,CoryBooker,93143,3175595,59904
2017-06-27,9,4993,19,CoryBooker,93152,3180588,59923
2017-06-28,0,834,7,CoryBooker,93152,3181422,59930
2017-06-29,0,1193,10,CoryBooker,93152,3182615,59940
2017-06-30,0,4205,13,CoryBooker,93152,3186820,59953
2017-07-01,1,3683,8,CoryBooker,93153,3190503,59961
2017-07-02,1,3408,12,CoryBooker,93154,3193911,59973
2017-07-03,-8,3696,0,CoryBooker,93146,3197607,59973
2017-07-04,6,3534,18,CoryBooker,93152,3201141,59991
2017-07-05,-1,4074,2,CoryBooker,93151,3205215,59993
2017-07-06,26,3156,19,CoryBooker,93177,3208371,60012
2017-07-07,27,1906,26,CoryBooker,93204,3210277,60038
2017-07-08,-3,1881,4,CoryBooker,93201,3212158,60042
2017-07-09,-4,1801,7,CoryBooker,93197,3213959,60049
2017-07-10,89,1470,126,CoryBooker,93286,3215429,60175
2017-07-11,-1,1968,9,CoryBooker,93285,3217397,60184
2017-07-12,-6,1807,2,CoryBooker,93279,3219204,60186
2017-07-13,-4,-1332,9,CoryBooker,93275,3217872,60195
2017-07-14,-6,1667,1,CoryBooker,93269,3219539,60196
2017-07-15,0,1569,0,CoryBooker,93269,3221108,60196
2017-07-16,-5,1568,0,CoryBooker,93264,3222676,60196
2017-07-17,5,1565,0,CoryBooker,93269,3224241,60196
2017-07-18,-5,839,1,CoryBooker,93264,3225080,60197
2017-07-19,47,2703,66,CoryBooker,93311,3227783,60263
2017-07-20,3,-869,29,CoryBooker,93314,3226914,60292
2017-07-21,-2,685,2,CoryBooker,93312,3227599,60294
2017-07-22,4,989,5,CoryBooker,93316,3228588,60299
2017-07-23,0,966,0,CoryBooker,93316,3229554,60299
2017-07-24,-7,1064,6,CoryBooker,93309,3230618,60305
2017-07-25,-6,1290,0,CoryBooker,93303,3231908,60305
2017-07-26,6,1632,12,CoryBooker,93309,3233540,60317
2017-07-27,4,-1151,9,CoryBooker,93313,3232389,60326
2017-07-28,35,2137,11,CoryBooker,93348,3234526,60337
2017-07-29,24,1447,8,CoryBooker,93372,3235973,60345
2017-07-30,-4,1340,3,CoryBooker,93368,3237313,60348
2017-07-31,-5,1209,5,CoryBooker,93363,3238522,60353
2017-08-01,-1,1480,11,CoryBooker,93362,3240002,60364
2017-08-02,13,3672,26,CoryBooker,93375,3243674,60390
2017-08-03,-2,2502,2,CoryBooker,93373,3246176,60392
2017-08-04,-3,1609,10,CoryBooker,93370,3247785,60402
2017-08-05,2,1313,6,CoryBooker,93372,3249098,60408
2017-08-06,9,1259,14,CoryBooker,93381,3250357,60422
2017-08-07,-2,2018,0,CoryBooker,93379,3252375,60422
2017-08-08,-3,1338,2,CoryBooker,93376,3253713,60424
2017-08-09,-3,1380,1,CoryBooker,93373,3255093,60425
2017-08-10,-6,-1566,1,CoryBooker,93367,3253527,60426
2017-08-11,0,1034,0,CoryBooker,93367,3254561,60426
2017-08-12,-4,1357,11,CoryBooker,93363,3255918,60437
2017-08-13,4,2080,4,CoryBooker,93367,3257998,60441
2017-08-14,19,1941,3,CoryBooker,93386,3259939,60444
2017-08-15,-10,1601,3,CoryBooker,93376,3261540,60447
2017-08-16,1,5844,5,CoryBooker,93377,3267384,60452
2017-08-17,-1,6401,11,CoryBooker,93376,3273785,60463
2017-08-18,1,5861,0,CoryBooker,93377,3279646,60463
2017-08-19,0,5553,1,CoryBooker,93377,3285199,60464
2017-08-20,-2,5042,1,CoryBooker,93375,3290241,60465
2017-08-21,4,5002,3,CoryBooker,93379,3295243,60468
2017-08-22,-5,4945,5,CoryBooker,93374,3300188,60473
2017-08-23,-5,5529,3,CoryBooker,93369,3305717,60476
2017-08-24,2,5630,4,CoryBooker,93371,3311347,60480
2017-08-25,2,6249,19,CoryBooker,93373,3317596,60499
2017-08-26,13,6173,9,CoryBooker,93386,3323769,60508
2017-08-27,0,6171,1,CoryBooker,93386,3329940,60509
2017-08-28,-1,5848,0,CoryBooker,93385,3335788,60509
2017-08-29,31,5540,0,CoryBooker,93416,3341328,60509
2017-08-30,2,5304,0,CoryBooker,93418,3346632,60509
2017-08-31,-3,6337,0,CoryBooker,93415,3352969,60509
2017-09-01,-5,4164,0,CoryBooker,93410,3357133,60509
2017-09-02,-1,3597,0,CoryBooker,93409,3360730,60509
2017-09-03,3,3042,8,CoryBooker,93412,3363772,60517
2017-09-04,-4,3347,0,CoryBooker,93408,3367119,60517
2017-09-05,-6,3733,1,CoryBooker,93402,3370852,60518
2017-09-06,-7,4699,11,CoryBooker,93395,3375551,60529
2017-09-07,-4,3778,1,CoryBooker,93391,3379329,60530
2017-09-08,-2,2970,1,CoryBooker,93389,3382299,60531
2017-09-09,-1,2873,-1,CoryBooker,93388,3385172,60530
2017-09-10,-4,2760,2,CoryBooker,93384,3387932,60532
2017-09-11,-1,2709,0,CoryBooker,93383,3390641,60532
2017-09-12,0,2968,11,CoryBooker,93383,3393609,60543
2017-09-13,-1,2582,0,CoryBooker,93382,3396191,60543
2017-09-14,-1,2782,6,CoryBooker,93381,3398973,60549
2017-09-15,1,2211,12,CoryBooker,93382,3401184,60561
2017-09-16,-7,2110,10,CoryBooker,93375,3403294,60571
2017-09-17,-4,2299,0,CoryBooker,93371,3405593,60571
2017-09-18,-5,2319,9,CoryBooker,93366,3407912,60580
2017-09-19,2,2186,0,CoryBooker,93368,3410098,60580
2017-09-20,5,2412,15,CoryBooker,93373,3412510,60595
2017-09-21,-3,2650,1,CoryBooker,93370,3415160,60596
2017-09-22,-3,2150,10,CoryBooker,93367,3417310,60606
2017-09-23,5,2177,6,CoryBooker,93372,3419487,60612
2017-09-24,-1,2841,0,CoryBooker,93371,3422328,60612
2017-09-25,-9,3183,0,CoryBooker,93362,3425511,60612
2017-09-26,-2,2996,2,CoryBooker,93360,3428507,60614
2017-09-27,24,3140,7,CoryBooker,93384,3431647,60621
2017-09-28,-5,2988,13,CoryBooker,93379,3434635,60634
2017-09-29,-10,2068,-1,CoryBooker,93369,3436703,60633
2017-09-30,1,2044,0,CoryBooker,93370,3438747,60633
2017-10-01,-4,2376,0,CoryBooker,93366,3441123,60633
2017-10-02,0,2700,4,CoryBooker,93366,3443823,60637
2017-10-03,-5,2653,1,CoryBooker,93361,3446476,60638
2017-10-04,-7,2317,2,CoryBooker,93354,3448793,60640
2017-10-05,-3,-3377,4,CoryBooker,93351,3445416,60644
2017-10-06,3,1571,11,CoryBooker,93354,3446987,60655
2017-10-07,-7,2170,0,CoryBooker,93347,3449157,60655
2017-10-08,-3,2308,0,CoryBooker,93344,3451465,60655
2017-10-09,-4,2719,0,CoryBooker,93340,3454184,60655
2017-10-10,-7,2215,0,CoryBooker,93333,3456399,60655
2017-10-11,-1,2763,2,CoryBooker,93332,3459162,60657
2017-10-12,-3,3031,3,CoryBooker,93329,3462193,60660
2017-10-13,-6,2614,21,CoryBooker,93323,3464807,60681
2017-10-14,-1,2399,5,CoryBooker,93322,3467206,60686
2017-10-15,-1,2229,0,CoryBooker,93321,3469435,60686
2017-10-16,-9,2335,7,CoryBooker,93312,3471770,60693
2017-10-17,36,3066,25,CoryBooker,93348,3474836,60718
2017-10-18,2,2508,4,CoryBooker,93350,3477344,60722
2017-10-19,-8,2810,1,CoryBooker,93342,3480154,60723
2017-10-20,39,2452,7,CoryBooker,93381,3482606,60730
2017-10-21,-2,2426,3,CoryBooker,93379,3485032,60733
2017-10-22,-1,2458,4,CoryBooker,93378,3487490,60737
2017-10-23,44,2431,20,CoryBooker,93422,3489921,60757
2017-10-24,17,3337,21,CoryBooker,93439,3493258,60778
2017-10-25,-6,4257,6,CoryBooker,93433,3497515,60784
2017-10-26,-2,2165,12,CoryBooker,93431,3499680,60796
2017-10-27,-7,2246,6,CoryBooker,93424,3501926,60802
2017-10-28,-4,2457,0,CoryBooker,93420,3504383,60802
2017-10-29,-2,2404,0,CoryBooker,93418,3506787,60802
2017-10-30,-3,2900,5,CoryBooker,93415,3509687,60807
2017-10-31,-1,2839,3,CoryBooker,93414,3512526,60810
2017-11-01,-7,2435,3,CoryBooker,93407,3514961,60813
2017-11-02,2,3010,0,CoryBooker,93409,3517971,60813
2017-11-03,-3,798,8,CoryBooker,93406,3518769,60821
2017-11-04,-4,525,13,CoryBooker,93402,3519294,60834
2017-11-05,-9,1842,1,CoryBooker,93393,3521136,60835
2017-11-06,-6,1535,2,CoryBooker,93387,3522671,60837
2017-11-07,4,1446,16,CoryBooker,93391,3524117,60853
2017-11-08,27,1556,31,CoryBooker,93418,3525673,60884
2017-11-09,-1,3692,-1,CoryBooker,93417,3529365,60883
2017-11-10,6,957,13,CoryBooker,93423,3530322,60896
2017-11-11,-7,729,0,CoryBooker,93416,3531051,60896
2017-11-12,3,183,2,CoryBooker,93419,3531234,60898
2017-11-13,2,332,3,CoryBooker,93421,3531566,60901
2017-11-14,-8,426,-25,CoryBooker,93413,3531992,60876
2017-11-15,4,526,1,CoryBooker,93417,3532518,60877
2017-11-16,-4,878,0,CoryBooker,93413,3533396,60877
2017-11-17,-8,652,0,CoryBooker,93405,3534048,60877
2017-11-18,-6,45,0,CoryBooker,93399,3534093,60877
2017-11-19,-6,217,0,CoryBooker,93393,3534310,60877
2017-11-20,30,794,15,CoryBooker,93423,3535104,60892
2017-11-21,-4,418,3,CoryBooker,93419,3535522,60895
2017-11-22,22,1243,20,CoryBooker,93441,3536765,60915
2017-11-23,-2,1068,1,CoryBooker,93439,3537833,60916
2017-11-24,2,1027,-1,CoryBooker,93441,3538860,60915
2017-11-25,-9,992,-2,CoryBooker,93432,3539852,60913
2017-11-26,-4,1060,0,CoryBooker,93428,3540912,60913
2017-11-27,-2,1172,0,CoryBooker,93426,3542084,60913
2017-11-28,-1,1725,1,CoryBooker,93425,3543809,60914
2017-11-29,-5,1918,11,CoryBooker,93420,3545727,60925
2017-11-30,-2,2277,1,CoryBooker,93418,3548004,60926
2017-12-01,-1,2366,2,CoryBooker,93417,3550370,60928
2017-12-02,65,4231,41,CoryBooker,93482,3554601,60969
2017-12-03,-6,4410,0,CoryBooker,93476,3559011,60969
2017-12-04,-9,2924,3,CoryBooker,93467,3561935,60972
2017-12-05,-8,3301,2,CoryBooker,93459,3565236,60974
2017-12-06,-1,3122,1,CoryBooker,93458,3568358,60975
2017-12-07,-1,3506,0,CoryBooker,93457,3571864,60975
2017-12-08,19,3191,11,CoryBooker,93476,3575055,60986
2017-12-09,-3,2632,5,CoryBooker,93473,3577687,60991
2017-12-10,2,4966,9,CoryBooker,93475,3582653,61000
2017-12-11,-4,4788,1,CoryBooker,93471,3587441,61001
2017-12-12,-6,2028,1,CoryBooker,93465,3589469,61002
2017-12-13,-7,8850,7,CoryBooker,93458,3598319,61009
2017-12-14,-3,12067,15,CoryBooker,93455,3610386,61024
2017-12-15,0,2318,0,CoryBooker,93455,3612704,61024
2017-12-16,-3,3488,3,CoryBooker,93452,3616192,61027
2017-12-17,0,1656,0,CoryBooker,93452,3617848,61027
2017-12-18,-5,3790,0,CoryBooker,93447,3621638,61027
2017-12-19,-2,3849,1,CoryBooker,93445,3625487,61028
2017-12-20,0,4255,4,CoryBooker,93445,3629742,61032
2017-12-21,-5,6709,7,CoryBooker,93440,3636451,61039
2017-12-22,-5,7114,3,CoryBooker,93435,3643565,61042
2017-12-23,-2,5770,2,CoryBooker,93433,3649335,61044
2017-12-24,1,7176,3,CoryBooker,93434,3656511,61047
2017-12-25,-6,6335,-1,CoryBooker,93428,3662846,61046
2017-12-26,33,6217,26,CoryBooker,93461,3669063,61072
2017-12-27,-2,7031,0,CoryBooker,93459,3676094,61072
2017-12-28,-12,11539,0,CoryBooker,93447,3687633,61072
2017-12-29,-1,12756,2,CoryBooker,93446,3700389,61074
2017-12-30,28,5096,12,CoryBooker,93474,3705485,61086
2017-12-31,2,5217,0,CoryBooker,93476,3710702,61086
2018-01-01,-9,4750,0,CoryBooker,93467,3715452,61086
2018-01-02,-6,6073,0,CoryBooker,93461,3721525,61086
2018-01-03,94,4288,21,CoryBooker,93555,3725813,61107
2018-01-04,-3,10704,3,CoryBooker,93552,3736517,61110
2018-01-05,-1,13798,7,CoryBooker,93551,3750315,61117
2018-01-06,-1,3400,0,CoryBooker,93550,3753715,61117
2018-01-07,-3,4821,0,CoryBooker,93547,3758536,61117
2018-01-08,-7,6806,0,CoryBooker,93540,3765342,61117
2018-01-09,-3,1884,16,CoryBooker,93537,3767226,61133
2018-01-10,-4,3377,16,CoryBooker,93533,3770603,61149
2018-01-11,-5,12452,1,CoryBooker,93528,3783055,61150
2018-01-12,-1,8296,12,CoryBooker,93527,3791351,61162
2018-01-13,-5,518,9,CoryBooker,93522,3791869,61171
2018-01-14,-4,1459,0,CoryBooker,93518,3793328,61171
2018-01-15,-4,2349,3,CoryBooker,93514,3795677,61174
2018-01-16,17,2196,32,CoryBooker,93531,3797873,61206
2018-01-17,-10,21833,12,CoryBooker,93521,3819706,61218
2018-01-18,-3,7537,11,CoryBooker,93518,3827243,61229
2018-01-19,-7,8808,0,CoryBooker,93511,3836051,61229
2018-01-20,-3,1908,18,CoryBooker,93508,3837959,61247
2018-01-21,-5,1963,1,CoryBooker,93503,3839922,61248
2018-01-22,-6,2459,0,CoryBooker,93497,3842381,61248
2018-01-23,-14,-3363,8,CoryBooker,93483,3839018,61256
2018-01-24,-4,226,4,CoryBooker,93479,3839244,61260
2018-01-25,-11,3312,13,CoryBooker,93468,3842556,61273
2018-01-26,8,5537,17,CoryBooker,93476,3848093,61290
2018-01-27,-2,4419,4,CoryBooker,93474,3852512,61294
2018-01-28,-6,1303,0,CoryBooker,93468,3853815,61294
2018-01-29,-6,288,0,CoryBooker,93462,3854103,61294
2018-01-30,2,2620,28,CoryBooker,93464,3856723,61322
2018-01-31,2,4539,8,CoryBooker,93466,3861262,61330
2018-02-01,2,5234,9,CoryBooker,93468,3866496,61339
2018-02-02,-7,221,9,CoryBooker,93461,3866717,61348
2018-02-03,-4,5001,0,CoryBooker,93457,3871718,61348
2018-02-04,-4,6722,0,CoryBooker,93453,3878440,61348
2018-02-05,-1,2892,8,CoryBooker,93452,3881332,61356
2018-02-06,6,2893,1,CoryBooker,93458,3884225,61357
2018-02-07,-4,2868,4,CoryBooker,93454,3887093,61361
2018-02-08,-10,2854,2,CoryBooker,93444,3889947,61363
2018-02-09,-3,3515,8,CoryBooker,93441,3893462,61371
2018-02-10,-10,934,3,CoryBooker,93431,3894396,61374
2018-02-11,-6,6922,0,CoryBooker,93425,3901318,61374
2018-02-12,-6,5612,0,CoryBooker,93419,3906930,61374
2018-02-13,-2,-1937,0,CoryBooker,93417,3904993,61374
2018-02-14,-15,169,5,CoryBooker,93402,3905162,61379
2018-02-15,56,1825,5,CoryBooker,93458,3906987,61384
2018-02-16,-2,-544,1,CoryBooker,93456,3906443,61385
2018-02-17,-1,1927,1,CoryBooker,93455,3908370,61386
2018-02-18,3,1533,5,CoryBooker,93458,3909903,61391
2018-02-19,-5,1568,0,CoryBooker,93453,3911471,61391
2018-02-20,-7,1340,5,CoryBooker,93446,3912811,61396
2018-02-21,-9,1670,1,CoryBooker,93437,3914481,61397
2018-02-22,1,3073,0,CoryBooker,93438,3917554,61397
2018-02-23,-2,3805,2,CoryBooker,93436,3921359,61399
2018-02-24,-1,4058,7,CoryBooker,93435,3925417,61406
2018-02-25,0,4587,0,CoryBooker,93435,3930004,61406
2018-02-26,-3,3493,19,CoryBooker,93432,3933497,61425
2018-02-27,7,4615,10,CoryBooker,93439,3938112,61435
2018-02-28,0,3389,1,CoryBooker,93439,3941501,61436
2018-03-01,-9,2266,0,CoryBooker,93430,3943767,61436
2018-03-02,-4,-1856,0,CoryBooker,93426,3941911,61436
2018-03-03,-1,1189,4,CoryBooker,93425,3943100,61440
2018-03-04,0,3855,3,CoryBooker,93425,3946955,61443
2018-03-05,19,4523,1,CoryBooker,93444,3951478,61444
2018-03-06,8,4871,5,CoryBooker,93452,3956349,61449
2018-03-07,-1,4736,3,CoryBooker,93451,3961085,61452
2018-03-08,-3,3971,1,CoryBooker,93448,3965056,61453
2018-03-09,-4,3237,1,CoryBooker,93444,3968293,61454
2018-03-10,-8,2858,5,CoryBooker,93436,3971151,61459
2018-03-11,-7,3258,0,CoryBooker,93429,3974409,61459
2018-03-12,-4,2879,13,CoryBooker,93425,3977288,61472
2018-03-13,-3,3149,3,CoryBooker,93422,3980437,61475
2018-03-14,-6,4491,13,CoryBooker,93416,3984928,61488
2018-03-15,4,4554,4,CoryBooker,93420,3989482,61492
2018-03-16,-3,4089,2,CoryBooker,93417,3993571,61494
2018-03-17,-8,3980,0,CoryBooker,93409,3997551,61494
2018-03-18,-5,3588,0,CoryBooker,93404,4001139,61494
2018-03-19,0,4066,1,CoryBooker,93404,4005205,61495
2018-03-20,-8,3188,1,CoryBooker,93396,4008393,61496
2018-03-21,-13,3312,1,CoryBooker,93383,4011705,61497
2018-03-22,-6,3587,11,CoryBooker,93377,4015292,61508
2018-03-23,1,4086,10,CoryBooker,93378,4019378,61518
2018-03-24,-27,3798,1,CoryBooker,93351,4023176,61519
2018-03-25,-28,3965,0,CoryBooker,93323,4027141,61519
2018-03-26,-4,3925,0,CoryBooker,93319,4031066,61519
2018-03-27,1,3868,0,CoryBooker,93320,4034934,61519
2018-03-28,-10,4060,5,CoryBooker,93310,4038994,61524
2018-03-29,-1,4670,3,CoryBooker,93309,4043664,61527
2018-03-30,1,5043,0,CoryBooker,93310,4048707,61527
2018-03-31,-4,4915,1,CoryBooker,93306,4053622,61528
2018-04-01,-3,4378,-1,CoryBooker,93303,4058000,61527
2018-04-02,-5,4570,11,CoryBooker,93298,4062570,61538
2018-04-03,-4,5378,0,CoryBooker,93294,4067948,61538
2018-04-04,-3,3423,0,CoryBooker,93291,4071371,61538
2018-04-05,-1,4834,1,CoryBooker,93290,4076205,61539
2018-04-06,-2,4487,-1,CoryBooker,93288,4080692,61538
2018-04-07,-1,5526,0,CoryBooker,93287,4086218,61538
2018-04-08,-1,4404,0,CoryBooker,93286,4090622,61538
2018-04-09,-10,6143,0,CoryBooker,93276,4096765,61538
2018-04-10,0,6406,13,CoryBooker,93276,4103171,61551
2018-04-11,-3,6529,1,CoryBooker,93273,4109700,61552
2018-04-12,-1,7617,1,CoryBooker,93272,4117317,61553
2018-04-13,-2,6460,1,CoryBooker,93270,4123777,61554
2018-04-14,0,6738,15,CoryBooker,93270,4130515,61569
2018-04-15,-4,7622,5,CoryBooker,93266,4138137,61574
2018-04-16,-10,6957,1,CoryBooker,93256,4145094,61575
2018-04-17,3,6214,7,CoryBooker,93259,4151308,61582
2018-04-18,-4,3490,2,CoryBooker,93255,4154798,61584
2018-04-19,-7,3959,6,CoryBooker,93248,4158757,61590
2018-04-20,12,4714,0,CoryBooker,93260,4163471,61590
2018-04-21,-5,4214,2,CoryBooker,93255,4167685,61592
2018-04-22,-5,4529,0,CoryBooker,93250,4172214,61592
2018-04-23,3,4276,12,CoryBooker,93253,4176490,61604
2018-04-24,-6,4368,4,CoryBooker,93247,4180858,61608
2018-04-25,-5,4432,14,CoryBooker,93242,4185290,61622
2018-04-26,-4,4023,5,CoryBooker,93238,4189313,61627
2018-04-27,-1,2955,6,CoryBooker,93237,4192268,61633
2018-04-28,-3,2454,10,CoryBooker,93234,4194722,61643
2018-04-29,-4,1736,0,CoryBooker,93230,4196458,61643
2018-04-30,-8,2475,0,CoryBooker,93222,4198933,61643
2018-05-01,-9,-839,8,CoryBooker,93213,4198094,61651
2018-05-02,-1,-3222,2,CoryBooker,93212,4194872,61653
2018-05-03,-13,-1901,0,CoryBooker,93199,4192971,61653
2018-05-04,-24,-317,3,CoryBooker,93175,4192654,61656
2018-05-05,-4,-10316,8,CoryBooker,93171,4182338,61664
2018-05-06,74,-4397,14,CoryBooker,93245,4177941,61678
2018-05-07,3,637,6,CoryBooker,93248,4178578,61684
2018-05-08,-10,428,3,CoryBooker,93238,4179006,61687
2018-05-09,-4,65,8,CoryBooker,93234,4179071,61695
2018-05-10,5,291,1,CoryBooker,93239,4179362,61696
2018-05-11,-3,536,1,CoryBooker,93236,4179898,61697
2018-05-12,-5,-12764,13,CoryBooker,93231,4167134,61710
2018-05-13,14,4750,17,CoryBooker,93245,4171884,61727
2018-05-14,7,4979,20,CoryBooker,93252,4176863,61747
2018-05-15,-3,-22311,1,CoryBooker,93249,4154552,61748
2018-05-16,18,-1961,15,CoryBooker,93267,4152591,61763
2018-05-17,8,-1438,10,CoryBooker,93275,4151153,61773
2018-05-18,-33,-13385,9,CoryBooker,93242,4137768,61782
2018-05-19,-5,-318,3,CoryBooker,93237,4137450,61785
2018-05-20,1,3063,1,CoryBooker,93238,4140513,61786
2018-05-21,-4,-1699,10,CoryBooker,93234,4138814,61796
2018-05-22,-7,-370,0,CoryBooker,93227,4138444,61796
2018-05-23,-11,-11747,7,CoryBooker,93216,4126697,61803
2018-05-24,-9,-265,2,CoryBooker,93207,4126432,61805
2018-05-25,-4,-964,2,CoryBooker,93203,4125468,61807
2018-05-26,-22,-128,0,CoryBooker,93181,4125340,61807
2018-05-27,-3,-101,0,CoryBooker,93178,4125239,61807
2018-05-28,0,-259,0,CoryBooker,93178,4124980,61807
2018-05-29,-12,-511,0,CoryBooker,93166,4124469,61807
2018-05-30,-2,-520,-1,CoryBooker,93164,4123949,61806
2018-05-31,-2,-1043,1,CoryBooker,93162,4122906,61807
2018-06-01,-10,-280,0,CoryBooker,93152,4122626,61807
2018-06-02,-9,5,0,CoryBooker,93143,4122631,61807
2018-06-03,-7,93,0,CoryBooker,93136,4122724,61807
2018-06-04,-5,96,0,CoryBooker,93131,4122820,61807
2018-06-05,-3,149,2,CoryBooker,93128,4122969,61809
2018-06-06,-2,-268,15,CoryBooker,93126,4122701,61824
2018-06-07,4,1051,17,CoryBooker,93130,4123752,61841
2018-06-08,-2,-34,0,CoryBooker,93128,4123718,61841
2018-06-09,-1,-31,1,CoryBooker,93127,4123687,61842
2018-06-10,-1,-3,9,CoryBooker,93126,4123684,61851
2018-06-11,8,-189,4,CoryBooker,93134,4123495,61855
2018-06-12,-1,-83,2,CoryBooker,93133,4123412,61857
2018-06-13,-6,-443,0,CoryBooker,93127,4122969,61857
2018-06-14,-1,-49,1,CoryBooker,93126,4122920,61858
2018-06-15,1,-45,2,CoryBooker,93127,4122875,61860
2018-06-16,-6,-101,4,CoryBooker,93121,4122774,61864
2018-06-17,-2,-143,0,CoryBooker,93119,4122631,61864
2018-06-18,-7,79,1,CoryBooker,93112,4122710,61865
2018-06-19,-5,115,11,CoryBooker,93107,4122825,61876
2018-06-20,-5,218,0,CoryBooker,93102,4123043,61876
2018-06-21,3,302,1,CoryBooker,93105,4123345,61877
2018-06-22,-5,119,-1,CoryBooker,93100,4123464,61876
2018-06-23,-2,-1023,4,CoryBooker,93098,4122441,61880
2018-06-24,-7,207,6,CoryBooker,93091,4122648,61886
2018-06-25,-23,147,0,CoryBooker,93068,4122795,61886
2018-06-26,-2,369,0,CoryBooker,93066,4123164,61886
2018-06-27,-1,490,1,CoryBooker,93065,4123654,61887
2018-06-28,-5,-4740,1,CoryBooker,93060,4118914,61888
2018-06-29,1,877,14,CoryBooker,93061,4119791,61902
2018-06-30,-2,813,10,CoryBooker,93059,4120604,61912
2018-07-01,-7,584,0,CoryBooker,93052,4121188,61912
2018-07-02,31,160,34,CoryBooker,93083,4121348,61946
2018-07-03,-4,397,0,CoryBooker,93079,4121745,61946
2018-07-04,-4,-2130,1,CoryBooker,93075,4119615,61947
2018-07-05,-2,-798,0,CoryBooker,93073,4118817,61947
2018-07-06,-8,166,0,CoryBooker,93065,4118983,61947
2018-07-07,-2,174,0,CoryBooker,93063,4119157,61947
2018-07-08,-2,115,0,CoryBooker,93061,4119272,61947
2018-07-09,-2,-15,-1,CoryBooker,93059,4119257,61946
2018-07-10,45,662,26,CoryBooker,93104,4119919,61972
2018-07-11,-7,-153,7,CoryBooker,93097,4119766,61979
2018-07-12,-4,178,1,CoryBooker,93093,4119944,61980
2018-07-13,-2,-140783,11,CoryBooker,93091,3979161,61991
2018-07-14,15,-307,19,CoryBooker,93106,3978854,62010
2018-07-15,2,-101,5,CoryBooker,93108,3978753,62015
2018-07-16,0,140,0,CoryBooker,93108,3978893,62015
2018-07-17,4,1484,16,CoryBooker,93112,3980377,62031
2018-07-18,-7,-3755,3,CoryBooker,93105,3976622,62034
2018-07-19,-6,-2591,10,CoryBooker,93099,3974031,62044
2018-07-20,-3,-411,6,CoryBooker,93096,3973620,62050
2018-07-21,-4,-260,-2,CoryBooker,93092,3973360,62048
2018-07-22,-7,80,-1,CoryBooker,93085,3973440,62047
2018-07-23,-4,-276,-2,CoryBooker,93081,3973164,62045
2018-07-24,-8,-492,6,CoryBooker,93073,3972672,62051
2018-07-25,-1,-1317,0,CoryBooker,93072,3971355,62051
2018-07-26,-1,-89,15,CoryBooker,93071,3971266,62066
2018-07-27,-7,-223,7,CoryBooker,93064,3971043,62073
2018-07-28,-8,-343,4,CoryBooker,93056,3970700,62077
2018-07-29,-1,-223,-1,CoryBooker,93055,3970477,62076
2018-07-30,-12,-514,1,CoryBooker,93043,3969963,62077
2018-07-31,-10,-548,3,CoryBooker,93033,3969415,62080
2018-08-01,-8,-573,2,CoryBooker,93025,3968842,62082
2018-08-02,-2,-492,-2,CoryBooker,93023,3968350,62080
2018-08-03,-5,-454,1,CoryBooker,93018,3967896,62081
2018-08-04,-6,-81,1,CoryBooker,93012,3967815,62082
2018-08-05,1,201,-1,CoryBooker,93013,3968016,62081
2018-08-06,-1,323,2,CoryBooker,93012,3968339,62083
2018-08-07,-7,155,0,CoryBooker,93005,3968494,62083
2018-08-08,-13,127,12,CoryBooker,92992,3968621,62095
2018-08-09,-9,73,1,CoryBooker,92983,3968694,62096
2018-08-10,-9,261,0,CoryBooker,92974,3968955,62096
2018-08-11,-8,146,0,CoryBooker,92966,3969101,62096
2018-08-12,-5,102,6,CoryBooker,92961,3969203,62102
2018-08-13,-8,7,-1,CoryBooker,92953,3969210,62101
2018-08-14,-3,-39,0,CoryBooker,92950,3969171,62101
2018-08-15,-6,160,7,CoryBooker,92944,3969331,62108
2018-08-16,-10,-96,1,CoryBooker,92934,3969235,62109
2018-08-17,-8,87,1,CoryBooker,92926,3969322,62110
2018-08-18,-11,-4,0,CoryBooker,92915,3969318,62110
2018-08-19,-4,174,-3,CoryBooker,92911,3969492,62107
2018-08-20,-5,10,0,CoryBooker,92906,3969502,62107
2018-08-21,2,5,1,CoryBooker,92908,3969507,62108
2018-08-22,3,746,0,CoryBooker,92911,3970253,62108
2018-08-23,-7,72,6,CoryBooker,92904,3970325,62114
2018-08-24,-6,147,4,CoryBooker,92898,3970472,62118
2018-08-25,-5,260,-1,CoryBooker,92893,3970732,62117
2018-08-26,-3,1455,7,CoryBooker,92890,3972187,62124
2018-08-27,-13,-382,-2,CoryBooker,92877,3971805,62122
2018-08-28,0,402,0,CoryBooker,92877,3972207,62122
2018-08-29,-4,152,-1,CoryBooker,92873,3972359,62121
2018-08-30,24,598,2,CoryBooker,92897,3972957,62123
2018-08-31,-8,541,0,CoryBooker,92889,3973498,62123
2018-09-01,-1,525,-1,CoryBooker,92888,3974023,62122
2018-09-02,1,1066,0,CoryBooker,92889,3975089,62122
2018-09-03,-2,609,1,CoryBooker,92887,3975698,62123
2018-09-04,-8,916,5,CoryBooker,92879,3976614,62128
2018-09-05,2,2260,35,CoryBooker,92881,3978874,62163
2018-09-06,-9,15525,18,CoryBooker,92872,3994399,62181
2018-09-07,-6,39773,30,CoryBooker,92866,4034172,62211
2018-09-08,-4,7458,5,CoryBooker,92862,4041630,62216
2018-09-09,-6,2795,2,CoryBooker,92856,4044425,62218
2018-09-10,-4,1160,11,CoryBooker,92852,4045585,62229
2018-09-11,-1,775,6,CoryBooker,92851,4046360,62235
2018-09-12,-5,861,2,CoryBooker,92846,4047221,62237
2018-09-13,3,849,4,CoryBooker,92849,4048070,62241
2018-09-14,-2,675,4,CoryBooker,92847,4048745,62245
2018-09-15,-3,760,-1,CoryBooker,92844,4049505,62244
2018-09-16,-7,707,0,CoryBooker,92837,4050212,62244
2018-09-17,-8,548,0,CoryBooker,92829,4050760,62244
2018-09-18,-7,378,0,CoryBooker,92822,4051138,62244
2018-09-19,-3,617,2,CoryBooker,92819,4051755,62246
2018-09-20,-11,766,9,CoryBooker,92808,4052521,62255
2018-09-21,0,627,1,CoryBooker,92808,4053148,62256
2018-09-22,-1,592,-1,CoryBooker,92807,4053740,62255
2018-09-23,-1,526,7,CoryBooker,92806,4054266,62262
2018-09-24,-15,537,4,CoryBooker,92791,4054803,62266
2018-09-25,-5,622,8,CoryBooker,92786,4055425,62274
2018-09-26,-5,694,9,CoryBooker,92781,4056119,62283
2018-09-27,-3,1338,2,CoryBooker,92778,4057457,62285
2018-09-28,-3,13298,2,CoryBooker,92775,4070755,62287
2018-09-29,-11,12051,2,CoryBooker,92764,4082806,62289
2018-09-30,-8,2389,0,CoryBooker,92756,4085195,62289
2018-10-01,-2,1593,0,CoryBooker,92754,4086788,62289
2018-10-02,-17,1052,0,CoryBooker,92737,4087840,62289
2018-10-03,-2,5678,3,CoryBooker,92735,4093518,62292
2018-10-04,0,2627,2,CoryBooker,92735,4096145,62294
2018-10-05,-3,2276,8,CoryBooker,92732,4098421,62302
2018-10-06,-10,2147,3,CoryBooker,92722,4100568,62305
2018-10-07,-3,2165,3,CoryBooker,92719,4102733,62308
2018-10-08,-2,3770,1,CoryBooker,92717,4106503,62309
2018-10-09,-17,4282,4,CoryBooker,92700,4110785,62313
2018-10-10,378,10290,4,CoryBooker,93078,4121075,62317
2018-10-11,2,3879,2,CoryBooker,93080,4124954,62319
2018-10-12,0,1341,0,CoryBooker,93080,4126295,62319
2018-10-13,-5,493,8,CoryBooker,93075,4126788,62327
2018-10-14,-6,198,1,CoryBooker,93069,4126986,62328
2018-10-15,-8,297,6,CoryBooker,93061,4127283,62334
2018-10-16,-11,382,0,CoryBooker,93050,4127665,62334
2018-10-17,-5,-528,1,CoryBooker,93045,4127137,62335
2018-10-18,0,-12,1,CoryBooker,93045,4127125,62336
2018-10-19,-6,-638,8,CoryBooker,93039,4126487,62344
2018-10-20,1,257,2,CoryBooker,93040,4126744,62346
2018-10-21,3,443,4,CoryBooker,93043,4127187,62350
2018-10-22,-6,568,4,CoryBooker,93037,4127755,62354
2018-10-23,-1,-1542,3,CoryBooker,93036,4126213,62357
2018-10-24,-9,-2159,0,CoryBooker,93027,4124054,62357
2018-10-25,-6,-440,17,CoryBooker,93021,4123614,62374
2018-10-26,-10,248,6,CoryBooker,93011,4123862,62380
2018-10-27,-5,2044,1,CoryBooker,93006,4125906,62381
2018-10-28,-9,443,1,CoryBooker,92997,4126349,62382
2018-10-29,2,294,9,CoryBooker,92999,4126643,62391
2018-10-30,-10,295,12,CoryBooker,92989,4126938,62403
2018-10-31,-6,508,7,CoryBooker,92983,4127446,62410
2018-11-01,-4,37,8,CoryBooker,92979,4127483,62418
2018-11-02,43,122,6,CoryBooker,93022,4127605,62424
2018-11-03,-4,347,2,CoryBooker,93018,4127952,62426
2018-11-04,8,-4589,8,CoryBooker,93026,4123363,62434
2018-11-05,3,-3218,8,CoryBooker,93029,4120145,62442
2018-11-06,0,280,37,CoryBooker,93029,4120425,62479
2018-11-07,-3,-2107,24,CoryBooker,93026,4118318,62503
2018-11-08,1,-3115,19,CoryBooker,93027,4115203,62522
2018-11-09,-7,-27005,8,CoryBooker,93020,4088198,62530
2018-11-10,-6,-8779,0,CoryBooker,93014,4079419,62530
2018-11-11,1,17,1,CoryBooker,93015,4079436,62531
2018-11-12,-3,459,2,CoryBooker,93012,4079895,62533
2018-11-13,-2,335,1,CoryBooker,93010,4080230,62534
2018-11-14,-6,-44,0,CoryBooker,93004,4080186,62534
2018-11-15,1,-210,1,CoryBooker,93005,4079976,62535
2018-11-16,-5,620,10,CoryBooker,93000,4080596,62545
2018-11-17,-2,-33,1,CoryBooker,92998,4080563,62546
2018-11-18,-3,422,1,CoryBooker,92995,4080985,62547
2018-11-19,-3,312,0,CoryBooker,92992,4081297,62547
2018-11-20,-2,171,9,CoryBooker,92990,4081468,62556
2018-11-21,-10,350,-1,CoryBooker,92980,4081818,62555
2018-11-22,-3,-836,2,CoryBooker,92977,4080982,62557
2018-11-23,-3,244,0,CoryBooker,92974,4081226,62557
2018-11-24,-3,612,0,CoryBooker,92971,4081838,62557
2018-11-25,-5,456,-1,CoryBooker,92966,4082294,62556
2018-11-26,-6,484,-1,CoryBooker,92960,4082778,62555
2018-11-27,12,412,10,CoryBooker,92972,4083190,62565
2018-11-28,-4,287,0,CoryBooker,92968,4083477,62565
2018-12-01,-13,943,20,CoryBooker,92955,4084420,62585
2018-12-02,4,224,5,CoryBooker,92959,4084644,62590
2018-12-03,-4,237,0,CoryBooker,92955,4084881,62590
2018-12-04,-9,356,1,CoryBooker,92946,4085237,62591
2018-12-05,0,-339,9,CoryBooker,92946,4084898,62600
2018-12-06,-5,-3473,0,CoryBooker,92941,4081425,62600
2018-12-07,2,-3272,3,CoryBooker,92943,4078153,62603
2018-12-08,-6,-2919,-1,CoryBooker,92937,4075234,62602
2018-12-09,-5,23,0,CoryBooker,92932,4075257,62602
2018-12-10,-4,218,0,CoryBooker,92928,4075475,62602
2018-12-11,-3,-342,0,CoryBooker,92925,4075133,62602
2018-12-12,-5,285,0,CoryBooker,92920,4075418,62602
2018-12-13,21,102,1,CoryBooker,92941,4075520,62603
2018-12-14,-5,293,10,CoryBooker,92936,4075813,62613
2018-12-15,0,587,1,CoryBooker,92936,4076400,62614
2018-12-16,-5,513,0,CoryBooker,92931,4076913,62614
2018-12-17,-6,296,3,CoryBooker,92925,4077209,62617
2018-12-18,30,58,7,CoryBooker,92955,4077267,62624
2018-12-19,8,257,3,CoryBooker,92963,4077524,62627
2018-12-20,-3,559,4,CoryBooker,92960,4078083,62631
2018-12-21,-5,259,1,CoryBooker,92955,4078342,62632
2018-12-22,-10,314,0,CoryBooker,92945,4078656,62632
2018-12-23,-1,479,0,CoryBooker,92944,4079135,62632
2018-12-24,-5,404,-1,CoryBooker,92939,4079539,62631
2018-12-25,-1,318,0,CoryBooker,92938,4079857,62631
2018-12-26,-3,323,0,CoryBooker,92935,4080180,62631
2018-12-27,-11,331,0,CoryBooker,92924,4080511,62631
2018-12-28,-4,323,0,CoryBooker,92920,4080834,62631
2018-12-29,65,327,10,CoryBooker,92985,4081161,62641
2018-12-30,3,626,0,CoryBooker,92988,4081787,62641
2018-12-31,-6,454,2,CoryBooker,92982,4082241,62643
2019-01-01,-9,449,0,CoryBooker,92973,4082690,62643
2019-01-02,-7,442,0,CoryBooker,92966,4083132,62643
2019-01-03,-15,452,0,CoryBooker,92951,4083584,62643
2019-01-04,1,1029,3,CoryBooker,92952,4084613,62646
2019-01-05,-4,979,1,CoryBooker,92948,4085592,62647
2019-01-06,-9,776,-1,CoryBooker,92939,4086368,62646
2019-01-07,-9,733,-1,CoryBooker,92930,4087101,62645
2019-01-08,-8,714,2,CoryBooker,92922,4087815,62647
2019-01-09,-5,963,3,CoryBooker,92917,4088778,62650
2019-01-10,-2,649,7,CoryBooker,92915,4089427,62657
2019-01-11,0,491,13,CoryBooker,92915,4089918,62670
2019-01-12,13,657,4,CoryBooker,92928,4090575,62674
2019-01-13,53,836,4,CoryBooker,92981,4091411,62678
2019-01-14,-5,615,1,CoryBooker,92976,4092026,62679
2019-01-15,-3,-154,-1,CoryBooker,92973,4091872,62678
2019-01-16,0,1034,26,CoryBooker,92973,4092906,62704
2019-01-17,-1,839,4,CoryBooker,92972,4093745,62708
2019-01-18,-7,766,7,CoryBooker,92965,4094511,62715
2019-01-19,-3,711,7,CoryBooker,92962,4095222,62722
2019-01-20,-1,569,1,CoryBooker,92961,4095791,62723
2019-01-21,-4,577,3,CoryBooker,92957,4096368,62726
2019-01-22,-3,1994,23,CoryBooker,92954,4098362,62749
2019-01-23,-8,1405,3,CoryBooker,92946,4099767,62752
2019-01-24,-7,743,6,CoryBooker,92939,4100510,62758
2019-01-25,-3,599,1,CoryBooker,92936,4101109,62759
2019-01-26,-1,570,1,CoryBooker,92935,4101679,62760
2019-01-27,-6,561,-1,CoryBooker,92929,4102240,62759
2019-01-28,-4,624,2,CoryBooker,92925,4102864,62761
2019-01-29,-12,588,3,CoryBooker,92913,4103452,62764
2019-01-30,-5,-171,3,CoryBooker,92908,4103281,62767
2019-01-31,-2,451,0,CoryBooker,92906,4103732,62767
2019-02-01,-2,-8,0,CoryBooker,92904,4103724,62767
2019-02-02,-7,35846,42,CoryBooker,92897,4139570,62809
2019-02-03,-5,8020,5,CoryBooker,92892,4147590,62814
2019-02-04,-2,2567,3,CoryBooker,92890,4150157,62817
2019-02-05,-12,1485,6,CoryBooker,92878,4151642,62823
2019-02-06,-4,2872,5,CoryBooker,92874,4154514,62828
2019-02-07,-1,2183,4,CoryBooker,92873,4156697,62832
2019-02-10,-19,4721,12,CoryBooker,92854,4161418,62844
2019-02-11,-3,2882,4,CoryBooker,92851,4164300,62848
2019-02-12,-3,2360,0,CoryBooker,92848,4166660,62848
2019-02-13,-5,439,4,CoryBooker,92843,4167099,62852
2019-02-14,-4,2787,0,CoryBooker,92839,4169886,62852
2019-02-15,-2,2514,5,CoryBooker,92837,4172400,62857
2019-02-16,-3,2859,4,CoryBooker,92834,4175259,62861
2019-02-17,-3,2248,6,CoryBooker,92831,4177507,62867
2019-02-18,-6,2160,9,CoryBooker,92825,4179667,62876
2019-02-19,1,1728,3,CoryBooker,92826,4181395,62879
2019-02-20,-4,2103,1,CoryBooker,92822,4183498,62880
2019-02-21,0,1744,3,CoryBooker,92822,4185242,62883
2019-02-22,-3,1505,14,CoryBooker,92819,4186747,62897
2019-02-23,-3,1316,5,CoryBooker,92816,4188063,62902
2019-02-24,-4,1497,6,CoryBooker,92812,4189560,62908
2019-02-25,-2,1471,7,CoryBooker,92810,4191031,62915
2019-02-26,-7,988,4,CoryBooker,92803,4192019,62919
2019-02-27,-13,1119,5,CoryBooker,92790,4193138,62924
2019-02-28,-9,1234,5,CoryBooker,92781,4194372,62929
2019-03-01,8,1149,10,CoryBooker,92789,4195521,62939
2019-03-02,-5,951,2,CoryBooker,92784,4196472,62941
2019-03-03,-3,812,4,CoryBooker,92781,4197284,62945
2019-03-04,1,794,6,CoryBooker,92782,4198078,62951
2019-03-05,-1,581,6,CoryBooker,92781,4198659,62957
2019-03-06,-6,668,4,CoryBooker,92775,4199327,62961
2019-03-07,3,605,3,CoryBooker,92778,4199932,62964
2019-03-08,-4,1131,4,CoryBooker,92774,4201063,62968
2019-03-09,-4,778,5,CoryBooker,92770,4201841,62973
2019-03-10,-6,228,6,CoryBooker,92764,4202069,62979
2019-03-11,-4,738,5,CoryBooker,92760,4202807,62984
2019-03-12,3,707,4,CoryBooker,92763,4203514,62988
2019-03-13,-4,595,3,CoryBooker,92759,4204109,62991
2019-03-14,-4,667,5,CoryBooker,92755,4204776,62996
2019-03-15,-6,1059,8,CoryBooker,92749,4205835,63004
2019-03-16,-3,1400,7,CoryBooker,92746,4207235,63011
2019-03-17,-5,1418,3,CoryBooker,92741,4208653,63014
2019-03-18,-7,1318,3,CoryBooker,92734,4209971,63017
2019-03-19,0,1629,0,CoryBooker,92734,4211600,63017
2019-03-20,-2,1452,6,CoryBooker,92732,4213052,63023
2019-03-21,-1,2062,10,CoryBooker,92731,4215114,63033
2019-03-22,-1,1804,7,CoryBooker,92730,4216918,63040
2019-03-23,1,883,6,CoryBooker,92731,4217801,63046
2019-03-24,-3,1757,7,CoryBooker,92728,4219558,63053
2019-03-25,-4,1911,5,CoryBooker,92724,4221469,63058
2019-03-26,-6,1088,7,CoryBooker,92718,4222557,63065
2019-03-27,7,995,5,CoryBooker,92725,4223552,63070
2019-03-28,6,1415,42,CoryBooker,92731,4224967,63112
2019-03-29,-2,1876,13,CoryBooker,92729,4226843,63125
2019-03-30,-8,1353,9,CoryBooker,92721,4228196,63134
2019-03-31,3,1444,6,CoryBooker,92724,4229640,63140
2019-04-01,-4,1326,7,CoryBooker,92720,4230966,63147
2019-04-02,-5,1028,3,CoryBooker,92715,4231994,63150
2019-04-03,-5,1341,6,CoryBooker,92710,4233335,63156
2019-04-04,-5,1199,2,CoryBooker,92705,4234534,63158
2019-04-05,-5,781,2,CoryBooker,92700,4235315,63160
2019-04-06,-1,467,3,CoryBooker,92699,4235782,63163
2019-04-07,-8,741,7,CoryBooker,92691,4236523,63170
2019-04-08,1,793,6,CoryBooker,92692,4237316,63176
2019-04-09,-6,403,6,CoryBooker,92686,4237719,63182
2019-04-10,-2,272,6,CoryBooker,92684,4237991,63188
2019-04-11,-3,159,-1,CoryBooker,92681,4238150,63187
2019-04-12,-6,416,10,CoryBooker,92675,4238566,63197
2019-04-13,7,-291,5,CoryBooker,92682,4238275,63202
2019-04-14,-2,443,32,CoryBooker,92680,4238718,63234
2019-04-15,-4,660,5,CoryBooker,92676,4239378,63239
2019-04-16,-6,496,7,CoryBooker,92670,4239874,63246
2019-04-17,-2,578,7,CoryBooker,92668,4240452,63253
2019-04-18,-10,357,9,CoryBooker,92658,4240809,63262
2019-04-19,-3,1331,5,CoryBooker,92655,4242140,63267
2019-04-20,2,-51,9,CoryBooker,92657,4242089,63276
2019-04-21,1,315,10,CoryBooker,92658,4242404,63286
2019-04-22,-8,268,2,CoryBooker,92650,4242672,63288
2019-04-23,-7,293,5,CoryBooker,92643,4242965,63293
2019-04-24,-1,335,8,CoryBooker,92642,4243300,63301
2019-04-25,-3,366,14,CoryBooker,92639,4243666,63315
2019-04-26,6,1451,6,CoryBooker,92645,4245117,63321
2019-04-27,-3,-156,8,CoryBooker,92642,4244961,63329
2019-04-28,1,302,9,CoryBooker,92643,4245263,63338
2019-04-29,-2,302,3,CoryBooker,92641,4245565,63341
2019-04-30,12,548,7,CoryBooker,92653,4246113,63348
2019-05-01,5,169,4,CoryBooker,92658,4246282,63352
2019-05-02,-7,571,8,CoryBooker,92651,4246853,63360
2019-05-03,-3,575,10,CoryBooker,92648,4247428,63370
2019-05-04,21,-16,8,CoryBooker,92669,4247412,63378
2019-05-05,3,123,5,CoryBooker,92672,4247535,63383
2019-05-06,0,230,3,CoryBooker,92672,4247765,63386
2019-05-07,-6,162,20,CoryBooker,92666,4247927,63406
2019-05-08,1,293,8,CoryBooker,92667,4248220,63414
2019-05-09,-2,165,8,CoryBooker,92665,4248385,63422
2019-05-10,-3,553,9,CoryBooker,92662,4248938,63431
2019-05-11,-9,-913,7,CoryBooker,92653,4248025,63438
2019-05-12,-2,10,5,CoryBooker,92651,4248035,63443
2019-05-14,-9,-472,11,CoryBooker,92642,4247563,63454
2019-05-15,-7,-170,6,CoryBooker,92635,4247393,63460
2019-05-16,2,540,9,CoryBooker,92637,4247933,63469
2019-05-17,-7,634,5,CoryBooker,92630,4248567,63474
2019-05-18,6,322,6,CoryBooker,92636,4248889,63480
2019-05-19,-7,205,4,CoryBooker,92629,4249094,63484
2019-05-20,8,116,2,CoryBooker,92637,4249210,63486
2019-05-21,0,345,7,CoryBooker,92637,4249555,63493
2019-05-22,-5,-128,4,CoryBooker,92632,4249427,63497
2019-05-23,-4,231,12,CoryBooker,92628,4249658,63509
2019-05-24,-10,222,9,CoryBooker,92618,4249880,63518
2019-05-25,-2,252,7,CoryBooker,92616,4250132,63525
2019-05-26,6,189,6,CoryBooker,92622,4250321,63531
2019-05-27,-1,158,3,CoryBooker,92621,4250479,63534
2019-05-28,-2,120,9,CoryBooker,92619,4250599,63543
2019-05-29,-13,109,6,CoryBooker,92606,4250708,63549
2019-05-30,-2,927,8,CoryBooker,92604,4251635,63557
2019-05-31,-14,429,6,CoryBooker,92590,4252064,63563
2019-06-01,-4,79,12,CoryBooker,92586,4252143,63575
2019-06-02,-5,-24,17,CoryBooker,92581,4252119,63592
2019-06-03,0,342,8,CoryBooker,92581,4252461,63600
2019-06-04,-1,329,11,CoryBooker,92580,4252790,63611
2019-06-05,-1,224,5,CoryBooker,92579,4253014,63616
2019-06-06,36,348,7,CoryBooker,92615,4253362,63623
2019-06-07,-3,123,10,CoryBooker,92612,4253485,63633
2019-06-08,-4,62,7,CoryBooker,92608,4253547,63640
2019-06-09,-2,593,8,CoryBooker,92606,4254140,63648
2019-06-10,-10,-321,11,CoryBooker,92596,4253819,63659
2019-06-11,1,128,8,CoryBooker,92597,4253947,63667
2019-06-12,-10,664,6,CoryBooker,92587,4254611,63673
2019-06-13,-10,-261,7,CoryBooker,92577,4254350,63680
2019-06-14,4,212,7,CoryBooker,92581,4254562,63687
2019-06-15,-1,236,8,CoryBooker,92580,4254798,63695
2019-06-16,3,340,7,CoryBooker,92583,4255138,63702
2019-06-17,-4,166,12,CoryBooker,92579,4255304,63714
2019-06-18,-1,-303,3,CoryBooker,92578,4255001,63717
2019-06-19,-2,-49,5,CoryBooker,92576,4254952,63722
2019-06-20,1,1494,6,CoryBooker,92577,4256446,63728
2019-06-21,1,1437,10,CoryBooker,92578,4257883,63738
2019-06-22,-6,334,6,CoryBooker,92572,4258217,63744
2019-06-23,-1,364,5,CoryBooker,92571,4258581,63749
2019-06-24,-3,219,4,CoryBooker,92568,4258800,63753
2019-06-25,104,9,3,CoryBooker,92672,4258809,63756
2019-06-26,-5,90,8,CoryBooker,92667,4258899,63764
2019-06-27,0,8770,42,CoryBooker,92667,4267669,63806
2019-06-28,0,5278,12,CoryBooker,92667,4272947,63818
2019-06-29,-3,3378,5,CoryBooker,92664,4276325,63823
2019-06-30,-1,6972,4,CoryBooker,92663,4283297,63827
2019-07-01,-2,4999,7,CoryBooker,92661,4288296,63834
2019-07-02,-11,1706,8,CoryBooker,92650,4290002,63842
2019-07-03,-8,1182,10,CoryBooker,92642,4291184,63852
2019-07-04,-14,1005,18,CoryBooker,92628,4292189,63870
2019-07-05,-5,896,15,CoryBooker,92623,4293085,63885
2019-07-06,-2,726,6,CoryBooker,92621,4293811,63891
2019-07-07,0,570,12,CoryBooker,92621,4294381,63903
2019-07-08,-5,619,6,CoryBooker,92616,4295000,63909
2019-07-09,2,871,7,CoryBooker,92618,4295871,63916
2019-07-10,0,512,7,CoryBooker,92618,4296383,63923
2019-07-11,-3,494,7,CoryBooker,92615,4296877,63930
2019-07-12,-2,874,9,CoryBooker,92613,4297751,63939
2019-07-13,-2,34,9,CoryBooker,92611,4297785,63948
2019-07-14,-5,279,6,CoryBooker,92606,4298064,63954
2019-07-15,-3,644,4,CoryBooker,92603,4298708,63958
2019-07-16,-5,1048,7,CoryBooker,92598,4299756,63965
2019-07-17,-8,700,4,CoryBooker,92590,4300456,63969
2019-07-18,-1,-22,8,CoryBooker,92589,4300434,63977
2019-07-19,-5,678,7,CoryBooker,92584,4301112,63984
2019-07-20,4,458,6,CoryBooker,92588,4301570,63990
2019-07-21,-4,530,6,CoryBooker,92584,4302100,63996
2019-07-22,-6,347,5,CoryBooker,92578,4302447,64001
2019-07-23,-5,418,2,CoryBooker,92573,4302865,64003
2019-07-24,-2,360,9,CoryBooker,92571,4303225,64012
2019-07-25,-4,472,10,CoryBooker,92567,4303697,64022
2019-07-26,-7,350,10,CoryBooker,92560,4304047,64032
2019-07-27,-8,204,6,CoryBooker,92552,4304251,64038
2019-07-28,-8,379,2,CoryBooker,92544,4304630,64040
2019-07-29,-3,341,3,CoryBooker,92541,4304971,64043
2019-07-30,-3,184,5,CoryBooker,92538,4305155,64048
2019-07-31,-10,782,2,CoryBooker,92528,4305937,64050
2019-08-01,-8,5296,33,CoryBooker,92520,4311233,64083
2019-08-02,-7,2156,17,CoryBooker,92513,4313389,64100
2019-08-03,-10,2137,4,CoryBooker,92503,4315526,64104
2019-08-04,-6,1985,5,CoryBooker,92497,4317511,64109
2019-08-05,-6,2542,2,CoryBooker,92491,4320053,64111
2019-08-06,-7,3522,6,CoryBooker,92484,4323575,64117
2019-08-07,-8,2111,3,CoryBooker,92476,4325686,64120
2019-08-08,-12,2076,19,CoryBooker,92464,4327762,64139
2019-08-09,-12,1318,5,CoryBooker,92452,4329080,64144
2019-08-10,1,948,6,CoryBooker,92453,4330028,64150
2019-08-11,-9,926,9,CoryBooker,92444,4330954,64159
2019-08-12,1,1050,2,CoryBooker,92445,4332004,64161
2019-08-13,-4,860,3,CoryBooker,92441,4332864,64164
2019-08-14,1,862,5,CoryBooker,92442,4333726,64169
2016-12-31,0,74,0,PeteButtigieg,1444,19711,3681
2017-01-01,1,33,4,PeteButtigieg,1445,19744,3685
2017-01-02,0,38,1,PeteButtigieg,1445,19782,3686
2017-01-03,4,53,2,PeteButtigieg,1449,19835,3688
2017-01-04,0,41,1,PeteButtigieg,1449,19876,3689
2017-01-05,0,56,5,PeteButtigieg,1449,19932,3694
2017-01-06,4,1476,5,PeteButtigieg,1453,21408,3699
2017-01-07,2,441,2,PeteButtigieg,1455,21849,3701
2017-01-08,9,160,1,PeteButtigieg,1464,22009,3702
2017-01-09,3,124,2,PeteButtigieg,1467,22133,3704
2017-01-10,2,198,8,PeteButtigieg,1469,22331,3712
2017-01-11,5,120,6,PeteButtigieg,1474,22451,3718
2017-01-12,2,103,5,PeteButtigieg,1476,22554,3723
2017-01-13,11,88,1,PeteButtigieg,1487,22642,3724
2017-01-14,3,88,5,PeteButtigieg,1490,22730,3729
2017-01-15,7,263,8,PeteButtigieg,1497,22993,3737
2017-01-16,2,160,5,PeteButtigieg,1499,23153,3742
2017-01-17,1,79,4,PeteButtigieg,1500,23232,3746
2017-01-18,0,224,6,PeteButtigieg,1500,23456,3752
2017-01-19,3,351,2,PeteButtigieg,1503,23807,3754
2017-01-20,0,437,6,PeteButtigieg,1503,24244,3760
2017-01-21,12,405,22,PeteButtigieg,1515,24649,3782
2017-01-22,0,173,6,PeteButtigieg,1515,24822,3788
2017-01-23,1,452,2,PeteButtigieg,1516,25274,3790
2017-01-24,0,189,1,PeteButtigieg,1516,25463,3791
2017-01-25,6,577,14,PeteButtigieg,1522,26040,3805
2017-01-26,2,261,20,PeteButtigieg,1524,26301,3825
2017-01-27,4,269,5,PeteButtigieg,1528,26570,3830
2017-01-28,1,285,19,PeteButtigieg,1529,26855,3849
2017-01-29,4,1313,22,PeteButtigieg,1533,28168,3871
2017-01-30,3,255,16,PeteButtigieg,1536,28423,3887
2017-01-31,2,107,5,PeteButtigieg,1538,28530,3892
2017-02-01,2,255,1,PeteButtigieg,1540,28785,3893
2017-02-02,5,118,11,PeteButtigieg,1545,28903,3904
2017-02-03,4,713,12,PeteButtigieg,1549,29616,3916
2017-02-04,8,601,9,PeteButtigieg,1557,30217,3925
2017-02-05,3,332,13,PeteButtigieg,1560,30549,3938
2017-02-06,3,175,13,PeteButtigieg,1563,30724,3951
2017-02-07,2,146,15,PeteButtigieg,1565,30870,3966
2017-02-08,9,321,12,PeteButtigieg,1574,31191,3978
2017-02-09,2,405,19,PeteButtigieg,1576,31596,3997
2017-02-10,1,192,6,PeteButtigieg,1577,31788,4003
2017-02-11,1,242,10,PeteButtigieg,1578,32030,4013
2017-02-12,4,981,14,PeteButtigieg,1582,33011,4027
2017-02-13,3,436,13,PeteButtigieg,1585,33447,4040
2017-02-14,3,279,14,PeteButtigieg,1588,33726,4054
2017-02-15,1,159,17,PeteButtigieg,1589,33885,4071
2017-02-16,4,364,18,PeteButtigieg,1593,34249,4089
2017-02-17,4,210,11,PeteButtigieg,1597,34459,4100
2017-02-18,4,127,21,PeteButtigieg,1601,34586,4121
2017-02-19,2,247,17,PeteButtigieg,1603,34833,4138
2017-02-20,3,400,16,PeteButtigieg,1606,35233,4154
2017-02-21,14,514,36,PeteButtigieg,1620,35747,4190
2017-02-22,1,1255,9,PeteButtigieg,1621,37002,4199
2017-02-23,3,5521,13,PeteButtigieg,1624,42523,4212
2017-02-24,3,1097,9,PeteButtigieg,1627,43620,4221
2017-02-25,0,6245,6,PeteButtigieg,1627,49865,4227
2017-02-26,1,6390,2,PeteButtigieg,1628,56255,4229
2017-02-27,3,1512,8,PeteButtigieg,1631,57767,4237
2017-02-28,3,206,8,PeteButtigieg,1634,57973,4245
2017-03-01,4,303,2,PeteButtigieg,1638,58276,4247
2017-03-02,5,157,8,PeteButtigieg,1643,58433,4255
2017-03-03,1,96,6,PeteButtigieg,1644,58529,4261
2017-03-04,0,107,0,PeteButtigieg,1644,58636,4261
2017-03-05,0,114,-2,PeteButtigieg,1644,58750,4259
2017-03-06,3,40,2,PeteButtigieg,1647,58790,4261
2017-03-07,3,53,0,PeteButtigieg,1650,58843,4261
2017-03-08,9,70,4,PeteButtigieg,1659,58913,4265
2017-03-09,5,90,14,PeteButtigieg,1664,59003,4279
2017-03-10,1,65,7,PeteButtigieg,1665,59068,4286
2017-03-11,1,49,2,PeteButtigieg,1666,59117,4288
2017-03-12,12,30,14,PeteButtigieg,1678,59147,4302
2017-03-13,2,138,7,PeteButtigieg,1680,59285,4309
2017-03-14,0,136,16,PeteButtigieg,1680,59421,4325
2017-03-15,2,846,9,PeteButtigieg,1682,60267,4334
2017-03-16,1,265,0,PeteButtigieg,1683,60532,4334
2017-03-17,0,121,11,PeteButtigieg,1683,60653,4345
2017-03-18,1,294,9,PeteButtigieg,1684,60947,4354
2017-03-19,0,94,1,PeteButtigieg,1684,61041,4355
2017-03-20,1,169,2,PeteButtigieg,1685,61210,4357
2017-03-21,0,98,6,PeteButtigieg,1685,61308,4363
2017-03-22,0,78,11,PeteButtigieg,1685,61386,4374
2017-03-23,1,29,11,PeteButtigieg,1686,61415,4385
2017-03-24,2,78,10,PeteButtigieg,1688,61493,4395
2017-03-25,2,108,7,PeteButtigieg,1690,61601,4402
2017-03-26,2,116,1,PeteButtigieg,1692,61717,4403
2017-03-27,0,68,6,PeteButtigieg,1692,61785,4409
2017-03-28,0,34,5,PeteButtigieg,1692,61819,4414
2017-03-29,0,64,5,PeteButtigieg,1692,61883,4419
2017-03-30,1,22,8,PeteButtigieg,1693,61905,4427
2017-03-31,2,9,8,PeteButtigieg,1695,61914,4435
2017-04-01,1,48,1,PeteButtigieg,1696,61962,4436
2017-04-02,1,18,0,PeteButtigieg,1697,61980,4436
2017-04-03,1,28,0,PeteButtigieg,1698,62008,4436
2017-04-04,1,105,5,PeteButtigieg,1699,62113,4441
2017-04-05,3,28,19,PeteButtigieg,1702,62141,4460
2017-04-06,3,32,5,PeteButtigieg,1705,62173,4465
2017-04-07,1,25,1,PeteButtigieg,1706,62198,4466
2017-04-08,2,17,7,PeteButtigieg,1708,62215,4473
2017-04-09,0,25,4,PeteButtigieg,1708,62240,4477
2017-04-10,1,17,3,PeteButtigieg,1709,62257,4480
2017-04-11,2,9,12,PeteButtigieg,1711,62266,4492
2017-04-12,0,55,3,PeteButtigieg,1711,62321,4495
2017-04-13,4,11,7,PeteButtigieg,1715,62332,4502
2017-04-14,4,61,4,PeteButtigieg,1719,62393,4506
2017-04-15,2,-3,6,PeteButtigieg,1721,62390,4512
2017-04-16,2,31,7,PeteButtigieg,1723,62421,4519
2017-04-17,0,31,4,PeteButtigieg,1723,62452,4523
2017-04-18,2,140,10,PeteButtigieg,1725,62592,4533
2017-04-19,8,41,21,PeteButtigieg,1733,62633,4554
2017-04-20,1,37,9,PeteButtigieg,1734,62670,4563
2017-04-21,2,55,6,PeteButtigieg,1736,62725,4569
2017-04-22,2,8,0,PeteButtigieg,1738,62733,4569
2017-04-23,2,35,3,PeteButtigieg,1740,62768,4572
2017-04-24,0,12,2,PeteButtigieg,1740,62780,4574
2017-04-25,1,5,4,PeteButtigieg,1741,62785,4578
2017-04-26,0,9,10,PeteButtigieg,1741,62794,4588
2017-04-27,0,31,11,PeteButtigieg,1741,62825,4599
2017-04-28,0,17,1,PeteButtigieg,1741,62842,4600
2017-04-29,0,22,3,PeteButtigieg,1741,62864,4603
2017-04-30,0,79,5,PeteButtigieg,1741,62943,4608
2017-05-01,0,45,1,PeteButtigieg,1741,62988,4609
2017-05-02,1,27,7,PeteButtigieg,1742,63015,4616
2017-05-03,3,9,4,PeteButtigieg,1745,63024,4620
2017-05-04,6,51,11,PeteButtigieg,1751,63075,4631
2017-05-05,0,91,4,PeteButtigieg,1751,63166,4635
2017-05-06,1,35,3,PeteButtigieg,1752,63201,4638
2017-05-07,0,30,6,PeteButtigieg,1752,63231,4644
2017-05-08,2,40,8,PeteButtigieg,1754,63271,4652
2017-05-09,6,23,21,PeteButtigieg,1760,63294,4673
2017-05-10,11,76,14,PeteButtigieg,1771,63370,4687
2017-05-11,1,11,3,PeteButtigieg,1772,63381,4690
2017-05-12,2,44,4,PeteButtigieg,1774,63425,4694
2017-05-13,0,13,6,PeteButtigieg,1774,63438,4700
2017-05-14,2,18,4,PeteButtigieg,1776,63456,4704
2017-05-15,2,16,5,PeteButtigieg,1778,63472,4709
2017-05-16,2,121,13,PeteButtigieg,1780,63593,4722
2017-05-17,2,32,4,PeteButtigieg,1782,63625,4726
2017-05-18,1,-8,4,PeteButtigieg,1783,63617,4730
2017-05-19,1,-13,8,PeteButtigieg,1784,63604,4738
2017-05-20,0,55,4,PeteButtigieg,1784,63659,4742
2017-05-21,0,30,1,PeteButtigieg,1784,63689,4743
2017-05-22,2,58,0,PeteButtigieg,1786,63747,4743
2017-05-23,1,43,4,PeteButtigieg,1787,63790,4747
2017-05-24,0,30,5,PeteButtigieg,1787,63820,4752
2017-05-25,4,15,10,PeteButtigieg,1791,63835,4762
2017-05-26,0,37,18,PeteButtigieg,1791,63872,4780
2017-05-27,-16,16,10,PeteButtigieg,1775,63888,4790
2017-05-28,0,14,0,PeteButtigieg,1775,63902,4790
2017-05-29,0,4,1,PeteButtigieg,1775,63906,4791
2017-05-30,-1,6,4,PeteButtigieg,1774,63912,4795
2017-05-31,-17,20,6,PeteButtigieg,1757,63932,4801
2017-06-01,-2,111,22,PeteButtigieg,1755,64043,4823
2017-06-02,2,76,17,PeteButtigieg,1757,64119,4840
2017-06-03,0,51,9,PeteButtigieg,1757,64170,4849
2017-06-04,0,24,3,PeteButtigieg,1757,64194,4852
2017-06-05,0,19,4,PeteButtigieg,1757,64213,4856
2017-06-06,0,12,18,PeteButtigieg,1757,64225,4874
2017-06-07,0,26,8,PeteButtigieg,1757,64251,4882
2017-06-08,3,20,1,PeteButtigieg,1760,64271,4883
2017-06-09,0,22,2,PeteButtigieg,1760,64293,4885
2017-06-10,0,11,1,PeteButtigieg,1760,64304,4886
2017-06-11,0,13,1,PeteButtigieg,1760,64317,4887
2017-06-12,0,48,1,PeteButtigieg,1760,64365,4888
2017-06-13,2,42,11,PeteButtigieg,1762,64407,4899
2017-06-14,3,62,8,PeteButtigieg,1765,64469,4907
2017-06-15,0,0,5,PeteButtigieg,1765,64469,4912
2017-06-16,0,20,9,PeteButtigieg,1765,64489,4921
2017-06-17,0,66,4,PeteButtigieg,1765,64555,4925
2017-06-18,0,38,8,PeteButtigieg,1765,64593,4933
2017-06-19,0,33,4,PeteButtigieg,1765,64626,4937
2017-06-20,1,60,8,PeteButtigieg,1766,64686,4945
2017-06-21,1,49,13,PeteButtigieg,1767,64735,4958
2017-06-22,1,31,2,PeteButtigieg,1768,64766,4960
2017-06-23,0,161,12,PeteButtigieg,1768,64927,4972
2017-06-24,0,116,1,PeteButtigieg,1768,65043,4973
2017-06-25,0,54,2,PeteButtigieg,1768,65097,4975
2017-06-26,0,69,5,PeteButtigieg,1768,65166,4980
2017-06-27,2,61,13,PeteButtigieg,1770,65227,4993
2017-06-28,0,34,2,PeteButtigieg,1770,65261,4995
2017-06-29,1,95,32,PeteButtigieg,1771,65356,5027
2017-06-30,1,166,7,PeteButtigieg,1772,65522,5034
2017-07-01,0,347,7,PeteButtigieg,1772,65869,5041
2017-07-02,0,70,1,PeteButtigieg,1772,65939,5042
2017-07-03,0,16,5,PeteButtigieg,1772,65955,5047
2017-07-04,1,50,4,PeteButtigieg,1773,66005,5051
2017-07-05,6,48,2,PeteButtigieg,1779,66053,5053
2017-07-06,1,29,6,PeteButtigieg,1780,66082,5059
2017-07-07,0,18,5,PeteButtigieg,1780,66100,5064
2017-07-08,0,32,3,PeteButtigieg,1780,66132,5067
2017-07-09,1,39,9,PeteButtigieg,1781,66171,5076
2017-07-10,3,198,9,PeteButtigieg,1784,66369,5085
2017-07-11,1,118,14,PeteButtigieg,1785,66487,5099
2017-07-12,6,45,13,PeteButtigieg,1791,66532,5112
2017-07-13,0,28,7,PeteButtigieg,1791,66560,5119
2017-07-14,2,21,13,PeteButtigieg,1793,66581,5132
2017-07-15,-1,40,6,PeteButtigieg,1792,66621,5138
2017-07-16,2,317,11,PeteButtigieg,1794,66938,5149
2017-07-17,2,104,1,PeteButtigieg,1796,67042,5150
2017-07-18,3,327,3,PeteButtigieg,1799,67369,5153
2017-07-19,0,99,2,PeteButtigieg,1799,67468,5155
2017-07-20,3,38,6,PeteButtigieg,1802,67506,5161
2017-07-21,1,29,5,PeteButtigieg,1803,67535,5166
2017-07-22,1,152,4,PeteButtigieg,1804,67687,5170
2017-07-23,0,43,1,PeteButtigieg,1804,67730,5171
2017-07-24,-1,36,1,PeteButtigieg,1803,67766,5172
2017-07-25,1,96,8,PeteButtigieg,1804,67862,5180
2017-07-26,2,85,9,PeteButtigieg,1806,67947,5189
2017-07-27,2,66,13,PeteButtigieg,1808,68013,5202
2017-07-28,2,52,17,PeteButtigieg,1810,68065,5219
2017-07-29,0,23,6,PeteButtigieg,1810,68088,5225
2017-07-30,1,21,1,PeteButtigieg,1811,68109,5226
2017-07-31,0,33,0,PeteButtigieg,1811,68142,5226
2017-08-01,0,28,1,PeteButtigieg,1811,68170,5227
2017-08-02,1,21,2,PeteButtigieg,1812,68191,5229
2017-08-03,0,28,7,PeteButtigieg,1812,68219,5236
2017-08-04,0,20,0,PeteButtigieg,1812,68239,5236
2017-08-05,0,10,0,PeteButtigieg,1812,68249,5236
2017-08-06,0,24,0,PeteButtigieg,1812,68273,5236
2017-08-08,0,23,4,PeteButtigieg,1812,68296,5240
2017-08-09,0,18,0,PeteButtigieg,1812,68314,5240
2017-08-10,0,39,0,PeteButtigieg,1812,68353,5240
2017-08-11,1,2,6,PeteButtigieg,1813,68355,5246
2017-08-12,2,60,4,PeteButtigieg,1815,68415,5250
2017-08-13,-1,75,6,PeteButtigieg,1814,68490,5256
2017-08-14,0,39,6,PeteButtigieg,1814,68529,5262
2017-08-15,2,34,14,PeteButtigieg,1816,68563,5276
2017-08-16,1,58,11,PeteButtigieg,1817,68621,5287
2017-08-17,0,65,10,PeteButtigieg,1817,68686,5297
2017-08-18,0,51,6,PeteButtigieg,1817,68737,5303
2017-08-19,3,28,13,PeteButtigieg,1820,68765,5316
2017-08-20,0,13,5,PeteButtigieg,1820,68778,5321
2017-08-21,1,23,8,PeteButtigieg,1821,68801,5329
2017-08-22,1,59,4,PeteButtigieg,1822,68860,5333
2017-08-23,-1,37,3,PeteButtigieg,1821,68897,5336
2017-08-24,1,21,1,PeteButtigieg,1822,68918,5337
2017-08-25,3,128,11,PeteButtigieg,1825,69046,5348
2017-08-26,8,100,11,PeteButtigieg,1833,69146,5359
2017-08-27,0,10,0,PeteButtigieg,1833,69156,5359
2017-08-28,2,15,1,PeteButtigieg,1835,69171,5360
2017-08-29,1,37,4,PeteButtigieg,1836,69208,5364
2017-08-30,2,54,4,PeteButtigieg,1838,69262,5368
2017-08-31,2,33,2,PeteButtigieg,1840,69295,5370
2017-09-01,1,20,4,PeteButtigieg,1841,69315,5374
2017-09-02,0,14,1,PeteButtigieg,1841,69329,5375
2017-09-03,0,10,0,PeteButtigieg,1841,69339,5375
2017-09-04,12,10,1,PeteButtigieg,1853,69349,5376
2017-09-05,-2,6,13,PeteButtigieg,1851,69355,5389
2017-09-06,0,68,4,PeteButtigieg,1851,69423,5393
2017-09-07,1,28,3,PeteButtigieg,1852,69451,5396
2017-09-08,1,18,3,PeteButtigieg,1853,69469,5399
2017-09-09,8,16,6,PeteButtigieg,1861,69485,5405
2017-09-10,10,39,1,PeteButtigieg,1871,69524,5406
2017-09-12,6,65,6,PeteButtigieg,1877,69589,5412
2017-09-13,3,2,9,PeteButtigieg,1880,69591,5421
2017-09-14,0,-14,8,PeteButtigieg,1880,69577,5429
2017-09-15,0,28,3,PeteButtigieg,1880,69605,5432
2017-09-16,0,1,4,PeteButtigieg,1880,69606,5436
2017-09-17,0,-1,1,PeteButtigieg,1880,69605,5437
2017-09-18,1,-18,4,PeteButtigieg,1881,69587,5441
2017-09-19,0,-10,2,PeteButtigieg,1881,69577,5443
2017-09-20,2,1,16,PeteButtigieg,1883,69578,5459
2017-09-21,3,6,8,PeteButtigieg,1886,69584,5467
2017-09-22,4,-16,0,PeteButtigieg,1890,69568,5467
2017-09-23,2,17,2,PeteButtigieg,1892,69585,5469
2017-09-24,2,4,8,PeteButtigieg,1894,69589,5477
2017-09-25,5,33,10,PeteButtigieg,1899,69622,5487
2017-09-26,2,6,2,PeteButtigieg,1901,69628,5489
2017-09-27,0,6,7,PeteButtigieg,1901,69634,5496
2017-09-28,0,-1,0,PeteButtigieg,1901,69633,5496
2017-09-29,2,8,5,PeteButtigieg,1903,69641,5501
2017-09-30,0,-2,3,PeteButtigieg,1903,69639,5504
2017-10-01,5,34,7,PeteButtigieg,1908,69673,5511
2017-10-02,4,854,10,PeteButtigieg,1912,70527,5521
2017-10-03,2,1184,17,PeteButtigieg,1914,71711,5538
2017-10-04,-1,140,7,PeteButtigieg,1913,71851,5545
2017-10-05,11,17,6,PeteButtigieg,1924,71868,5551
2017-10-06,2,10,13,PeteButtigieg,1926,71878,5564
2017-10-07,1,18,3,PeteButtigieg,1927,71896,5567
2017-10-08,2,19,3,PeteButtigieg,1929,71915,5570
2017-10-09,1,20,1,PeteButtigieg,1930,71935,5571
2017-10-10,2,33,16,PeteButtigieg,1932,71968,5587
2017-10-11,4,10,7,PeteButtigieg,1936,71978,5594
2017-10-12,2,24,7,PeteButtigieg,1938,72002,5601
2017-10-13,1,2,5,PeteButtigieg,1939,72004,5606
2017-10-14,0,20,0,PeteButtigieg,1939,72024,5606
2017-10-15,0,11,1,PeteButtigieg,1939,72035,5607
2017-10-16,2,30,2,PeteButtigieg,1941,72065,5609
2017-10-17,3,35,3,PeteButtigieg,1944,72100,5612
2017-10-18,2,13,2,PeteButtigieg,1946,72113,5614
2017-10-19,2,11,2,PeteButtigieg,1948,72124,5616
2017-10-20,0,22,1,PeteButtigieg,1948,72146,5617
2017-10-21,1,8,1,PeteButtigieg,1949,72154,5618
2017-10-22,2,19,1,PeteButtigieg,1951,72173,5619
2017-10-23,1,17,5,PeteButtigieg,1952,72190,5624
2017-10-24,2,8,11,PeteButtigieg,1954,72198,5635
2017-10-25,-2,37,11,PeteButtigieg,1952,72235,5646
2017-10-26,2,-14,9,PeteButtigieg,1954,72221,5655
2017-10-27,1,-5,3,PeteButtigieg,1955,72216,5658
2017-10-28,0,-3,3,PeteButtigieg,1955,72213,5661
2017-10-29,0,-6,4,PeteButtigieg,1955,72207,5665
2017-10-30,1,11,5,PeteButtigieg,1956,72218,5670
2017-10-31,2,13,2,PeteButtigieg,1958,72231,5672
2017-11-01,0,3,1,PeteButtigieg,1958,72234,5673
2017-11-02,7,26,5,PeteButtigieg,1965,72260,5678
2017-11-03,2,10,0,PeteButtigieg,1967,72270,5678
2017-11-04,2,-4,6,PeteButtigieg,1969,72266,5684
2017-11-05,0,-1,4,PeteButtigieg,1969,72265,5688
2017-11-06,1,8,1,PeteButtigieg,1970,72273,5689
2017-11-07,2,15,16,PeteButtigieg,1972,72288,5705
2017-11-08,6,39,9,PeteButtigieg,1978,72327,5714
2017-11-09,0,-15,9,PeteButtigieg,1978,72312,5723
2017-11-10,2,2,5,PeteButtigieg,1980,72314,5728
2017-11-11,0,2,0,PeteButtigieg,1980,72316,5728
2017-11-12,4,67,5,PeteButtigieg,1984,72383,5733
2017-11-13,2,-9,0,PeteButtigieg,1986,72374,5733
2017-11-14,7,5,6,PeteButtigieg,1993,72379,5739
2017-11-15,1,25,9,PeteButtigieg,1994,72404,5748
2017-11-16,0,17,1,PeteButtigieg,1994,72421,5749
2017-11-17,1,25,8,PeteButtigieg,1995,72446,5757
2017-11-18,3,12,3,PeteButtigieg,1998,72458,5760
2017-11-19,5,19,6,PeteButtigieg,2003,72477,5766
2017-11-20,0,2,0,PeteButtigieg,2003,72479,5766
2017-11-21,0,-1,4,PeteButtigieg,2003,72478,5770
2017-11-22,0,10,0,PeteButtigieg,2003,72488,5770
2017-11-23,0,16,1,PeteButtigieg,2003,72504,5771
2017-11-24,0,24,0,PeteButtigieg,2003,72528,5771
2017-11-25,1,12,1,PeteButtigieg,2004,72540,5772
2017-11-26,0,13,0,PeteButtigieg,2004,72553,5772
2017-11-27,0,-4,0,PeteButtigieg,2004,72549,5772
2017-11-28,0,6,7,PeteButtigieg,2004,72555,5779
2017-11-29,3,14,4,PeteButtigieg,2007,72569,5783
2017-11-30,0,7,6,PeteButtigieg,2007,72576,5789
2017-12-01,0,1,7,PeteButtigieg,2007,72577,5796
2017-12-02,5,50,14,PeteButtigieg,2012,72627,5810
2017-12-03,0,17,0,PeteButtigieg,2012,72644,5810
2017-12-04,0,6,5,PeteButtigieg,2012,72650,5815
2017-12-05,2,19,1,PeteButtigieg,2014,72669,5816
2017-12-06,1,12,1,PeteButtigieg,2015,72681,5817
2017-12-07,1,12,3,PeteButtigieg,2016,72693,5820
2017-12-08,0,-5,4,PeteButtigieg,2016,72688,5824
2017-12-09,0,4,0,PeteButtigieg,2016,72692,5824
2017-12-10,0,21,2,PeteButtigieg,2016,72713,5826
2017-12-16,16,152,26,PeteButtigieg,2032,72865,5852
2017-12-17,0,18,0,PeteButtigieg,2032,72883,5852
2017-12-18,0,2,0,PeteButtigieg,2032,72885,5852
2017-12-19,0,-9,0,PeteButtigieg,2032,72876,5852
2017-12-20,0,11,18,PeteButtigieg,2032,72887,5870
2017-12-21,0,8,6,PeteButtigieg,2032,72895,5876
2017-12-22,0,7,0,PeteButtigieg,2032,72902,5876
2017-12-23,0,0,2,PeteButtigieg,2032,72902,5878
2017-12-24,0,3,0,PeteButtigieg,2032,72905,5878
2017-12-25,1,13,4,PeteButtigieg,2033,72918,5882
2017-12-26,0,6,1,PeteButtigieg,2033,72924,5883
2017-12-27,1,56,2,PeteButtigieg,2034,72980,5885
2017-12-28,0,20,0,PeteButtigieg,2034,73000,5885
2017-12-29,2,155,0,PeteButtigieg,2036,73155,5885
2017-12-30,0,36,0,PeteButtigieg,2036,73191,5885
2017-12-31,1,-1,0,PeteButtigieg,2037,73190,5885
2018-01-01,2,6,1,PeteButtigieg,2039,73196,5886
2018-01-02,2,-2,6,PeteButtigieg,2041,73194,5892
2018-01-03,1,20,2,PeteButtigieg,2042,73214,5894
2018-01-04,0,12,2,PeteButtigieg,2042,73226,5896
2018-01-05,5,40,6,PeteButtigieg,2047,73266,5902
2018-01-06,0,23,8,PeteButtigieg,2047,73289,5910
2018-01-07,0,15,2,PeteButtigieg,2047,73304,5912
2018-01-08,0,18,4,PeteButtigieg,2047,73322,5916
2018-01-09,3,15,14,PeteButtigieg,2050,73337,5930
2018-01-10,0,33,5,PeteButtigieg,2050,73370,5935
2018-01-11,0,5,1,PeteButtigieg,2050,73375,5936
2018-01-12,4,15,6,PeteButtigieg,2054,73390,5942
2018-01-13,3,10,3,PeteButtigieg,2057,73400,5945
2018-01-14,0,22,1,PeteButtigieg,2057,73422,5946
2018-01-15,0,6,4,PeteButtigieg,2057,73428,5950
2018-01-16,2,0,3,PeteButtigieg,2059,73428,5953
2018-01-17,2,16,3,PeteButtigieg,2061,73444,5956
2018-01-18,0,-3,1,PeteButtigieg,2061,73441,5957
2018-01-19,6,15,14,PeteButtigieg,2067,73456,5971
2018-01-20,0,35,0,PeteButtigieg,2067,73491,5971
2018-01-21,1,22,1,PeteButtigieg,2068,73513,5972
2018-01-22,0,0,5,PeteButtigieg,2068,73513,5977
2018-01-23,2,9,3,PeteButtigieg,2070,73522,5980
2018-01-24,0,108,3,PeteButtigieg,2070,73630,5983
2018-01-25,0,-4,0,PeteButtigieg,2070,73626,5983
2018-01-26,2,21,4,PeteButtigieg,2072,73647,5987
2018-01-27,1,54,3,PeteButtigieg,2073,73701,5990
2018-01-28,2,23,1,PeteButtigieg,2075,73724,5991
2018-01-29,1,0,4,PeteButtigieg,2076,73724,5995
2018-01-30,-1,-8,5,PeteButtigieg,2075,73716,6000
2018-01-31,1,42,13,PeteButtigieg,2076,73758,6013
2018-02-01,1,12,12,PeteButtigieg,2077,73770,6025
2018-02-02,2,0,7,PeteButtigieg,2079,73770,6032
2018-02-03,1,0,5,PeteButtigieg,2080,73770,6037
2018-02-04,0,1,0,PeteButtigieg,2080,73771,6037
2018-02-05,2,12,0,PeteButtigieg,2082,73783,6037
2018-02-06,4,-7,3,PeteButtigieg,2086,73776,6040
2018-02-07,7,8,4,PeteButtigieg,2093,73784,6044
2018-02-08,0,7,0,PeteButtigieg,2093,73791,6044
2018-02-09,0,15,9,PeteButtigieg,2093,73806,6053
2018-02-10,-11,12,4,PeteButtigieg,2082,73818,6057
2018-02-11,-2,15,5,PeteButtigieg,2080,73833,6062
2018-02-12,3,10,2,PeteButtigieg,2083,73843,6064
2018-02-13,4,-9,18,PeteButtigieg,2087,73834,6082
2018-02-14,3,-4,5,PeteButtigieg,2090,73830,6087
2018-02-15,0,89,2,PeteButtigieg,2090,73919,6089
2018-02-16,4,113,8,PeteButtigieg,2094,74032,6097
2018-02-17,5,109,7,PeteButtigieg,2099,74141,6104
2018-02-18,1,68,6,PeteButtigieg,2100,74209,6110
2018-02-19,1,111,8,PeteButtigieg,2101,74320,6118
2018-02-20,2,30,14,PeteButtigieg,2103,74350,6132
2018-02-21,4,6,20,PeteButtigieg,2107,74356,6152
2018-02-22,3,36,14,PeteButtigieg,2110,74392,6166
2018-02-23,3,29,18,PeteButtigieg,2113,74421,6184
2018-02-24,2,14,6,PeteButtigieg,2115,74435,6190
2018-02-25,0,15,1,PeteButtigieg,2115,74450,6191
2018-02-26,2,9,5,PeteButtigieg,2117,74459,6196
2018-02-27,2,-1,4,PeteButtigieg,2119,74458,6200
2018-02-28,2,7,15,PeteButtigieg,2121,74465,6215
2018-03-01,3,26,16,PeteButtigieg,2124,74491,6231
2018-03-02,2,25,13,PeteButtigieg,2126,74516,6244
2018-03-03,0,16,2,PeteButtigieg,2126,74532,6246
2018-03-04,1,26,0,PeteButtigieg,2127,74558,6246
2018-03-05,4,13,6,PeteButtigieg,2131,74571,6252
2018-03-06,3,21,10,PeteButtigieg,2134,74592,6262
2018-03-07,1,-1,6,PeteButtigieg,2135,74591,6268
2018-03-08,4,0,15,PeteButtigieg,2139,74591,6283
2018-03-09,2,16,1,PeteButtigieg,2141,74607,6284
2018-03-10,3,18,3,PeteButtigieg,2144,74625,6287
2018-03-11,0,28,5,PeteButtigieg,2144,74653,6292
2018-03-12,0,5,4,PeteButtigieg,2144,74658,6296
2018-03-13,2,-3,8,PeteButtigieg,2146,74655,6304
2018-03-14,3,52,17,PeteButtigieg,2149,74707,6321
2018-03-15,0,27,12,PeteButtigieg,2149,74734,6333
2018-03-16,2,9,6,PeteButtigieg,2151,74743,6339
2018-03-17,0,-2,6,PeteButtigieg,2151,74741,6345
2018-03-18,0,6,1,PeteButtigieg,2151,74747,6346
2018-03-19,-1,8,0,PeteButtigieg,2150,74755,6346
2018-03-20,3,8,4,PeteButtigieg,2153,74763,6350
2018-03-21,1,-1,2,PeteButtigieg,2154,74762,6352
2018-03-22,2,-3,6,PeteButtigieg,2156,74759,6358
2018-03-23,0,15,6,PeteButtigieg,2156,74774,6364
2018-03-24,4,-3,16,PeteButtigieg,2160,74771,6380
2018-03-25,3,45,12,PeteButtigieg,2163,74816,6392
2018-03-27,5,280,31,PeteButtigieg,2168,75096,6423
2018-03-29,1,164,8,PeteButtigieg,2169,75260,6431
2018-03-30,3,46,6,PeteButtigieg,2172,75306,6437
2018-03-31,3,98,13,PeteButtigieg,2175,75404,6450
2018-04-02,8,112,27,PeteButtigieg,2183,75516,6477
2018-04-03,3,36,12,PeteButtigieg,2186,75552,6489
2018-04-05,7,53,15,PeteButtigieg,2193,75605,6504
2018-04-06,0,1,1,PeteButtigieg,2193,75606,6505
2018-04-08,1,23,6,PeteButtigieg,2194,75629,6511
2018-04-09,3,16,8,PeteButtigieg,2197,75645,6519
2018-04-10,0,11,13,PeteButtigieg,2197,75656,6532
2018-04-11,0,27,11,PeteButtigieg,2197,75683,6543
2018-04-12,1,8,4,PeteButtigieg,2198,75691,6547
2018-04-13,1,10,13,PeteButtigieg,2199,75701,6560
2018-04-14,0,11,0,PeteButtigieg,2199,75712,6560
2018-04-15,0,16,1,PeteButtigieg,2199,75728,6561
2018-04-16,-1,0,7,PeteButtigieg,2198,75728,6568
2018-04-17,4,-4,13,PeteButtigieg,2202,75724,6581
2018-04-18,1,11,17,PeteButtigieg,2203,75735,6598
2018-04-19,0,20,0,PeteButtigieg,2203,75755,6598
2018-04-20,2,30,10,PeteButtigieg,2205,75785,6608
2018-04-21,2,18,7,PeteButtigieg,2207,75803,6615
2018-04-22,1,0,5,PeteButtigieg,2208,75803,6620
2018-04-23,1,18,7,PeteButtigieg,2209,75821,6627
2018-04-24,5,7,5,PeteButtigieg,2214,75828,6632
2018-04-25,3,13,4,PeteButtigieg,2217,75841,6636
2018-04-27,10,26,15,PeteButtigieg,2227,75867,6651
2018-04-28,0,8,13,PeteButtigieg,2227,75875,6664
2018-04-29,1,3,4,PeteButtigieg,2228,75878,6668
2018-04-30,3,-10,4,PeteButtigieg,2231,75868,6672
2018-05-01,1,14,11,PeteButtigieg,2232,75882,6683
2018-05-02,2,9,7,PeteButtigieg,2234,75891,6690
2018-05-03,2,9,12,PeteButtigieg,2236,75900,6702
2018-05-04,2,-14,21,PeteButtigieg,2238,75886,6723
2018-05-05,1,12,6,PeteButtigieg,2239,75898,6729
2018-05-06,0,-3,3,PeteButtigieg,2239,75895,6732
2018-05-07,4,11,3,PeteButtigieg,2243,75906,6735
2018-05-08,0,13,7,PeteButtigieg,2243,75919,6742
2018-05-09,2,-6,5,PeteButtigieg,2245,75913,6747
2018-05-10,1,10,2,PeteButtigieg,2246,75923,6749
2018-05-11,1,52,8,PeteButtigieg,2247,75975,6757
2018-05-12,2,20,2,PeteButtigieg,2249,75995,6759
2018-05-13,1,13,1,PeteButtigieg,2250,76008,6760
2018-05-14,1,-4,5,PeteButtigieg,2251,76004,6765
2018-05-15,1,2,9,PeteButtigieg,2252,76006,6774
2018-05-16,0,29,5,PeteButtigieg,2252,76035,6779
2018-05-17,0,-6,8,PeteButtigieg,2252,76029,6787
2018-05-18,4,5,1,PeteButtigieg,2256,76034,6788
2018-05-19,3,-4,8,PeteButtigieg,2259,76030,6796
2018-05-20,0,3,1,PeteButtigieg,2259,76033,6797
2018-05-21,1,0,3,PeteButtigieg,2260,76033,6800
2018-05-22,0,-7,5,PeteButtigieg,2260,76026,6805
2018-05-23,1,-7,14,PeteButtigieg,2261,76019,6819
2018-05-24,0,-15,5,PeteButtigieg,2261,76004,6824
2018-05-25,1,-11,18,PeteButtigieg,2262,75993,6842
2018-05-26,0,9,9,PeteButtigieg,2262,76002,6851
2018-05-27,2,23,14,PeteButtigieg,2264,76025,6865
2018-05-28,3,36,6,PeteButtigieg,2267,76061,6871
2018-05-29,3,55,5,PeteButtigieg,2270,76116,6876
2018-05-30,0,10,7,PeteButtigieg,2270,76126,6883
2018-05-31,0,6,6,PeteButtigieg,2270,76132,6889
2018-06-01,4,-3,8,PeteButtigieg,2274,76129,6897
2018-06-02,2,17,10,PeteButtigieg,2276,76146,6907
2018-06-03,0,0,4,PeteButtigieg,2276,76146,6911
2018-06-04,1,15,4,PeteButtigieg,2277,76161,6915
2018-06-05,1,3,5,PeteButtigieg,2278,76164,6920
2018-06-06,1,5,7,PeteButtigieg,2279,76169,6927
2018-06-07,-1,12,10,PeteButtigieg,2278,76181,6937
2018-06-08,1,20,7,PeteButtigieg,2279,76201,6944
2018-06-09,4,10,6,PeteButtigieg,2283,76211,6950
2018-06-10,5,49,11,PeteButtigieg,2288,76260,6961
2018-06-11,2,35,2,PeteButtigieg,2290,76295,6963
2018-06-12,6,20,16,PeteButtigieg,2296,76315,6979
2018-06-13,0,-8,4,PeteButtigieg,2296,76307,6983
2018-06-14,2,21,7,PeteButtigieg,2298,76328,6990
2018-06-15,-1,67,11,PeteButtigieg,2297,76395,7001
2018-06-16,0,32,0,PeteButtigieg,2297,76427,7001
2018-06-17,0,57,0,PeteButtigieg,2297,76484,7001
2018-06-18,0,49,1,PeteButtigieg,2297,76533,7002
2018-06-19,0,36,0,PeteButtigieg,2297,76569,7002
2018-06-20,0,31,0,PeteButtigieg,2297,76600,7002
2018-06-21,0,18,0,PeteButtigieg,2297,76618,7002
2018-06-22,-1,27,0,PeteButtigieg,2296,76645,7002
2018-06-23,1,1,0,PeteButtigieg,2297,76646,7002
2018-06-24,0,-4,0,PeteButtigieg,2297,76642,7002
2018-06-25,0,178,2,PeteButtigieg,2297,76820,7004
2018-06-26,1,15,0,PeteButtigieg,2298,76835,7004
2018-06-27,3,9,0,PeteButtigieg,2301,76844,7004
2018-06-28,3,7,0,PeteButtigieg,2304,76851,7004
2018-06-29,4,25,2,PeteButtigieg,2308,76876,7006
2018-06-30,1,25,8,PeteButtigieg,2309,76901,7014
2018-07-01,0,52,8,PeteButtigieg,2309,76953,7022
2018-07-02,1,26,6,PeteButtigieg,2310,76979,7028
2018-07-03,0,4,6,PeteButtigieg,2310,76983,7034
2018-07-04,1,14,5,PeteButtigieg,2311,76997,7039
2018-07-05,2,-4,11,PeteButtigieg,2313,76993,7050
2018-07-06,3,4,9,PeteButtigieg,2316,76997,7059
2018-07-07,1,17,7,PeteButtigieg,2317,77014,7066
2018-07-08,0,0,4,PeteButtigieg,2317,77014,7070
2018-07-09,7,4,3,PeteButtigieg,2324,77018,7073
2018-07-10,4,22,5,PeteButtigieg,2328,77040,7078
2018-07-11,1,25,3,PeteButtigieg,2329,77065,7081
2018-07-12,3,-241,1,PeteButtigieg,2332,76824,7082
2018-07-13,2,-4,7,PeteButtigieg,2334,76820,7089
2018-07-14,2,-3,4,PeteButtigieg,2336,76817,7093
2018-07-15,0,13,0,PeteButtigieg,2336,76830,7093
2018-07-16,2,331,7,PeteButtigieg,2338,77161,7100
2018-07-17,11,182,11,PeteButtigieg,2349,77343,7111
2018-07-18,0,12,1,PeteButtigieg,2349,77355,7112
2018-07-19,1,3,6,PeteButtigieg,2350,77358,7118
2018-07-20,0,17,0,PeteButtigieg,2350,77375,7118
2018-07-21,2,-12,-3,PeteButtigieg,2352,77363,7115
2018-07-22,0,-11,0,PeteButtigieg,2352,77352,7115
2018-07-23,9,-4,5,PeteButtigieg,2361,77348,7120
2018-07-24,1,22,12,PeteButtigieg,2362,77370,7132
2018-07-25,4,85,9,PeteButtigieg,2366,77455,7141
2018-07-26,2,3,5,PeteButtigieg,2368,77458,7146
2018-07-27,2,-9,6,PeteButtigieg,2370,77449,7152
2018-07-28,0,-4,3,PeteButtigieg,2370,77445,7155
2018-07-29,0,-10,4,PeteButtigieg,2370,77435,7159
2018-07-30,0,-1,4,PeteButtigieg,2370,77434,7163
2018-07-31,5,-7,7,PeteButtigieg,2375,77427,7170
2018-08-01,2,-5,9,PeteButtigieg,2377,77422,7179
2018-08-02,1,6,5,PeteButtigieg,2378,77428,7184
2018-08-03,2,-6,6,PeteButtigieg,2380,77422,7190
2018-08-04,0,-5,3,PeteButtigieg,2380,77417,7193
2018-08-05,1,-1,4,PeteButtigieg,2381,77416,7197
2018-08-06,0,-3,2,PeteButtigieg,2381,77413,7199
2018-08-07,2,0,7,PeteButtigieg,2383,77413,7206
2018-08-08,2,-11,4,PeteButtigieg,2385,77402,7210
2018-08-09,0,-20,0,PeteButtigieg,2385,77382,7210
2018-08-10,0,2,0,PeteButtigieg,2385,77384,7210
2018-08-11,0,-4,0,PeteButtigieg,2385,77380,7210
2018-08-12,0,-10,0,PeteButtigieg,2385,77370,7210
2018-08-13,-1,-15,2,PeteButtigieg,2384,77355,7212
2018-08-14,5,9,13,PeteButtigieg,2389,77364,7225
2018-08-15,5,71,11,PeteButtigieg,2394,77435,7236
2018-08-16,4,67,13,PeteButtigieg,2398,77502,7249
2018-08-17,2,58,5,PeteButtigieg,2400,77560,7254
2018-08-18,1,8,1,PeteButtigieg,2401,77568,7255
2018-08-19,2,58,18,PeteButtigieg,2403,77626,7273
2018-08-20,3,113,3,PeteButtigieg,2406,77739,7276
2018-08-21,0,17,1,PeteButtigieg,2406,77756,7277
2018-08-22,2,56,10,PeteButtigieg,2408,77812,7287
2018-08-23,2,66,10,PeteButtigieg,2410,77878,7297
2018-08-24,3,60,4,PeteButtigieg,2413,77938,7301
2018-08-25,2,49,10,PeteButtigieg,2415,77987,7311
2018-08-27,6,76,19,PeteButtigieg,2421,78063,7330
2018-08-29,1,26,15,PeteButtigieg,2422,78089,7345
2018-08-30,1,32,15,PeteButtigieg,2423,78121,7360
2018-08-31,1,16,7,PeteButtigieg,2424,78137,7367
2018-09-01,2,18,12,PeteButtigieg,2426,78155,7379
2018-09-03,3,10,6,PeteButtigieg,2429,78165,7385
2018-09-04,1,-8,5,PeteButtigieg,2430,78157,7390
2018-09-05,2,-8,9,PeteButtigieg,2432,78149,7399
2018-09-06,0,17,6,PeteButtigieg,2432,78166,7405
2018-09-08,6,25,7,PeteButtigieg,2438,78191,7412
2018-09-09,1,21,4,PeteButtigieg,2439,78212,7416
2018-09-10,0,32,10,PeteButtigieg,2439,78244,7426
2018-09-11,1,24,11,PeteButtigieg,2440,78268,7437
2018-09-13,20,-16,21,PeteButtigieg,2460,78252,7458
2018-09-14,6,5,5,PeteButtigieg,2466,78257,7463
2018-09-15,0,9,3,PeteButtigieg,2466,78266,7466
2018-09-17,1,22,9,PeteButtigieg,2467,78288,7475
2018-09-18,-1,-6,12,PeteButtigieg,2466,78282,7487
2018-09-19,1,0,7,PeteButtigieg,2467,78282,7494
2018-09-20,9,11,8,PeteButtigieg,2476,78293,7502
2018-09-21,3,10,6,PeteButtigieg,2479,78303,7508
2018-09-22,2,5,6,PeteButtigieg,2481,78308,7514
2018-09-23,3,4,1,PeteButtigieg,2484,78312,7515
2018-09-24,6,19,33,PeteButtigieg,2490,78331,7548
2018-09-25,1,184,19,PeteButtigieg,2491,78515,7567
2018-09-26,1,86,6,PeteButtigieg,2492,78601,7573
2018-09-27,1,-2,6,PeteButtigieg,2493,78599,7579
2018-09-28,2,52,8,PeteButtigieg,2495,78651,7587
2018-09-29,3,28,5,PeteButtigieg,2498,78679,7592
2018-09-30,1,2,4,PeteButtigieg,2499,78681,7596
2018-10-01,-1,-2,7,PeteButtigieg,2498,78679,7603
2018-10-02,-1,4,5,PeteButtigieg,2497,78683,7608
2018-10-03,1,18,10,PeteButtigieg,2498,78701,7618
2018-10-04,4,-3,6,PeteButtigieg,2502,78698,7624
2018-10-05,4,-4,7,PeteButtigieg,2506,78694,7631
2018-10-06,4,-12,11,PeteButtigieg,2510,78682,7642
2018-10-07,0,16,6,PeteButtigieg,2510,78698,7648
2018-10-08,2,15,11,PeteButtigieg,2512,78713,7659
2018-10-09,3,9,18,PeteButtigieg,2515,78722,7677
2018-10-11,4,63,20,PeteButtigieg,2519,78785,7697
2018-10-12,3,25,3,PeteButtigieg,2522,78810,7700
2018-10-13,4,-23,7,PeteButtigieg,2526,78787,7707
2018-10-14,2,4,9,PeteButtigieg,2528,78791,7716
2018-10-15,1,54,6,PeteButtigieg,2529,78845,7722
2018-10-16,0,-20,12,PeteButtigieg,2529,78825,7734
2018-10-17,0,3,2,PeteButtigieg,2529,78828,7736
2018-10-18,0,-3,0,PeteButtigieg,2529,78825,7736
2018-10-19,0,-2,3,PeteButtigieg,2529,78823,7739
2018-10-20,1,0,6,PeteButtigieg,2530,78823,7745
2018-10-21,2,4,1,PeteButtigieg,2532,78827,7746
2018-10-22,3,-16,3,PeteButtigieg,2535,78811,7749
2018-10-23,2,18,2,PeteButtigieg,2537,78829,7751
2018-10-24,1,6,2,PeteButtigieg,2538,78835,7753
2018-10-25,4,1,17,PeteButtigieg,2542,78836,7770
2018-10-26,3,61,7,PeteButtigieg,2545,78897,7777
2018-10-27,2,13,7,PeteButtigieg,2547,78910,7784
2018-10-28,0,6,7,PeteButtigieg,2547,78916,7791
2018-10-29,0,-7,18,PeteButtigieg,2547,78909,7809
2018-10-30,1,2,10,PeteButtigieg,2548,78911,7819
2018-10-31,0,0,5,PeteButtigieg,2548,78911,7824
2018-11-02,1,21,24,PeteButtigieg,2549,78932,7848
2018-11-03,0,4,7,PeteButtigieg,2549,78936,7855
2018-11-04,2,-5,11,PeteButtigieg,2551,78931,7866
2018-11-05,1,2,9,PeteButtigieg,2552,78933,7875
2018-11-06,3,19,14,PeteButtigieg,2555,78952,7889
2018-11-07,3,10,14,PeteButtigieg,2558,78962,7903
2018-11-08,1,36,7,PeteButtigieg,2559,78998,7910
2018-11-09,0,34,3,PeteButtigieg,2559,79032,7913
2018-11-10,0,17,0,PeteButtigieg,2559,79049,7913
2018-11-11,0,8,4,PeteButtigieg,2559,79057,7917
2018-11-12,-1,-3,4,PeteButtigieg,2558,79054,7921
2018-11-13,1,13,5,PeteButtigieg,2559,79067,7926
2018-11-14,0,13,5,PeteButtigieg,2559,79080,7931
2018-11-15,0,10,2,PeteButtigieg,2559,79090,7933
2018-11-16,1,1,5,PeteButtigieg,2560,79091,7938
2018-11-17,2,0,1,PeteButtigieg,2562,79091,7939
2018-11-18,2,10,0,PeteButtigieg,2564,79101,7939
2018-11-19,9,2,3,PeteButtigieg,2573,79103,7942
2018-11-20,0,278,4,PeteButtigieg,2573,79381,7946
2018-11-21,1,42,2,PeteButtigieg,2574,79423,7948
2018-11-22,0,9,3,PeteButtigieg,2574,79432,7951
2018-11-23,0,1,2,PeteButtigieg,2574,79433,7953
2018-11-24,0,5,3,PeteButtigieg,2574,79438,7956
2018-11-25,0,7,0,PeteButtigieg,2574,79445,7956
2018-11-26,0,-6,13,PeteButtigieg,2574,79439,7969
2018-11-27,0,3,2,PeteButtigieg,2574,79442,7971
2018-11-28,-1,-2,1,PeteButtigieg,2573,79440,7972
2018-12-01,5,27,11,PeteButtigieg,2578,79467,7983
2018-12-02,1,15,0,PeteButtigieg,2579,79482,7983
2018-12-03,1,21,0,PeteButtigieg,2580,79503,7983
2018-12-04,2,25,10,PeteButtigieg,2582,79528,7993
2018-12-05,1,0,4,PeteButtigieg,2583,79528,7997
2018-12-06,1,7,3,PeteButtigieg,2584,79535,8000
2018-12-07,1,-6,5,PeteButtigieg,2585,79529,8005
2018-12-08,1,10,5,PeteButtigieg,2586,79539,8010
2018-12-09,0,-5,7,PeteButtigieg,2586,79534,8017
2018-12-10,-10,-8,2,PeteButtigieg,2576,79526,8019
2018-12-11,-3,-5,3,PeteButtigieg,2573,79521,8022
2018-12-12,-23,-12,11,PeteButtigieg,2550,79509,8033
2018-12-13,-19,-2,1,PeteButtigieg,2531,79507,8034
2018-12-14,2,26,4,PeteButtigieg,2533,79533,8038
2018-12-15,-8,10,4,PeteButtigieg,2525,79543,8042
2018-12-16,0,0,4,PeteButtigieg,2525,79543,8046
2018-12-17,0,11,4,PeteButtigieg,2525,79554,8050
2018-12-18,1,299,7,PeteButtigieg,2526,79853,8057
2018-12-19,0,46,5,PeteButtigieg,2526,79899,8062
2018-12-20,3,77,10,PeteButtigieg,2529,79976,8072
2018-12-21,4,225,2,PeteButtigieg,2533,80201,8074
2018-12-22,0,50,4,PeteButtigieg,2533,80251,8078
2018-12-23,-2,15,1,PeteButtigieg,2531,80266,8079
2018-12-24,1,13,3,PeteButtigieg,2532,80279,8082
2018-12-25,1,13,0,PeteButtigieg,2533,80292,8082
2018-12-26,0,-4,4,PeteButtigieg,2533,80288,8086
2018-12-27,0,33,0,PeteButtigieg,2533,80321,8086
2018-12-28,0,38,2,PeteButtigieg,2533,80359,8088
2018-12-29,0,16,0,PeteButtigieg,2533,80375,8088
2018-12-30,-1,17,5,PeteButtigieg,2532,80392,8093
2018-12-31,1,243,5,PeteButtigieg,2533,80635,8098
2019-01-01,0,304,6,PeteButtigieg,2533,80939,8104
2019-01-02,0,24,1,PeteButtigieg,2533,80963,8105
2019-01-03,1,22,1,PeteButtigieg,2534,80985,8106
2019-01-04,0,37,5,PeteButtigieg,2534,81022,8111
2019-01-05,4,347,0,PeteButtigieg,2538,81369,8111
2019-01-06,1,321,2,PeteButtigieg,2539,81690,8113
2019-01-07,0,58,4,PeteButtigieg,2539,81748,8117
2019-01-08,0,41,7,PeteButtigieg,2539,81789,8124
2019-01-09,3,306,7,PeteButtigieg,2542,82095,8131
2019-01-10,-1,84,9,PeteButtigieg,2541,82179,8140
2019-01-11,2,64,5,PeteButtigieg,2543,82243,8145
2019-01-12,1,50,3,PeteButtigieg,2544,82293,8148
2019-01-13,1,21,10,PeteButtigieg,2545,82314,8158
2019-01-14,3,43,11,PeteButtigieg,2548,82357,8169
2019-01-15,0,95,10,PeteButtigieg,2548,82452,8179
2019-01-16,3,48,13,PeteButtigieg,2551,82500,8192
2019-01-17,1,32,2,PeteButtigieg,2552,82532,8194
2019-01-18,-1,10,8,PeteButtigieg,2551,82542,8202
2019-01-19,5,131,10,PeteButtigieg,2556,82673,8212
2019-01-20,0,319,21,PeteButtigieg,2556,82992,8233
2019-01-21,1,444,2,PeteButtigieg,2557,83436,8235
2019-01-22,0,150,3,PeteButtigieg,2557,83586,8238
2019-01-23,0,1026,5,PeteButtigieg,2557,84612,8243
2019-01-24,3,14972,7,PeteButtigieg,2560,99584,8250
2019-01-25,0,3406,11,PeteButtigieg,2560,102990,8261
2019-01-26,0,1230,0,PeteButtigieg,2560,104220,8261
2019-01-27,0,562,0,PeteButtigieg,2560,104782,8261
2019-01-28,0,884,2,PeteButtigieg,2560,105666,8263
2019-01-29,0,599,1,PeteButtigieg,2560,106265,8264
2019-01-30,0,448,2,PeteButtigieg,2560,106713,8266
2019-01-31,1,335,6,PeteButtigieg,2561,107048,8272
2019-02-01,2,3465,12,PeteButtigieg,2563,110513,8284
2019-02-02,1,1017,0,PeteButtigieg,2564,111530,8284
2019-02-03,2,403,0,PeteButtigieg,2566,111933,8284
2019-02-04,0,514,5,PeteButtigieg,2566,112447,8289
2019-02-05,0,234,1,PeteButtigieg,2566,112681,8290
2019-02-06,2,1817,10,PeteButtigieg,2568,114498,8300
2019-02-07,0,886,3,PeteButtigieg,2568,115384,8303
2019-02-10,7,1934,50,PeteButtigieg,2575,117318,8353
2019-02-11,1,1101,5,PeteButtigieg,2576,118419,8358
2019-02-12,1,658,4,PeteButtigieg,2577,119077,8362
2019-02-13,0,597,6,PeteButtigieg,2577,119674,8368
2019-02-14,0,491,13,PeteButtigieg,2577,120165,8381
2019-02-15,1,4661,14,PeteButtigieg,2578,124826,8395
2019-02-16,0,4590,15,PeteButtigieg,2578,129416,8410
2019-02-17,3,2094,8,PeteButtigieg,2581,131510,8418
2019-02-18,1,2035,4,PeteButtigieg,2582,133545,8422
2019-02-19,1,1407,6,PeteButtigieg,2583,134952,8428
2019-02-20,0,3074,4,PeteButtigieg,2583,138026,8432
2019-02-21,3,2168,10,PeteButtigieg,2586,140194,8442
2019-02-22,2,1274,5,PeteButtigieg,2588,141468,8447
2019-02-23,0,922,3,PeteButtigieg,2588,142390,8450
2019-02-24,2,656,6,PeteButtigieg,2590,143046,8456
2019-02-25,0,926,0,PeteButtigieg,2590,143972,8456
2019-02-26,1,556,5,PeteButtigieg,2591,144528,8461
2019-02-27,2,1007,16,PeteButtigieg,2593,145535,8477
2019-02-28,1,671,5,PeteButtigieg,2594,146206,8482
2019-03-01,-1,830,8,PeteButtigieg,2593,147036,8490
2019-03-02,1,1845,6,PeteButtigieg,2594,148881,8496
2019-03-03,1,2350,1,PeteButtigieg,2595,151231,8497
2019-03-04,1,1802,3,PeteButtigieg,2596,153033,8500
2019-03-05,2,1242,12,PeteButtigieg,2598,154275,8512
2019-03-06,3,780,1,PeteButtigieg,2601,155055,8513
2019-03-07,1,720,2,PeteButtigieg,2602,155775,8515
2019-03-08,0,1246,6,PeteButtigieg,2602,157021,8521
2019-03-09,8,1037,13,PeteButtigieg,2610,158058,8534
2019-03-10,0,1746,13,PeteButtigieg,2610,159804,8547
2019-03-11,0,18272,33,PeteButtigieg,2610,178076,8580
2019-03-12,2,26903,17,PeteButtigieg,2612,204979,8597
2019-03-13,2,8756,5,PeteButtigieg,2614,213735,8602
2019-03-14,1,8108,8,PeteButtigieg,2615,221843,8610
2019-03-15,-2,12715,4,PeteButtigieg,2613,234558,8614
2019-03-16,-4,21349,5,PeteButtigieg,2609,255907,8619
2019-03-17,-1,37455,8,PeteButtigieg,2608,293362,8627
2019-03-18,1,40288,11,PeteButtigieg,2609,333650,8638
2019-03-19,2,16424,2,PeteButtigieg,2611,350074,8640
2019-03-20,0,8847,9,PeteButtigieg,2611,358921,8649
2019-03-21,0,36740,10,PeteButtigieg,2611,395661,8659
2019-03-22,-5,25295,2,PeteButtigieg,2606,420956,8661
2019-03-23,4,24627,13,PeteButtigieg,2610,445583,8674
2019-03-24,1,33805,12,PeteButtigieg,2611,479388,8686
2019-03-25,0,18422,1,PeteButtigieg,2611,497810,8687
2019-03-26,0,9567,1,PeteButtigieg,2611,507377,8688
2019-03-27,-1,11949,9,PeteButtigieg,2610,519326,8697
2019-03-28,0,36043,8,PeteButtigieg,2610,555369,8705
2019-03-29,0,15059,2,PeteButtigieg,2610,570428,8707
2019-03-30,0,18328,8,PeteButtigieg,2610,588756,8715
2019-03-31,3,19183,6,PeteButtigieg,2613,607939,8721
2019-04-01,-4,13955,7,PeteButtigieg,2609,621894,8728
2019-04-02,1,15188,7,PeteButtigieg,2610,637082,8735
2019-04-03,0,15595,6,PeteButtigieg,2610,652677,8741
2019-04-04,0,8613,7,PeteButtigieg,2610,661290,8748
2019-04-05,2,9080,11,PeteButtigieg,2612,670370,8759
2019-04-06,2,6591,10,PeteButtigieg,2614,676961,8769
2019-04-07,1,23970,6,PeteButtigieg,2615,700931,8775
2019-04-08,0,17888,16,PeteButtigieg,2615,718819,8791
2019-04-09,1,12960,3,PeteButtigieg,2616,731779,8794
2019-04-10,-1,12075,2,PeteButtigieg,2615,743854,8796
2019-04-11,-1,8823,4,PeteButtigieg,2614,752677,8800
2019-04-12,2,6151,5,PeteButtigieg,2616,758828,8805
2019-04-13,1,13460,14,PeteButtigieg,2617,772288,8819
2019-04-14,1,16287,3,PeteButtigieg,2618,788575,8822
2019-04-15,1,38762,8,PeteButtigieg,2619,827337,8830
2019-04-16,0,36174,12,PeteButtigieg,2619,863511,8842
2019-04-17,0,37255,12,PeteButtigieg,2619,900766,8854
2019-04-18,-12,9912,4,PeteButtigieg,2607,910678,8858
2019-04-19,-8,7522,5,PeteButtigieg,2599,918200,8863
2019-04-20,-6,11040,7,PeteButtigieg,2593,929240,8870
2019-04-21,-43,8349,6,PeteButtigieg,2550,937589,8876
2019-04-22,0,8438,2,PeteButtigieg,2550,946027,8878
2019-04-23,0,6692,14,PeteButtigieg,2550,952719,8892
2019-04-24,0,6209,5,PeteButtigieg,2550,958928,8897
2019-04-25,1,6097,1,PeteButtigieg,2551,965025,8898
2019-04-26,0,6591,1,PeteButtigieg,2551,971616,8899
2019-04-27,0,3970,2,PeteButtigieg,2551,975586,8901
2019-04-28,0,4656,2,PeteButtigieg,2551,980242,8903
2019-04-29,0,4382,2,PeteButtigieg,2551,984624,8905
2019-04-30,1,4592,5,PeteButtigieg,2552,989216,8910
2019-05-01,0,4154,3,PeteButtigieg,2552,993370,8913
2019-05-02,0,3039,1,PeteButtigieg,2552,996409,8914
2019-05-03,-1,6618,5,PeteButtigieg,2551,1003027,8919
2019-05-04,2,4050,3,PeteButtigieg,2553,1007077,8922
2019-05-05,1,4136,1,PeteButtigieg,2554,1011213,8923
2019-05-06,0,4002,3,PeteButtigieg,2554,1015215,8926
2019-05-07,1,2781,2,PeteButtigieg,2555,1017996,8928
2019-05-08,0,2561,6,PeteButtigieg,2555,1020557,8934
2019-05-09,-1,2665,2,PeteButtigieg,2554,1023222,8936
2019-05-10,1,3165,3,PeteButtigieg,2555,1026387,8939
2019-05-11,0,2663,0,PeteButtigieg,2555,1029050,8939
2019-05-12,0,3364,6,PeteButtigieg,2555,1032414,8945
2019-05-14,0,6109,8,PeteButtigieg,2555,1038523,8953
2019-05-15,0,3243,0,PeteButtigieg,2555,1041766,8953
2019-05-16,0,2830,5,PeteButtigieg,2555,1044596,8958
2019-05-17,0,2472,0,PeteButtigieg,2555,1047068,8958
2019-05-18,1,1810,2,PeteButtigieg,2556,1048878,8960
2019-05-19,0,1753,0,PeteButtigieg,2556,1050631,8960
2019-05-20,2,4014,10,PeteButtigieg,2558,1054645,8970
2019-05-21,0,8363,2,PeteButtigieg,2558,1063008,8972
2019-05-22,0,9143,3,PeteButtigieg,2558,1072151,8975
2019-05-23,1,3980,4,PeteButtigieg,2559,1076131,8979
2019-05-24,1,3907,3,PeteButtigieg,2560,1080038,8982
2019-05-25,1,3362,4,PeteButtigieg,2561,1083400,8986
2019-05-26,1,2768,8,PeteButtigieg,2562,1086168,8994
2019-05-27,0,2607,12,PeteButtigieg,2562,1088775,9006
2019-05-28,0,3059,-1,PeteButtigieg,2562,1091834,9005
2019-05-29,0,2258,2,PeteButtigieg,2562,1094092,9007
2019-05-30,0,4036,3,PeteButtigieg,2562,1098128,9010
2019-05-31,1,4454,4,PeteButtigieg,2563,1102582,9014
2019-06-01,0,3110,1,PeteButtigieg,2563,1105692,9015
2019-06-02,1,2555,4,PeteButtigieg,2564,1108247,9019
2019-06-03,0,2424,1,PeteButtigieg,2564,1110671,9020
2019-06-04,0,2243,5,PeteButtigieg,2564,1112914,9025
2019-06-05,0,2393,4,PeteButtigieg,2564,1115307,9029
2019-06-06,3,1661,3,PeteButtigieg,2567,1116968,9032
2019-06-07,0,1628,4,PeteButtigieg,2567,1118596,9036
2019-06-08,0,1597,4,PeteButtigieg,2567,1120193,9040
2019-06-09,0,1572,5,PeteButtigieg,2567,1121765,9045
2019-06-10,0,2223,2,PeteButtigieg,2567,1123988,9047
2019-06-11,0,1833,1,PeteButtigieg,2567,1125821,9048
2019-06-12,0,2060,7,PeteButtigieg,2567,1127881,9055
2019-06-13,0,2024,8,PeteButtigieg,2567,1129905,9063
2019-06-14,3,1988,4,PeteButtigieg,2570,1131893,9067
2019-06-15,0,1619,4,PeteButtigieg,2570,1133512,9071
2019-06-16,0,1636,3,PeteButtigieg,2570,1135148,9074
2019-06-17,0,3697,8,PeteButtigieg,2570,1138845,9082
2019-06-18,0,2047,1,PeteButtigieg,2570,1140892,9083
2019-06-19,0,1840,0,PeteButtigieg,2570,1142732,9083
2019-06-20,0,1901,0,PeteButtigieg,2570,1144633,9083
2019-06-21,0,1561,3,PeteButtigieg,2570,1146194,9086
2019-06-22,0,1246,0,PeteButtigieg,2570,1147440,9086
2019-06-23,1,1592,-1,PeteButtigieg,2571,1149032,9085
2019-06-24,0,1636,2,PeteButtigieg,2571,1150668,9087
2019-06-25,0,1790,0,PeteButtigieg,2571,1152458,9087
2019-06-26,0,1868,-3,PeteButtigieg,2571,1154326,9084
2019-06-27,0,4109,5,PeteButtigieg,2571,1158435,9089
2019-06-28,-1,30926,32,PeteButtigieg,2570,1189361,9121
2019-06-29,1,21706,4,PeteButtigieg,2571,1211067,9125
2019-06-30,0,11013,3,PeteButtigieg,2571,1222080,9128
2019-07-01,0,9023,3,PeteButtigieg,2571,1231103,9131
2019-07-02,0,5462,1,PeteButtigieg,2571,1236565,9132
2019-07-03,1,3944,2,PeteButtigieg,2572,1240509,9134
2019-07-04,0,3250,17,PeteButtigieg,2572,1243759,9151
2019-07-05,0,3220,1,PeteButtigieg,2572,1246979,9152
2019-07-06,0,2867,2,PeteButtigieg,2572,1249846,9154
2019-07-07,1,2391,2,PeteButtigieg,2573,1252237,9156
2019-07-08,1,2815,7,PeteButtigieg,2574,1255052,9163
2019-07-09,0,2733,2,PeteButtigieg,2574,1257785,9165
2019-07-10,0,2009,2,PeteButtigieg,2574,1259794,9167
2019-07-11,1,1870,3,PeteButtigieg,2575,1261664,9170
2019-07-12,1,1404,16,PeteButtigieg,2576,1263068,9186
2019-07-13,0,2152,9,PeteButtigieg,2576,1265220,9195
2019-07-14,1,2858,2,PeteButtigieg,2577,1268078,9197
2019-07-15,0,2814,8,PeteButtigieg,2577,1270892,9205
2019-07-16,0,2519,5,PeteButtigieg,2577,1273411,9210
2019-07-17,0,2004,1,PeteButtigieg,2577,1275415,9211
2019-07-18,1,1759,9,PeteButtigieg,2578,1277174,9220
2019-07-19,0,2252,11,PeteButtigieg,2578,1279426,9231
2019-07-20,1,1273,2,PeteButtigieg,2579,1280699,9233
2019-07-21,0,885,7,PeteButtigieg,2579,1281584,9240
2019-07-22,1,1124,0,PeteButtigieg,2580,1282708,9240
2019-07-23,0,838,1,PeteButtigieg,2580,1283546,9241
2019-07-24,1,1075,3,PeteButtigieg,2581,1284621,9244
2019-07-25,2,973,6,PeteButtigieg,2583,1285594,9250
2019-07-26,-1,615,3,PeteButtigieg,2582,1286209,9253
2019-07-27,0,437,9,PeteButtigieg,2582,1286646,9262
2019-07-28,0,467,2,PeteButtigieg,2582,1287113,9264
2019-07-29,1,526,0,PeteButtigieg,2583,1287639,9264
2019-07-30,-1,809,9,PeteButtigieg,2582,1288448,9273
2019-07-31,-1,10570,26,PeteButtigieg,2581,1299018,9299
2019-08-01,0,8340,4,PeteButtigieg,2581,1307358,9303
2019-08-02,0,3649,1,PeteButtigieg,2581,1311007,9304
2019-08-03,-3,2853,6,PeteButtigieg,2578,1313860,9310
2019-08-04,-1,6642,4,PeteButtigieg,2577,1320502,9314
2019-08-05,0,12140,9,PeteButtigieg,2577,1332642,9323
2019-08-06,0,5356,6,PeteButtigieg,2577,1337998,9329
2019-08-07,1,4781,7,PeteButtigieg,2578,1342779,9336
2019-08-08,0,6779,7,PeteButtigieg,2578,1349558,9343
2019-08-09,1,6558,4,PeteButtigieg,2579,1356116,9347
2019-08-10,0,2474,9,PeteButtigieg,2579,1358590,9356
2019-08-11,0,2986,3,PeteButtigieg,2579,1361576,9359
2019-08-12,0,2800,1,PeteButtigieg,2579,1364376,9360
2019-08-13,1,2196,0,PeteButtigieg,2580,1366572,9360
2019-08-14,1,1884,11,PeteButtigieg,2581,1368456,9371
2016-12-04,-6,114,4,amyklobuchar,66441,97812,4863
2016-12-05,21,44,1,amyklobuchar,66462,97856,4864
2016-12-06,49,139,3,amyklobuchar,66511,97995,4867
2016-12-07,46,119,2,amyklobuchar,66557,98114,4869
2016-12-08,128,180,5,amyklobuchar,66685,98294,4874
2016-12-09,7,94,3,amyklobuchar,66692,98388,4877
2016-12-10,72,106,3,amyklobuchar,66764,98494,4880
2016-12-11,-21,214,5,amyklobuchar,66743,98708,4885
2016-12-12,236,321,2,amyklobuchar,66979,99029,4887
2016-12-13,112,202,7,amyklobuchar,67091,99231,4894
2016-12-14,0,25,1,amyklobuchar,67091,99256,4895
2016-12-15,113,283,7,amyklobuchar,67204,99539,4902
2016-12-16,59,148,1,amyklobuchar,67263,99687,4903
2016-12-17,99,123,2,amyklobuchar,67362,99810,4905
2016-12-18,4,110,2,amyklobuchar,67366,99920,4907
2016-12-19,98,131,2,amyklobuchar,67464,100051,4909
2016-12-20,17,82,2,amyklobuchar,67481,100133,4911
2016-12-21,28,102,4,amyklobuchar,67509,100235,4915
2016-12-22,21,29,2,amyklobuchar,67530,100264,4917
2016-12-23,12,73,1,amyklobuchar,67542,100337,4918
2016-12-24,-4,123,3,amyklobuchar,67538,100460,4921
2016-12-25,16,42,3,amyklobuchar,67554,100502,4924
2016-12-26,14,116,2,amyklobuchar,67568,100618,4926
2016-12-27,-3,21,0,amyklobuchar,67565,100639,4926
2016-12-28,47,166,1,amyklobuchar,67612,100805,4927
2016-12-29,49,174,3,amyklobuchar,67661,100979,4930
2016-12-30,141,136,3,amyklobuchar,67802,101115,4933
2016-12-31,38,461,3,amyklobuchar,67840,101576,4936
2017-01-01,-5,88,0,amyklobuchar,67835,101664,4936
2017-01-02,117,130,0,amyklobuchar,67952,101794,4936
2017-01-03,167,458,12,amyklobuchar,68119,102252,4948
2017-01-04,-6,81,3,amyklobuchar,68113,102333,4951
2017-01-05,212,1035,4,amyklobuchar,68325,103368,4955
2017-01-06,55,228,4,amyklobuchar,68380,103596,4959
2017-01-07,119,235,4,amyklobuchar,68499,103831,4963
2017-01-08,-6,231,0,amyklobuchar,68493,104062,4963
2017-01-09,12,243,1,amyklobuchar,68505,104305,4964
2017-01-10,344,919,7,amyklobuchar,68849,105224,4971
2017-01-11,111,301,4,amyklobuchar,68960,105525,4975
2017-01-12,67,274,2,amyklobuchar,69027,105799,4977
2017-01-13,244,825,5,amyklobuchar,69271,106624,4982
2017-01-14,-3,252,0,amyklobuchar,69268,106876,4982
2017-01-15,52,268,1,amyklobuchar,69320,107144,4983
2017-01-16,-8,372,1,amyklobuchar,69312,107516,4984
2017-01-17,319,386,8,amyklobuchar,69631,107902,4992
2017-01-18,159,435,1,amyklobuchar,69790,108337,4993
2017-01-19,120,470,3,amyklobuchar,69910,108807,4996
2017-01-20,113,333,5,amyklobuchar,70023,109140,5001
2017-01-21,164,1494,4,amyklobuchar,70187,110634,5005
2017-01-22,1,657,2,amyklobuchar,70188,111291,5007
2017-01-23,284,1157,4,amyklobuchar,70472,112448,5011
2017-01-24,1424,1985,4,amyklobuchar,71896,114433,5015
2017-01-25,582,1024,6,amyklobuchar,72478,115457,5021
2017-01-26,478,1051,4,amyklobuchar,72956,116508,5025
2017-01-27,438,905,2,amyklobuchar,73394,117413,5027
2017-01-28,402,831,9,amyklobuchar,73796,118244,5036
2017-01-29,208,1470,6,amyklobuchar,74004,119714,5042
2017-01-30,621,1398,3,amyklobuchar,74625,121112,5045
2017-01-31,582,1340,2,amyklobuchar,75207,122452,5047
2017-02-01,669,1137,4,amyklobuchar,75876,123589,5051
2017-02-02,522,861,4,amyklobuchar,76398,124450,5055
2017-02-03,147,619,3,amyklobuchar,76545,125069,5058
2017-02-04,299,595,2,amyklobuchar,76844,125664,5060
2017-02-05,60,641,3,amyklobuchar,76904,126305,5063
2017-02-06,293,578,7,amyklobuchar,77197,126883,5070
2017-02-07,253,717,10,amyklobuchar,77450,127600,5080
2017-02-08,449,1005,4,amyklobuchar,77899,128605,5084
2017-02-09,310,750,3,amyklobuchar,78209,129355,5087
2017-02-10,254,644,3,amyklobuchar,78463,129999,5090
2017-02-11,126,433,7,amyklobuchar,78589,130432,5097
2017-02-12,-5,491,3,amyklobuchar,78584,130923,5100
2017-02-13,318,548,7,amyklobuchar,78902,131471,5107
2017-02-14,102,318,5,amyklobuchar,79004,131789,5112
2017-02-15,309,529,8,amyklobuchar,79313,132318,5120
2017-02-16,230,745,3,amyklobuchar,79543,133063,5123
2017-02-17,291,660,5,amyklobuchar,79834,133723,5128
2017-02-18,167,367,4,amyklobuchar,80001,134090,5132
2017-02-19,58,337,2,amyklobuchar,80059,134427,5134
2017-02-20,124,377,5,amyklobuchar,80183,134804,5139
2017-02-21,137,377,7,amyklobuchar,80320,135181,5146
2017-02-22,157,427,5,amyklobuchar,80477,135608,5151
2017-02-23,148,385,5,amyklobuchar,80625,135993,5156
2017-02-24,108,370,3,amyklobuchar,80733,136363,5159
2017-02-25,50,469,9,amyklobuchar,80783,136832,5168
2017-02-26,146,509,4,amyklobuchar,80929,137341,5172
2017-02-27,301,810,12,amyklobuchar,81230,138151,5184
2017-02-28,165,333,5,amyklobuchar,81395,138484,5189
2017-03-01,209,485,8,amyklobuchar,81604,138969,5197
2017-03-02,78,470,7,amyklobuchar,81682,139439,5204
2017-03-03,385,541,4,amyklobuchar,82067,139980,5208
2017-03-04,-20,512,1,amyklobuchar,82047,140492,5209
2017-03-05,24,411,2,amyklobuchar,82071,140903,5211
2017-03-06,304,362,4,amyklobuchar,82375,141265,5215
2017-03-07,175,404,3,amyklobuchar,82550,141669,5218
2017-03-08,186,451,4,amyklobuchar,82736,142120,5222
2017-03-09,129,374,5,amyklobuchar,82865,142494,5227
2017-03-10,129,395,3,amyklobuchar,82994,142889,5230
2017-03-11,34,349,5,amyklobuchar,83028,143238,5235
2017-03-12,110,238,4,amyklobuchar,83138,143476,5239
2017-03-13,137,254,1,amyklobuchar,83275,143730,5240
2017-03-14,121,286,2,amyklobuchar,83396,144016,5242
2017-03-15,106,365,1,amyklobuchar,83502,144381,5243
2017-03-16,167,253,7,amyklobuchar,83669,144634,5250
2017-03-17,110,363,6,amyklobuchar,83779,144997,5256
2017-03-18,119,304,3,amyklobuchar,83898,145301,5259
2017-03-19,73,294,1,amyklobuchar,83971,145595,5260
2017-03-20,102,309,4,amyklobuchar,84073,145904,5264
2017-03-21,232,387,5,amyklobuchar,84305,146291,5269
2017-03-22,507,1082,4,amyklobuchar,84812,147373,5273
2017-03-23,65,370,5,amyklobuchar,84877,147743,5278
2017-03-24,299,384,4,amyklobuchar,85176,148127,5282
2017-03-25,37,464,2,amyklobuchar,85213,148591,5284
2017-03-26,119,375,2,amyklobuchar,85332,148966,5286
2017-03-27,220,408,1,amyklobuchar,85552,149374,5287
2017-03-28,65,449,2,amyklobuchar,85617,149823,5289
2017-03-29,221,409,10,amyklobuchar,85838,150232,5299
2017-03-30,113,322,6,amyklobuchar,85951,150554,5305
2017-03-31,147,176,4,amyklobuchar,86098,150730,5309
2017-04-01,102,389,5,amyklobuchar,86200,151119,5314
2017-04-02,-7,318,3,amyklobuchar,86193,151437,5317
2017-04-03,192,341,7,amyklobuchar,86385,151778,5324
2017-04-04,156,323,5,amyklobuchar,86541,152101,5329
2017-04-05,151,320,4,amyklobuchar,86692,152421,5333
2017-04-06,98,254,4,amyklobuchar,86790,152675,5337
2017-04-07,106,336,2,amyklobuchar,86896,153011,5339
2017-04-08,16,295,0,amyklobuchar,86912,153306,5339
2017-04-09,63,198,6,amyklobuchar,86975,153504,5345
2017-04-10,130,236,3,amyklobuchar,87105,153740,5348
2017-04-11,37,251,4,amyklobuchar,87142,153991,5352
2017-04-12,116,221,6,amyklobuchar,87258,154212,5358
2017-04-13,83,40,5,amyklobuchar,87341,154252,5363
2017-04-14,73,349,3,amyklobuchar,87414,154601,5366
2017-04-15,75,240,5,amyklobuchar,87489,154841,5371
2017-04-16,-6,171,3,amyklobuchar,87483,155012,5374
2017-04-17,136,150,3,amyklobuchar,87619,155162,5377
2017-04-18,79,209,6,amyklobuchar,87698,155371,5383
2017-04-19,71,236,4,amyklobuchar,87769,155607,5387
2017-04-20,-4,320,2,amyklobuchar,87765,155927,5389
2017-04-21,98,381,6,amyklobuchar,87863,156308,5395
2017-04-22,19,207,3,amyklobuchar,87882,156515,5398
2017-04-23,-2,242,2,amyklobuchar,87880,156757,5400
2017-04-24,149,108,3,amyklobuchar,88029,156865,5403
2017-04-25,93,215,5,amyklobuchar,88122,157080,5408
2017-04-26,78,243,3,amyklobuchar,88200,157323,5411
2017-04-27,74,329,4,amyklobuchar,88274,157652,5415
2017-04-28,76,207,5,amyklobuchar,88350,157859,5420
2017-04-29,1,256,6,amyklobuchar,88351,158115,5426
2017-04-30,-2,207,3,amyklobuchar,88349,158322,5429
2017-05-01,219,191,2,amyklobuchar,88568,158513,5431
2017-05-02,65,463,2,amyklobuchar,88633,158976,5433
2017-05-03,276,436,3,amyklobuchar,88909,159412,5436
2017-05-04,180,415,5,amyklobuchar,89089,159827,5441
2017-05-05,-4,529,3,amyklobuchar,89085,160356,5444
2017-05-06,66,371,2,amyklobuchar,89151,160727,5446
2017-05-07,150,337,3,amyklobuchar,89301,161064,5449
2017-05-08,64,400,5,amyklobuchar,89365,161464,5454
2017-05-09,217,1009,6,amyklobuchar,89582,162473,5460
2017-05-10,337,618,4,amyklobuchar,89919,163091,5464
2017-05-11,124,680,4,amyklobuchar,90043,163771,5468
2017-05-12,115,487,7,amyklobuchar,90158,164258,5475
2017-05-13,56,469,5,amyklobuchar,90214,164727,5480
2017-05-14,-2,315,4,amyklobuchar,90212,165042,5484
2017-05-15,147,253,5,amyklobuchar,90359,165295,5489
2017-05-16,61,381,4,amyklobuchar,90420,165676,5493
2017-05-17,69,475,4,amyklobuchar,90489,166151,5497
2017-05-18,217,397,7,amyklobuchar,90706,166548,5504
2017-05-19,-3,280,4,amyklobuchar,90703,166828,5508
2017-05-20,95,138,3,amyklobuchar,90798,166966,5511
2017-05-21,65,172,1,amyklobuchar,90863,167138,5512
2017-05-22,-5,182,2,amyklobuchar,90858,167320,5514
2017-05-23,139,185,1,amyklobuchar,90997,167505,5515
2017-05-24,-7,335,4,amyklobuchar,90990,167840,5519
2017-05-25,10,217,3,amyklobuchar,91000,168057,5522
2017-05-26,103,7,5,amyklobuchar,91103,168064,5527
2017-05-27,107,296,5,amyklobuchar,91210,168360,5532
2017-05-28,-6,198,3,amyklobuchar,91204,168558,5535
2017-05-29,50,189,3,amyklobuchar,91254,168747,5538
2017-05-30,67,158,5,amyklobuchar,91321,168905,5543
2017-05-31,-7,264,4,amyklobuchar,91314,169169,5547
2017-06-01,15,328,3,amyklobuchar,91329,169497,5550
2017-06-02,35,347,5,amyklobuchar,91364,169844,5555
2017-06-03,289,219,4,amyklobuchar,91653,170063,5559
2017-06-04,0,209,4,amyklobuchar,91653,170272,5563
2017-06-05,-6,224,0,amyklobuchar,91647,170496,5563
2017-06-06,104,219,4,amyklobuchar,91751,170715,5567
2017-06-07,103,294,6,amyklobuchar,91854,171009,5573
2017-06-08,197,350,5,amyklobuchar,92051,171359,5578
2017-06-09,122,387,3,amyklobuchar,92173,171746,5581
2017-06-10,29,468,4,amyklobuchar,92202,172214,5585
2017-06-11,-1,385,3,amyklobuchar,92201,172599,5588
2017-06-12,181,450,6,amyklobuchar,92382,173049,5594
2017-06-13,16,1047,8,amyklobuchar,92398,174096,5602
2017-06-14,-8,1704,5,amyklobuchar,92390,175800,5607
2017-06-15,473,205,2,amyklobuchar,92863,176005,5609
2017-06-16,-2,349,5,amyklobuchar,92861,176354,5614
2017-06-17,226,466,2,amyklobuchar,93087,176820,5616
2017-06-18,-10,380,2,amyklobuchar,93077,177200,5618
2017-06-19,232,385,3,amyklobuchar,93309,177585,5621
2017-06-20,86,602,7,amyklobuchar,93395,178187,5628
2017-06-21,305,437,3,amyklobuchar,93700,178624,5631
2017-06-22,-5,383,5,amyklobuchar,93695,179007,5636
2017-06-23,143,438,3,amyklobuchar,93838,179445,5639
2017-06-24,94,408,4,amyklobuchar,93932,179853,5643
2017-06-25,-6,345,4,amyklobuchar,93926,180198,5647
2017-06-26,119,366,7,amyklobuchar,94045,180564,5654
2017-06-27,109,489,5,amyklobuchar,94154,181053,5659
2017-06-28,174,422,3,amyklobuchar,94328,181475,5662
2017-06-29,6,531,4,amyklobuchar,94334,182006,5666
2017-06-30,156,374,4,amyklobuchar,94490,182380,5670
2017-07-01,169,575,4,amyklobuchar,94659,182955,5674
2017-07-02,-1,256,3,amyklobuchar,94658,183211,5677
2017-07-03,195,272,3,amyklobuchar,94853,183483,5680
2017-07-04,25,524,2,amyklobuchar,94878,184007,5682
2017-07-05,156,395,6,amyklobuchar,95034,184402,5688
2017-07-06,124,688,8,amyklobuchar,95158,185090,5696
2017-07-07,106,690,2,amyklobuchar,95264,185780,5698
2017-07-08,8,544,3,amyklobuchar,95272,186324,5701
2017-07-09,-2,593,2,amyklobuchar,95270,186917,5703
2017-07-10,267,651,2,amyklobuchar,95537,187568,5705
2017-07-11,42,771,6,amyklobuchar,95579,188339,5711
2017-07-12,249,877,2,amyklobuchar,95828,189216,5713
2017-07-13,173,923,4,amyklobuchar,96001,190139,5717
2017-07-14,114,741,4,amyklobuchar,96115,190880,5721
2017-07-15,46,645,2,amyklobuchar,96161,191525,5723
2017-07-16,-4,620,2,amyklobuchar,96157,192145,5725
2017-07-17,210,717,2,amyklobuchar,96367,192862,5727
2017-07-18,154,840,6,amyklobuchar,96521,193702,5733
2017-07-19,-4,877,4,amyklobuchar,96517,194579,5737
2017-07-20,195,821,5,amyklobuchar,96712,195400,5742
2017-07-21,116,507,0,amyklobuchar,96828,195907,5742
2017-07-22,70,896,3,amyklobuchar,96898,196803,5745
2017-07-23,0,410,2,amyklobuchar,96898,197213,5747
2017-07-24,208,613,3,amyklobuchar,97106,197826,5750
2017-07-25,221,1014,5,amyklobuchar,97327,198840,5755
2017-07-26,223,1034,4,amyklobuchar,97550,199874,5759
2017-07-27,253,1051,2,amyklobuchar,97803,200925,5761
2017-07-28,543,1865,6,amyklobuchar,98346,202790,5767
2017-07-29,100,1042,2,amyklobuchar,98446,203832,5769
2017-07-30,-6,799,2,amyklobuchar,98440,204631,5771
2017-07-31,337,807,3,amyklobuchar,98777,205438,5774
2017-08-01,136,798,0,amyklobuchar,98913,206236,5774
2017-08-02,-9,904,3,amyklobuchar,98904,207140,5777
2017-08-03,192,1169,3,amyklobuchar,99096,208309,5780
2017-08-04,244,547,3,amyklobuchar,99340,208856,5783
2017-08-05,21,440,4,amyklobuchar,99361,209296,5787
2017-08-06,-4,515,0,amyklobuchar,99357,209811,5787
2017-08-08,263,996,1,amyklobuchar,99620,210807,5788
2017-08-09,93,522,0,amyklobuchar,99713,211329,5788
2017-08-10,297,1504,2,amyklobuchar,100010,212833,5790
2017-08-11,124,847,3,amyklobuchar,100134,213680,5793
2017-08-12,20,657,1,amyklobuchar,100154,214337,5794
2017-08-13,-7,958,2,amyklobuchar,100147,215295,5796
2017-08-14,311,765,1,amyklobuchar,100458,216060,5797
2017-08-15,101,731,2,amyklobuchar,100559,216791,5799
2017-08-16,35,1556,1,amyklobuchar,100594,218347,5800
2017-08-17,207,2011,2,amyklobuchar,100801,220358,5802
2017-08-18,123,1040,3,amyklobuchar,100924,221398,5805
2017-08-19,10,884,2,amyklobuchar,100934,222282,5807
2017-08-20,-1,814,4,amyklobuchar,100933,223096,5811
2017-08-21,247,779,2,amyklobuchar,101180,223875,5813
2017-08-22,129,963,4,amyklobuchar,101309,224838,5817
2017-08-23,123,832,8,amyklobuchar,101432,225670,5825
2017-08-24,55,1450,3,amyklobuchar,101487,227120,5828
2017-08-25,263,679,1,amyklobuchar,101750,227799,5829
2017-08-26,93,786,4,amyklobuchar,101843,228585,5833
2017-08-27,-3,712,3,amyklobuchar,101840,229297,5836
2017-08-28,216,655,6,amyklobuchar,102056,229952,5842
2017-08-29,191,613,1,amyklobuchar,102247,230565,5843
2017-08-30,127,653,2,amyklobuchar,102374,231218,5845
2017-08-31,97,989,6,amyklobuchar,102471,232207,5851
2017-09-01,76,612,1,amyklobuchar,102547,232819,5852
2017-09-02,-9,580,2,amyklobuchar,102538,233399,5854
2017-09-03,-9,522,3,amyklobuchar,102529,233921,5857
2017-09-04,-16,454,5,amyklobuchar,102513,234375,5862
2017-09-05,174,622,1,amyklobuchar,102687,234997,5863
2017-09-06,-3,878,3,amyklobuchar,102684,235875,5866
2017-09-07,211,870,4,amyklobuchar,102895,236745,5870
2017-09-08,20,733,2,amyklobuchar,102915,237478,5872
2017-09-09,49,606,4,amyklobuchar,102964,238084,5876
2017-09-10,-1,619,3,amyklobuchar,102963,238703,5879
2017-09-11,29,591,5,amyklobuchar,102992,239294,5884
2017-09-12,71,-157,5,amyklobuchar,103063,239137,5889
2017-09-13,82,372,4,amyklobuchar,103145,239509,5893
2017-09-14,55,543,4,amyklobuchar,103200,240052,5897
2017-09-15,9,424,2,amyklobuchar,103209,240476,5899
2017-09-16,49,829,3,amyklobuchar,103258,241305,5902
2017-09-17,57,539,3,amyklobuchar,103315,241844,5905
2017-09-18,64,360,2,amyklobuchar,103379,242204,5907
2017-09-19,52,495,3,amyklobuchar,103431,242699,5910
2017-09-20,154,609,5,amyklobuchar,103585,243308,5915
2017-09-21,63,1609,1,amyklobuchar,103648,244917,5916
2017-09-22,122,912,3,amyklobuchar,103770,245829,5919
2017-09-23,62,684,4,amyklobuchar,103832,246513,5923
2017-09-24,-2,794,3,amyklobuchar,103830,247307,5926
2017-09-25,191,865,1,amyklobuchar,104021,248172,5927
2017-09-26,288,2040,2,amyklobuchar,104309,250212,5929
2017-09-27,250,1009,2,amyklobuchar,104559,251221,5931
2017-09-28,100,887,3,amyklobuchar,104659,252108,5934
2017-09-29,81,824,4,amyklobuchar,104740,252932,5938
2017-09-30,21,772,4,amyklobuchar,104761,253704,5942
2017-10-01,-3,816,4,amyklobuchar,104758,254520,5946
2017-10-02,77,1116,1,amyklobuchar,104835,255636,5947
2017-10-03,137,881,3,amyklobuchar,104972,256517,5950
2017-10-04,120,830,2,amyklobuchar,105092,257347,5952
2017-10-05,77,585,5,amyklobuchar,105169,257932,5957
2017-10-06,-2,613,1,amyklobuchar,105167,258545,5958
2017-10-07,63,586,0,amyklobuchar,105230,259131,5958
2017-10-08,0,566,4,amyklobuchar,105230,259697,5962
2017-10-09,-10,406,3,amyklobuchar,105220,260103,5965
2017-10-10,300,918,11,amyklobuchar,105520,261021,5976
2017-10-11,87,575,3,amyklobuchar,105607,261596,5979
2017-10-12,47,599,6,amyklobuchar,105654,262195,5985
2017-10-13,14,494,3,amyklobuchar,105668,262689,5988
2017-10-14,84,421,6,amyklobuchar,105752,263110,5994
2017-10-15,-1,406,3,amyklobuchar,105751,263516,5997
2017-10-16,153,479,5,amyklobuchar,105904,263995,6002
2017-10-17,89,1,8,amyklobuchar,105993,263996,6010
2017-10-18,102,237,5,amyklobuchar,106095,264233,6015
2017-10-19,141,974,6,amyklobuchar,106236,265207,6021
2017-10-20,126,927,6,amyklobuchar,106362,266134,6027
2017-10-21,-10,685,13,amyklobuchar,106352,266819,6040
2017-10-22,54,694,4,amyklobuchar,106406,267513,6044
2017-10-23,-6,779,6,amyklobuchar,106400,268292,6050
2017-10-24,129,794,1,amyklobuchar,106529,269086,6051
2017-10-25,15,1636,6,amyklobuchar,106544,270722,6057
2017-10-26,65,-41,3,amyklobuchar,106609,270681,6060
2017-10-27,13,906,5,amyklobuchar,106622,271587,6065
2017-10-28,82,947,12,amyklobuchar,106704,272534,6077
2017-10-29,67,564,6,amyklobuchar,106771,273098,6083
2017-10-30,-7,765,2,amyklobuchar,106764,273863,6085
2017-10-31,5,481,8,amyklobuchar,106769,274344,6093
2017-11-01,32,798,7,amyklobuchar,106801,275142,6100
2017-11-02,75,1673,5,amyklobuchar,106876,276815,6105
2017-11-03,-2,374,4,amyklobuchar,106874,277189,6109
2017-11-04,38,-318,8,amyklobuchar,106912,276871,6117
2017-11-05,64,575,4,amyklobuchar,106976,277446,6121
2017-11-06,75,614,2,amyklobuchar,107051,278060,6123
2017-11-07,48,849,3,amyklobuchar,107099,278909,6126
2017-11-08,106,1212,8,amyklobuchar,107205,280121,6134
2017-11-09,55,2200,3,amyklobuchar,107260,282321,6137
2017-11-10,-10,1920,27,amyklobuchar,107250,284241,6164
2017-11-11,204,2019,5,amyklobuchar,107454,286260,6169
2017-11-12,-12,2002,4,amyklobuchar,107442,288262,6173
2017-11-13,21,1775,8,amyklobuchar,107463,290037,6181
2017-11-14,153,2036,1,amyklobuchar,107616,292073,6182
2017-11-15,62,2332,10,amyklobuchar,107678,294405,6192
2017-11-16,72,2630,4,amyklobuchar,107750,297035,6196
2017-11-17,160,3198,1,amyklobuchar,107910,300233,6197
2017-11-18,-20,2452,1,amyklobuchar,107890,302685,6198
2017-11-19,-11,2438,7,amyklobuchar,107879,305123,6205
2017-11-20,22,2753,7,amyklobuchar,107901,307876,6212
2017-11-21,131,2511,2,amyklobuchar,108032,310387,6214
2017-11-22,17,1335,4,amyklobuchar,108049,311722,6218
2017-11-23,-9,3944,8,amyklobuchar,108040,315666,6226
2017-11-24,62,2438,4,amyklobuchar,108102,318104,6230
2017-11-25,36,2204,0,amyklobuchar,108138,320308,6230
2017-11-26,-8,2250,1,amyklobuchar,108130,322558,6231
2017-11-27,47,1662,3,amyklobuchar,108177,324220,6234
2017-11-28,60,1194,3,amyklobuchar,108237,325414,6237
2017-11-29,2,1134,4,amyklobuchar,108239,326548,6241
2017-11-30,49,1245,4,amyklobuchar,108288,327793,6245
2017-12-01,131,949,10,amyklobuchar,108419,328742,6255
2017-12-02,24,1858,6,amyklobuchar,108443,330600,6261
2017-12-03,-8,10335,2,amyklobuchar,108435,340935,6263
2017-12-04,264,281,4,amyklobuchar,108699,341216,6267
2017-12-05,29,928,5,amyklobuchar,108728,342144,6272
2017-12-06,24,824,4,amyklobuchar,108752,342968,6276
2017-12-07,-16,5535,2,amyklobuchar,108736,348503,6278
2017-12-08,-5,614,0,amyklobuchar,108731,349117,6278
2017-12-09,1,454,3,amyklobuchar,108732,349571,6281
2017-12-10,-1,691,3,amyklobuchar,108731,350262,6284
2017-12-12,110,1642,10,amyklobuchar,108841,351904,6294
2017-12-16,142,12869,24,amyklobuchar,108983,364773,6318
2017-12-17,-3,28,2,amyklobuchar,108980,364801,6320
2017-12-18,1,-304,4,amyklobuchar,108981,364497,6324
2017-12-19,23,-319,0,amyklobuchar,109004,364178,6324
2017-12-20,9,-566,5,amyklobuchar,109013,363612,6329
2017-12-21,47,4610,0,amyklobuchar,109060,368222,6329
2017-12-22,20,2032,7,amyklobuchar,109080,370254,6336
2017-12-23,13,272,2,amyklobuchar,109093,370526,6338
2017-12-24,-9,615,7,amyklobuchar,109084,371141,6345
2017-12-25,-3,482,1,amyklobuchar,109081,371623,6346
2017-12-26,-1,381,1,amyklobuchar,109080,372004,6347
2017-12-27,38,301,7,amyklobuchar,109118,372305,6354
2017-12-28,29,5204,3,amyklobuchar,109147,377509,6357
2017-12-29,-1,3041,2,amyklobuchar,109146,380550,6359
2017-12-30,52,-379,2,amyklobuchar,109198,380171,6361
2017-12-31,4,-48,4,amyklobuchar,109202,380123,6365
2018-01-01,-9,93,6,amyklobuchar,109193,380216,6371
2018-01-02,-11,669,0,amyklobuchar,109182,380885,6371
2018-01-03,40,-1685,2,amyklobuchar,109222,379200,6373
2018-01-04,4,4323,4,amyklobuchar,109226,383523,6377
2018-01-05,-11,5059,2,amyklobuchar,109215,388582,6379
2018-01-06,-5,-1223,5,amyklobuchar,109210,387359,6384
2018-01-07,-11,-448,3,amyklobuchar,109199,386911,6387
2018-01-08,31,1015,5,amyklobuchar,109230,387926,6392
2018-01-09,-1,-558,2,amyklobuchar,109229,387368,6394
2018-01-10,3,901,4,amyklobuchar,109232,388269,6398
2018-01-11,20,6303,4,amyklobuchar,109252,394572,6402
2018-01-12,58,5182,6,amyklobuchar,109310,399754,6408
2018-01-13,32,-158,7,amyklobuchar,109342,399596,6415
2018-01-14,-8,88,6,amyklobuchar,109334,399684,6421
2018-01-15,-3,372,13,amyklobuchar,109331,400056,6434
2018-01-16,43,172,3,amyklobuchar,109374,400228,6437
2018-01-17,29,299,1,amyklobuchar,109403,400527,6438
2018-01-18,11,512,4,amyklobuchar,109414,401039,6442
2018-01-19,-6,5472,0,amyklobuchar,109408,406511,6442
2018-01-20,-10,-820,2,amyklobuchar,109398,405691,6444
2018-01-21,59,-802,1,amyklobuchar,109457,404889,6445
2018-01-22,22,213,6,amyklobuchar,109479,405102,6451
2018-01-23,16,-3898,-1,amyklobuchar,109495,401204,6450
2018-01-24,10,-1799,2,amyklobuchar,109505,399405,6452
2018-01-25,-3,-64,2,amyklobuchar,109502,399341,6454
2018-01-26,-8,1783,4,amyklobuchar,109494,401124,6458
2018-01-27,32,159,4,amyklobuchar,109526,401283,6462
2018-01-28,-10,163,5,amyklobuchar,109516,401446,6467
2018-01-29,-8,218,4,amyklobuchar,109508,401664,6471
2018-01-30,14,-1848,4,amyklobuchar,109522,399816,6475
2018-01-31,44,-1789,7,amyklobuchar,109566,398027,6482
2018-02-01,-1,1101,5,amyklobuchar,109565,399128,6487
2018-02-02,-16,-1493,14,amyklobuchar,109549,397635,6501
2018-02-03,-2,2384,1,amyklobuchar,109547,400019,6502
2018-02-04,-10,3589,6,amyklobuchar,109537,403608,6508
2018-02-05,-5,389,5,amyklobuchar,109532,403997,6513
2018-02-06,-4,841,3,amyklobuchar,109528,404838,6516
2018-02-07,6,672,2,amyklobuchar,109534,405510,6518
2018-02-08,15,674,6,amyklobuchar,109549,406184,6524
2018-02-09,-2,431,4,amyklobuchar,109547,406615,6528
2018-02-10,-18,-805,6,amyklobuchar,109529,405810,6534
2018-02-11,121,2762,7,amyklobuchar,109650,408572,6541
2018-02-12,180,1193,5,amyklobuchar,109830,409765,6546
2018-02-13,21,-1157,6,amyklobuchar,109851,408608,6552
2018-02-14,-7,-329,8,amyklobuchar,109844,408279,6560
2018-02-15,27,-591,2,amyklobuchar,109871,407688,6562
2018-02-16,-17,-2689,1,amyklobuchar,109854,404999,6563
2018-02-17,-8,-126,4,amyklobuchar,109846,404873,6567
2018-02-18,-14,-543,5,amyklobuchar,109832,404330,6572
2018-02-19,21,286,2,amyklobuchar,109853,404616,6574
2018-02-20,7,1837,5,amyklobuchar,109860,406453,6579
2018-02-21,99,-567,3,amyklobuchar,109959,405886,6582
2018-02-22,20,237,9,amyklobuchar,109979,406123,6591
2018-02-23,23,481,4,amyklobuchar,110002,406604,6595
2018-02-24,2,465,15,amyklobuchar,110004,407069,6610
2018-02-25,-7,841,2,amyklobuchar,109997,407910,6612
2018-02-26,10,144,4,amyklobuchar,110007,408054,6616
2018-02-27,51,651,4,amyklobuchar,110058,408705,6620
2018-02-28,-3,151,10,amyklobuchar,110055,408856,6630
2018-03-01,40,851,2,amyklobuchar,110095,409707,6632
2018-03-02,-5,-1041,2,amyklobuchar,110090,408666,6634
2018-03-03,-6,654,8,amyklobuchar,110084,409320,6642
2018-03-04,-12,938,2,amyklobuchar,110072,410258,6644
2018-03-05,29,599,6,amyklobuchar,110101,410857,6650
2018-03-06,2,742,1,amyklobuchar,110103,411599,6651
2018-03-07,-12,736,5,amyklobuchar,110091,412335,6656
2018-03-08,14,340,5,amyklobuchar,110105,412675,6661
2018-03-09,25,468,6,amyklobuchar,110130,413143,6667
2018-03-10,-10,347,2,amyklobuchar,110120,413490,6669
2018-03-11,-4,343,3,amyklobuchar,110116,413833,6672
2018-03-12,-6,435,1,amyklobuchar,110110,414268,6673
2018-03-13,59,565,5,amyklobuchar,110169,414833,6678
2018-03-14,27,455,8,amyklobuchar,110196,415288,6686
2018-03-15,24,437,9,amyklobuchar,110220,415725,6695
2018-03-16,-4,429,4,amyklobuchar,110216,416154,6699
2018-03-17,-6,418,6,amyklobuchar,110210,416572,6705
2018-03-18,-7,658,4,amyklobuchar,110203,417230,6709
2018-03-19,107,616,7,amyklobuchar,110310,417846,6716
2018-03-20,-6,517,2,amyklobuchar,110304,418363,6718
2018-03-21,47,549,4,amyklobuchar,110351,418912,6722
2018-03-22,-9,648,9,amyklobuchar,110342,419560,6731
2018-03-23,113,596,8,amyklobuchar,110455,420156,6739
2018-03-24,-22,332,9,amyklobuchar,110433,420488,6748
2018-03-25,-38,226,-1,amyklobuchar,110395,420714,6747
2018-03-26,-3,270,2,amyklobuchar,110392,420984,6749
2018-03-27,89,270,7,amyklobuchar,110481,421254,6756
2018-03-28,-9,173,5,amyklobuchar,110472,421427,6761
2018-03-29,43,250,10,amyklobuchar,110515,421677,6771
2018-03-30,29,292,3,amyklobuchar,110544,421969,6774
2018-03-31,-7,303,1,amyklobuchar,110537,422272,6775
2018-04-01,4,242,2,amyklobuchar,110541,422514,6777
2018-04-02,-14,275,2,amyklobuchar,110527,422789,6779
2018-04-03,38,387,7,amyklobuchar,110565,423176,6786
2018-04-04,9,130,4,amyklobuchar,110574,423306,6790
2018-04-05,8,274,3,amyklobuchar,110582,423580,6793
2018-04-06,-4,289,7,amyklobuchar,110578,423869,6800
2018-04-07,33,379,8,amyklobuchar,110611,424248,6808
2018-04-08,-3,254,4,amyklobuchar,110608,424502,6812
2018-04-09,15,342,3,amyklobuchar,110623,424844,6815
2018-04-10,-2,488,7,amyklobuchar,110621,425332,6822
2018-04-11,95,712,13,amyklobuchar,110716,426044,6835
2018-04-12,23,506,5,amyklobuchar,110739,426550,6840
2018-04-13,-10,440,9,amyklobuchar,110729,426990,6849
2018-04-14,17,-213,4,amyklobuchar,110746,426777,6853
2018-04-15,-7,215,1,amyklobuchar,110739,426992,6854
2018-04-16,24,539,6,amyklobuchar,110763,427531,6860
2018-04-17,29,297,5,amyklobuchar,110792,427828,6865
2018-04-18,67,97,9,amyklobuchar,110859,427925,6874
2018-04-19,-6,128,7,amyklobuchar,110853,428053,6881
2018-04-20,88,191,7,amyklobuchar,110941,428244,6888
2018-04-21,-5,94,3,amyklobuchar,110936,428338,6891
2018-04-22,-6,122,4,amyklobuchar,110930,428460,6895
2018-04-23,-8,124,3,amyklobuchar,110922,428584,6898
2018-04-24,59,285,2,amyklobuchar,110981,428869,6900
2018-04-25,-9,107,6,amyklobuchar,110972,428976,6906
2018-04-26,41,90,6,amyklobuchar,111013,429066,6912
2018-04-27,-14,59,0,amyklobuchar,110999,429125,6912
2018-04-28,15,170,5,amyklobuchar,111014,429295,6917
2018-04-29,-4,135,4,amyklobuchar,111010,429430,6921
2018-04-30,-11,102,4,amyklobuchar,110999,429532,6925
2018-05-01,29,-1515,7,amyklobuchar,111028,428017,6932
2018-05-02,-7,-1653,3,amyklobuchar,111021,426364,6935
2018-05-03,-3,137,5,amyklobuchar,111018,426501,6940
2018-05-04,24,30,7,amyklobuchar,111042,426531,6947
2018-05-05,-4,84,4,amyklobuchar,111038,426615,6951
2018-05-06,-7,24,6,amyklobuchar,111031,426639,6957
2018-05-07,22,53,5,amyklobuchar,111053,426692,6962
2018-05-08,-10,67,5,amyklobuchar,111043,426759,6967
2018-05-09,-2,47,7,amyklobuchar,111041,426806,6974
2018-05-10,-8,73,7,amyklobuchar,111033,426879,6981
2018-05-11,-16,198,8,amyklobuchar,111017,427077,6989
2018-05-12,59,-191,10,amyklobuchar,111076,426886,6999
2018-05-13,-9,2113,6,amyklobuchar,111067,428999,7005
2018-05-14,-10,531,6,amyklobuchar,111057,429530,7011
2018-05-15,37,-531,5,amyklobuchar,111094,428999,7016
2018-05-16,2,-360,7,amyklobuchar,111096,428639,7023
2018-05-17,45,-161,3,amyklobuchar,111141,428478,7026
2018-05-18,-14,-226,7,amyklobuchar,111127,428252,7033
2018-05-19,3,84,2,amyklobuchar,111130,428336,7035
2018-05-20,-38,220,2,amyklobuchar,111092,428556,7037
2018-05-21,-11,24,5,amyklobuchar,111081,428580,7042
2018-05-22,-10,57,6,amyklobuchar,111071,428637,7048
2018-05-23,-11,-804,8,amyklobuchar,111060,427833,7056
2018-05-24,-14,-9,5,amyklobuchar,111046,427824,7061
2018-05-25,-1,61,6,amyklobuchar,111045,427885,7067
2018-05-26,-9,80,4,amyklobuchar,111036,427965,7071
2018-05-27,-9,76,5,amyklobuchar,111027,428041,7076
2018-05-28,-5,80,3,amyklobuchar,111022,428121,7079
2018-05-29,-7,62,5,amyklobuchar,111015,428183,7084
2018-05-30,41,102,3,amyklobuchar,111056,428285,7087
2018-05-31,-8,41,4,amyklobuchar,111048,428326,7091
2018-06-01,-13,90,1,amyklobuchar,111035,428416,7092
2018-06-02,-16,159,8,amyklobuchar,111019,428575,7100
2018-06-03,-8,99,2,amyklobuchar,111011,428674,7102
2018-06-04,-9,161,3,amyklobuchar,111002,428835,7105
2018-06-05,-11,148,3,amyklobuchar,110991,428983,7108
2018-06-06,-6,66,2,amyklobuchar,110985,429049,7110
2018-06-07,-8,73,5,amyklobuchar,110977,429122,7115
2018-06-08,-12,194,5,amyklobuchar,110965,429316,7120
2018-06-09,-6,60,5,amyklobuchar,110959,429376,7125
2018-06-10,-11,22,7,amyklobuchar,110948,429398,7132
2018-06-11,-6,34,5,amyklobuchar,110942,429432,7137
2018-06-12,15,64,5,amyklobuchar,110957,429496,7142
2018-06-13,-9,-55,10,amyklobuchar,110948,429441,7152
2018-06-14,129,59,6,amyklobuchar,111077,429500,7158
2018-06-15,430,108,8,amyklobuchar,111507,429608,7166
2018-06-16,790,49,4,amyklobuchar,112297,429657,7170
2018-06-17,492,108,5,amyklobuchar,112789,429765,7175
2018-06-18,-3,48,8,amyklobuchar,112786,429813,7183
2018-06-19,549,107,5,amyklobuchar,113335,429920,7188
2018-06-20,993,188,3,amyklobuchar,114328,430108,7191
2018-06-21,806,107,8,amyklobuchar,115134,430215,7199
2018-06-22,541,67,6,amyklobuchar,115675,430282,7205
2018-06-23,82,-180,1,amyklobuchar,115757,430102,7206
2018-06-24,67,66,5,amyklobuchar,115824,430168,7211
2018-06-25,231,43,9,amyklobuchar,116055,430211,7220
2018-06-26,-16,94,7,amyklobuchar,116039,430305,7227
2018-06-27,186,78,5,amyklobuchar,116225,430383,7232
2018-06-28,157,-1177,4,amyklobuchar,116382,429206,7236
2018-06-29,-7,188,7,amyklobuchar,116375,429394,7243
2018-06-30,155,95,3,amyklobuchar,116530,429489,7246
2018-07-01,112,100,4,amyklobuchar,116642,429589,7250
2018-07-02,82,43,4,amyklobuchar,116724,429632,7254
2018-07-03,82,87,0,amyklobuchar,116806,429719,7254
2018-07-04,-3,-56,8,amyklobuchar,116803,429663,7262
2018-07-05,-6,55,12,amyklobuchar,116797,429718,7274
2018-07-06,149,143,5,amyklobuchar,116946,429861,7279
2018-07-07,-10,144,2,amyklobuchar,116936,430005,7281
2018-07-08,-20,81,2,amyklobuchar,116916,430086,7283
2018-07-09,73,114,4,amyklobuchar,116989,430200,7287
2018-07-10,158,179,7,amyklobuchar,117147,430379,7294
2018-07-11,233,129,6,amyklobuchar,117380,430508,7300
2018-07-12,182,50,5,amyklobuchar,117562,430558,7305
2018-07-13,51,-2743,5,amyklobuchar,117613,427815,7310
2018-07-14,133,149,5,amyklobuchar,117746,427964,7315
2018-07-15,310,131,4,amyklobuchar,118056,428095,7319
2018-07-16,268,10,5,amyklobuchar,118324,428105,7324
2018-07-17,14,249,6,amyklobuchar,118338,428354,7330
2018-07-18,739,-1014,1,amyklobuchar,119077,427340,7331
2018-07-19,8,-2760,4,amyklobuchar,119085,424580,7335
2018-07-20,440,-1177,9,amyklobuchar,119525,423403,7344
2018-07-21,197,-31,3,amyklobuchar,119722,423372,7347
2018-07-22,17,-26,5,amyklobuchar,119739,423346,7352
2018-07-23,92,-181,2,amyklobuchar,119831,423165,7354
2018-07-24,70,-305,4,amyklobuchar,119901,422860,7358
2018-07-25,146,-823,6,amyklobuchar,120047,422037,7364
2018-07-26,34,64,3,amyklobuchar,120081,422101,7367
2018-07-27,136,70,5,amyklobuchar,120217,422171,7372
2018-07-28,110,19,8,amyklobuchar,120327,422190,7380
2018-07-29,-4,25,5,amyklobuchar,120323,422215,7385
2018-07-30,132,18,1,amyklobuchar,120455,422233,7386
2018-07-31,153,9,3,amyklobuchar,120608,422242,7389
2018-08-01,167,78,7,amyklobuchar,120775,422320,7396
2018-08-02,21,63,9,amyklobuchar,120796,422383,7405
2018-08-03,163,34,5,amyklobuchar,120959,422417,7410
2018-08-04,-13,-27,6,amyklobuchar,120946,422390,7416
2018-08-05,57,28,7,amyklobuchar,121003,422418,7423
2018-08-06,260,86,4,amyklobuchar,121263,422504,7427
2018-08-07,132,73,3,amyklobuchar,121395,422577,7430
2018-08-08,-9,104,4,amyklobuchar,121386,422681,7434
2018-08-09,57,10,6,amyklobuchar,121443,422691,7440
2018-08-10,12,415,8,amyklobuchar,121455,423106,7448
2018-08-11,489,193,6,amyklobuchar,121944,423299,7454
2018-08-12,125,213,5,amyklobuchar,122069,423512,7459
2018-08-13,248,77,4,amyklobuchar,122317,423589,7463
2018-08-14,287,-127,6,amyklobuchar,122604,423462,7469
2018-08-15,382,607,8,amyklobuchar,122986,424069,7477
2018-08-16,108,146,7,amyklobuchar,123094,424215,7484
2018-08-17,257,112,1,amyklobuchar,123351,424327,7485
2018-08-18,83,60,6,amyklobuchar,123434,424387,7491
2018-08-19,133,117,7,amyklobuchar,123567,424504,7498
2018-08-20,211,81,9,amyklobuchar,123778,424585,7507
2018-08-21,73,62,2,amyklobuchar,123851,424647,7509
2018-08-22,-6,253,1,amyklobuchar,123845,424900,7510
2018-08-23,457,187,5,amyklobuchar,124302,425087,7515
2018-08-24,169,77,0,amyklobuchar,124471,425164,7515
2018-08-25,171,171,3,amyklobuchar,124642,425335,7518
2018-08-26,-4,317,5,amyklobuchar,124638,425652,7523
2018-08-27,186,170,5,amyklobuchar,124824,425822,7528
2018-08-28,242,61,4,amyklobuchar,125066,425883,7532
2018-08-29,215,83,8,amyklobuchar,125281,425966,7540
2018-08-30,283,127,8,amyklobuchar,125564,426093,7548
2018-08-31,88,78,4,amyklobuchar,125652,426171,7552
2018-09-01,-17,73,3,amyklobuchar,125635,426244,7555
2018-09-02,117,182,5,amyklobuchar,125752,426426,7560
2018-09-03,285,175,2,amyklobuchar,126037,426601,7562
2018-09-04,-4,347,6,amyklobuchar,126033,426948,7568
2018-09-05,935,1597,7,amyklobuchar,126968,428545,7575
2018-09-06,332,961,3,amyklobuchar,127300,429506,7578
2018-09-07,682,409,6,amyklobuchar,127982,429915,7584
2018-09-08,-15,325,2,amyklobuchar,127967,430240,7586
2018-09-09,139,262,2,amyklobuchar,128106,430502,7588
2018-09-10,342,79,5,amyklobuchar,128448,430581,7593
2018-09-11,278,234,5,amyklobuchar,128726,430815,7598
2018-09-12,180,252,9,amyklobuchar,128906,431067,7607
2018-09-13,-14,195,6,amyklobuchar,128892,431262,7613
2018-09-14,361,191,3,amyklobuchar,129253,431453,7616
2018-09-15,-11,122,7,amyklobuchar,129242,431575,7623
2018-09-16,-19,197,3,amyklobuchar,129223,431772,7626
2018-09-17,56,211,2,amyklobuchar,129279,431983,7628
2018-09-18,444,178,4,amyklobuchar,129723,432161,7632
2018-09-19,378,238,7,amyklobuchar,130101,432399,7639
2018-09-20,217,253,6,amyklobuchar,130318,432652,7645
2018-09-21,219,265,5,amyklobuchar,130537,432917,7650
2018-09-22,-7,230,4,amyklobuchar,130530,433147,7654
2018-09-23,-8,94,3,amyklobuchar,130522,433241,7657
2018-09-24,35,278,5,amyklobuchar,130557,433519,7662
2018-09-25,597,352,7,amyklobuchar,131154,433871,7669
2018-09-26,197,213,3,amyklobuchar,131351,434084,7672
2018-09-27,81,1717,3,amyklobuchar,131432,435801,7675
2018-09-28,12,14467,6,amyklobuchar,131444,450268,7681
2018-09-29,1477,22567,1,amyklobuchar,132921,472835,7682
2018-09-30,-11,10913,2,amyklobuchar,132910,483748,7684
2018-10-01,138,7212,8,amyklobuchar,133048,490960,7692
2018-10-02,-6,2077,3,amyklobuchar,133042,493037,7695
2018-10-03,349,1214,6,amyklobuchar,133391,494251,7701
2018-10-04,132,3051,6,amyklobuchar,133523,497302,7707
2018-10-05,-15,2447,1,amyklobuchar,133508,499749,7708
2018-10-06,331,2242,3,amyklobuchar,133839,501991,7711
2018-10-07,-14,2317,2,amyklobuchar,133825,504308,7713
2018-10-08,-14,2420,8,amyklobuchar,133811,506728,7721
2018-10-09,-18,-220,6,amyklobuchar,133793,506508,7727
2018-10-10,-55,208,1,amyklobuchar,133738,506716,7728
2018-10-11,-15,577,7,amyklobuchar,133723,507293,7735
2018-10-12,78,513,8,amyklobuchar,133801,507806,7743
2018-10-13,-10,331,8,amyklobuchar,133791,508137,7751
2018-10-14,-22,287,7,amyklobuchar,133769,508424,7758
2018-10-15,-16,290,6,amyklobuchar,133753,508714,7764
2018-10-16,-22,397,1,amyklobuchar,133731,509111,7765
2018-10-17,91,391,2,amyklobuchar,133822,509502,7767
2018-10-18,-9,590,0,amyklobuchar,133813,510092,7767
2018-10-19,-7,380,2,amyklobuchar,133806,510472,7769
2018-10-20,123,268,2,amyklobuchar,133929,510740,7771
2018-10-21,-12,249,7,amyklobuchar,133917,510989,7778
2018-10-22,31,303,6,amyklobuchar,133948,511292,7784
2018-10-23,27,142,8,amyklobuchar,133975,511434,7792
2018-10-24,157,73,6,amyklobuchar,134132,511507,7798
2018-10-25,146,96,8,amyklobuchar,134278,511603,7806
2018-10-26,199,402,5,amyklobuchar,134477,512005,7811
2018-10-27,185,1263,0,amyklobuchar,134662,513268,7811
2018-10-28,-11,182,3,amyklobuchar,134651,513450,7814
2018-10-29,108,106,3,amyklobuchar,134759,513556,7817
2018-10-30,231,255,6,amyklobuchar,134990,513811,7823
2018-10-31,-14,215,3,amyklobuchar,134976,514026,7826
2018-11-01,233,211,4,amyklobuchar,135209,514237,7830
2018-11-02,274,166,5,amyklobuchar,135483,514403,7835
2018-11-03,-8,177,4,amyklobuchar,135475,514580,7839
2018-11-04,-13,-2371,3,amyklobuchar,135462,512209,7842
2018-11-05,-18,-1182,10,amyklobuchar,135444,511027,7852
2018-11-06,-11,268,9,amyklobuchar,135433,511295,7861
2018-11-07,-12,-5221,14,amyklobuchar,135421,506074,7875
2018-11-08,-12,2706,1,amyklobuchar,135409,508780,7876
2018-11-09,-12,-458,5,amyklobuchar,135397,508322,7881
2018-11-10,48,1657,3,amyklobuchar,135445,509979,7884
2018-11-11,-9,1072,5,amyklobuchar,135436,511051,7889
2018-11-12,-13,559,6,amyklobuchar,135423,511610,7895
2018-11-13,487,631,7,amyklobuchar,135910,512241,7902
2018-11-14,36,848,3,amyklobuchar,135946,513089,7905
2018-11-15,6,406,4,amyklobuchar,135952,513495,7909
2018-11-16,-12,425,6,amyklobuchar,135940,513920,7915
2018-11-17,-6,75,8,amyklobuchar,135934,513995,7923
2018-11-18,-5,286,2,amyklobuchar,135929,514281,7925
2018-11-19,-15,251,4,amyklobuchar,135914,514532,7929
2018-11-20,-4,424,6,amyklobuchar,135910,514956,7935
2018-11-21,-14,352,4,amyklobuchar,135896,515308,7939
2018-11-22,154,302,4,amyklobuchar,136050,515610,7943
2018-11-23,-22,292,2,amyklobuchar,136028,515902,7945
2018-11-24,-7,891,2,amyklobuchar,136021,516793,7947
2018-11-25,-7,629,6,amyklobuchar,136014,517422,7953
2018-11-26,6,391,6,amyklobuchar,136020,517813,7959
2018-11-27,-9,313,3,amyklobuchar,136011,518126,7962
2018-11-28,6,183,3,amyklobuchar,136017,518309,7965
2018-12-01,160,1292,17,amyklobuchar,136177,519601,7982
2018-12-02,-4,171,3,amyklobuchar,136173,519772,7985
2018-12-03,-10,271,4,amyklobuchar,136163,520043,7989
2018-12-04,-10,259,4,amyklobuchar,136153,520302,7993
2018-12-05,-9,362,3,amyklobuchar,136144,520664,7996
2018-12-06,-12,489,3,amyklobuchar,136132,521153,7999
2018-12-07,218,542,3,amyklobuchar,136350,521695,8002
2018-12-08,-8,387,2,amyklobuchar,136342,522082,8004
2018-12-09,-13,508,4,amyklobuchar,136329,522590,8008
2018-12-10,-9,384,3,amyklobuchar,136320,522974,8011
2018-12-11,274,181,8,amyklobuchar,136594,523155,8019
2018-12-12,-8,595,9,amyklobuchar,136586,523750,8028
2018-12-13,-19,312,5,amyklobuchar,136567,524062,8033
2018-12-14,-10,506,1,amyklobuchar,136557,524568,8034
2018-12-15,176,456,9,amyklobuchar,136733,525024,8043
2018-12-16,30,720,3,amyklobuchar,136763,525744,8046
2018-12-17,3,507,4,amyklobuchar,136766,526251,8050
2018-12-18,366,834,4,amyklobuchar,137132,527085,8054
2018-12-19,509,765,9,amyklobuchar,137641,527850,8063
2018-12-20,295,645,3,amyklobuchar,137936,528495,8066
2018-12-21,-15,845,13,amyklobuchar,137921,529340,8079
2018-12-22,-14,503,0,amyklobuchar,137907,529843,8079
2018-12-23,-11,1288,3,amyklobuchar,137896,531131,8082
2018-12-24,-18,518,2,amyklobuchar,137878,531649,8084
2018-12-25,167,421,1,amyklobuchar,138045,532070,8085
2018-12-26,-3,390,1,amyklobuchar,138042,532460,8086
2018-12-27,223,380,3,amyklobuchar,138265,532840,8089
2018-12-28,-3,513,3,amyklobuchar,138262,533353,8092
2018-12-29,-3,459,2,amyklobuchar,138259,533812,8094
2018-12-30,279,1179,1,amyklobuchar,138538,534991,8095
2018-12-31,-3,861,6,amyklobuchar,138535,535852,8101
2019-01-01,199,826,8,amyklobuchar,138734,536678,8109
2019-01-02,-19,704,1,amyklobuchar,138715,537382,8110
2019-01-03,286,737,2,amyklobuchar,139001,538119,8112
2019-01-04,488,1666,6,amyklobuchar,139489,539785,8118
2019-01-05,329,934,6,amyklobuchar,139818,540719,8124
2019-01-06,246,1138,5,amyklobuchar,140064,541857,8129
2019-01-07,-11,705,3,amyklobuchar,140053,542562,8132
2019-01-08,-3,464,8,amyklobuchar,140050,543026,8140
2019-01-09,-3,1205,7,amyklobuchar,140047,544231,8147
2019-01-10,-2,3877,2,amyklobuchar,140045,548108,8149
2019-01-11,671,3302,4,amyklobuchar,140716,551410,8153
2019-01-12,341,994,5,amyklobuchar,141057,552404,8158
2019-01-13,7,918,4,amyklobuchar,141064,553322,8162
2019-01-14,-3,901,3,amyklobuchar,141061,554223,8165
2019-01-15,0,204,4,amyklobuchar,141061,554427,8169
2019-01-16,21,2521,6,amyklobuchar,141082,556948,8175
2019-01-17,237,1270,6,amyklobuchar,141319,558218,8181
2019-01-18,-22,1256,4,amyklobuchar,141297,559474,8185
2019-01-19,16,1934,6,amyklobuchar,141313,561408,8191
2019-01-20,-2,898,1,amyklobuchar,141311,562306,8192
2019-01-21,337,901,3,amyklobuchar,141648,563207,8195
2019-01-22,-18,1116,5,amyklobuchar,141630,564323,8200
2019-01-23,-8,898,2,amyklobuchar,141622,565221,8202
2019-01-24,20,815,5,amyklobuchar,141642,566036,8207
2019-01-25,-9,705,0,amyklobuchar,141633,566741,8207
2019-01-26,13,1158,7,amyklobuchar,141646,567899,8214
2019-01-27,329,983,5,amyklobuchar,141975,568882,8219
2019-01-28,-3,769,3,amyklobuchar,141972,569651,8222
2019-01-29,-8,500,6,amyklobuchar,141964,570151,8228
2019-01-30,-17,630,6,amyklobuchar,141947,570781,8234
2019-01-31,-3,673,6,amyklobuchar,141944,571454,8240
2019-02-01,-5,1563,3,amyklobuchar,141939,573017,8243
2019-02-02,-3,1167,3,amyklobuchar,141936,574184,8246
2019-02-03,-7,865,4,amyklobuchar,141929,575049,8250
2019-02-04,-12,753,5,amyklobuchar,141917,575802,8255
2019-02-05,-28,411,1,amyklobuchar,141889,576213,8256
2019-02-06,25,2615,2,amyklobuchar,141914,578828,8258
2019-02-07,2,2955,3,amyklobuchar,141916,581783,8261
2019-02-10,-9,2613,8,amyklobuchar,141907,584396,8269
2019-02-11,-6,14305,19,amyklobuchar,141901,598701,8288
2019-02-12,-32,14808,3,amyklobuchar,141869,613509,8291
2019-02-13,-10,5073,3,amyklobuchar,141859,618582,8294
2019-02-14,-19,2135,4,amyklobuchar,141840,620717,8298
2019-02-15,-8,1681,6,amyklobuchar,141832,622398,8304
2019-02-16,-9,1857,7,amyklobuchar,141823,624255,8311
2019-02-17,-2,1409,6,amyklobuchar,141821,625664,8317
2019-02-18,-14,1209,4,amyklobuchar,141807,626873,8321
2019-02-19,-10,3471,9,amyklobuchar,141797,630344,8330
2019-02-20,-12,3700,5,amyklobuchar,141785,634044,8335
2019-02-21,-8,1697,6,amyklobuchar,141777,635741,8341
2019-02-22,-3,1460,7,amyklobuchar,141774,637201,8348
2019-02-23,-8,1430,2,amyklobuchar,141766,638631,8350
2019-02-24,-11,1034,5,amyklobuchar,141755,639665,8355
2019-02-25,-22,703,10,amyklobuchar,141733,640368,8365
2019-02-26,-12,609,5,amyklobuchar,141721,640977,8370
2019-02-27,-3,807,3,amyklobuchar,141718,641784,8373
2019-02-28,-6,856,8,amyklobuchar,141712,642640,8381
2019-03-01,-18,586,7,amyklobuchar,141694,643226,8388
2019-03-02,-6,620,6,amyklobuchar,141688,643846,8394
2019-03-03,2,647,5,amyklobuchar,141690,644493,8399
2019-03-04,-17,522,3,amyklobuchar,141673,645015,8402
2019-03-05,-16,638,6,amyklobuchar,141657,645653,8408
2019-03-06,-9,509,6,amyklobuchar,141648,646162,8414
2019-03-07,-9,439,3,amyklobuchar,141639,646601,8417
2019-03-08,50,689,5,amyklobuchar,141689,647290,8422
2019-03-09,3,756,5,amyklobuchar,141692,648046,8427
2019-03-10,-21,1002,12,amyklobuchar,141671,649048,8439
2019-03-11,-2,123,0,amyklobuchar,141669,649171,8439
2019-03-12,-10,493,8,amyklobuchar,141659,649664,8447
2019-03-13,-13,354,5,amyklobuchar,141646,650018,8452
2019-03-14,-25,475,10,amyklobuchar,141621,650493,8462
2019-03-15,-10,701,6,amyklobuchar,141611,651194,8468
2019-03-16,-11,835,6,amyklobuchar,141600,652029,8474
2019-03-17,-12,721,10,amyklobuchar,141588,652750,8484
2019-03-18,-15,1036,8,amyklobuchar,141573,653786,8492
2019-03-19,-14,874,7,amyklobuchar,141559,654660,8499
2019-03-20,-19,1033,5,amyklobuchar,141540,655693,8504
2019-03-21,-13,1150,8,amyklobuchar,141527,656843,8512
2019-03-22,-26,796,6,amyklobuchar,141501,657639,8518
2019-03-23,-24,907,7,amyklobuchar,141477,658546,8525
2019-03-24,-5,1240,4,amyklobuchar,141472,659786,8529
2019-03-25,-16,974,5,amyklobuchar,141456,660760,8534
2019-03-26,-29,577,5,amyklobuchar,141427,661337,8539
2019-03-27,-15,537,16,amyklobuchar,141412,661874,8555
2019-03-28,-7,733,6,amyklobuchar,141405,662607,8561
2019-03-29,-7,924,15,amyklobuchar,141398,663531,8576
2019-03-30,-24,701,8,amyklobuchar,141374,664232,8584
2019-03-31,-5,811,3,amyklobuchar,141369,665043,8587
2019-04-01,-1,720,7,amyklobuchar,141368,665763,8594
2019-04-02,-6,642,6,amyklobuchar,141362,666405,8600
2019-04-03,-11,724,3,amyklobuchar,141351,667129,8603
2019-04-04,-14,584,7,amyklobuchar,141337,667713,8610
2019-04-05,-12,534,5,amyklobuchar,141325,668247,8615
2019-04-06,-1,485,5,amyklobuchar,141324,668732,8620
2019-04-07,69,514,6,amyklobuchar,141393,669246,8626
2019-04-08,-9,483,4,amyklobuchar,141384,669729,8630
2019-04-09,-16,378,10,amyklobuchar,141368,670107,8640
2019-04-10,128,399,6,amyklobuchar,141496,670506,8646
2019-04-11,-13,509,10,amyklobuchar,141483,671015,8656
2019-04-12,-9,500,2,amyklobuchar,141474,671515,8658
2019-04-13,-15,424,11,amyklobuchar,141459,671939,8669
2019-04-14,6,868,4,amyklobuchar,141465,672807,8673
2019-04-15,-7,982,5,amyklobuchar,141458,673789,8678
2019-04-16,-6,1053,3,amyklobuchar,141452,674842,8681
2019-04-17,-27,876,2,amyklobuchar,141425,675718,8683
2019-04-18,-7,595,5,amyklobuchar,141418,676313,8688
2019-04-19,2,747,6,amyklobuchar,141420,677060,8694
2019-04-20,-17,474,7,amyklobuchar,141403,677534,8701
2019-04-21,12,515,11,amyklobuchar,141415,678049,8712
2019-04-22,-15,364,5,amyklobuchar,141400,678413,8717
2019-04-23,-7,887,17,amyklobuchar,141393,679300,8734
2019-04-24,-9,613,7,amyklobuchar,141384,679913,8741
2019-04-25,-6,606,7,amyklobuchar,141378,680519,8748
2019-04-26,-13,752,7,amyklobuchar,141365,681271,8755
2019-04-27,-1,513,9,amyklobuchar,141364,681784,8764
2019-04-28,-5,674,4,amyklobuchar,141359,682458,8768
2019-04-29,-12,552,7,amyklobuchar,141347,683010,8775
2019-04-30,-10,594,8,amyklobuchar,141337,683604,8783
2019-05-01,-4,644,6,amyklobuchar,141333,684248,8789
2019-05-02,1,1656,8,amyklobuchar,141334,685904,8797
2019-05-03,0,1409,8,amyklobuchar,141334,687313,8805
2019-05-04,-9,1060,7,amyklobuchar,141325,688373,8812
2019-05-05,-11,692,7,amyklobuchar,141314,689065,8819
2019-05-06,-4,812,6,amyklobuchar,141310,689877,8825
2019-05-07,-14,583,3,amyklobuchar,141296,690460,8828
2019-05-08,-2,519,5,amyklobuchar,141294,690979,8833
2019-05-09,-17,565,14,amyklobuchar,141277,691544,8847
2019-05-10,-8,530,8,amyklobuchar,141269,692074,8855
2019-05-11,-2,365,7,amyklobuchar,141267,692439,8862
2019-05-12,-4,411,4,amyklobuchar,141263,692850,8866
2019-05-14,-29,748,12,amyklobuchar,141234,693598,8878
2019-05-15,-2,306,4,amyklobuchar,141232,693904,8882
2019-05-16,-13,516,6,amyklobuchar,141219,694420,8888
2019-05-17,-6,431,8,amyklobuchar,141213,694851,8896
2019-05-18,-6,408,6,amyklobuchar,141207,695259,8902
2019-05-19,2,474,6,amyklobuchar,141209,695733,8908
2019-05-20,-12,256,7,amyklobuchar,141197,695989,8915
2019-05-21,-2,381,6,amyklobuchar,141195,696370,8921
2019-05-22,-14,294,8,amyklobuchar,141181,696664,8929
2019-05-23,-13,366,9,amyklobuchar,141168,697030,8938
2019-05-24,-8,328,8,amyklobuchar,141160,697358,8946
2019-05-25,-12,287,8,amyklobuchar,141148,697645,8954
2019-05-26,-6,239,8,amyklobuchar,141142,697884,8962
2019-05-27,2,196,7,amyklobuchar,141144,698080,8969
2019-05-28,-10,733,4,amyklobuchar,141134,698813,8973
2019-05-29,-10,531,6,amyklobuchar,141124,699344,8979
2019-05-30,1,459,6,amyklobuchar,141125,699803,8985
2019-05-31,-8,353,8,amyklobuchar,141117,700156,8993
2019-06-01,-22,233,4,amyklobuchar,141095,700389,8997
2019-06-02,-21,274,12,amyklobuchar,141074,700663,9009
2019-06-03,-1,317,6,amyklobuchar,141073,700980,9015
2019-06-04,-1,316,7,amyklobuchar,141072,701296,9022
2019-06-05,-4,289,5,amyklobuchar,141068,701585,9027
2019-06-06,2,237,6,amyklobuchar,141070,701822,9033
2019-06-07,-13,140,10,amyklobuchar,141057,701962,9043
2019-06-08,-11,205,6,amyklobuchar,141046,702167,9049
2019-06-09,-12,207,6,amyklobuchar,141034,702374,9055
2019-06-10,-1,220,9,amyklobuchar,141033,702594,9064
2019-06-11,-3,117,7,amyklobuchar,141030,702711,9071
2019-06-12,-3,264,7,amyklobuchar,141027,702975,9078
2019-06-13,-3,284,8,amyklobuchar,141024,703259,9086
2019-06-14,-2,283,7,amyklobuchar,141022,703542,9093
2019-06-15,-24,293,7,amyklobuchar,140998,703835,9100
2019-06-16,-9,156,9,amyklobuchar,140989,703991,9109
2019-06-17,-8,233,4,amyklobuchar,140981,704224,9113
2019-06-18,-34,-28,6,amyklobuchar,140947,704196,9119
2019-06-19,-2,247,5,amyklobuchar,140945,704443,9124
2019-06-20,-8,362,8,amyklobuchar,140937,704805,9132
2019-06-21,-3,341,4,amyklobuchar,140934,705146,9136
2019-06-22,-14,210,5,amyklobuchar,140920,705356,9141
2019-06-23,-10,201,5,amyklobuchar,140910,705557,9146
2019-06-24,-5,269,7,amyklobuchar,140905,705826,9153
2019-06-25,-2,447,5,amyklobuchar,140903,706273,9158
2019-06-26,-8,287,5,amyklobuchar,140895,706560,9163
2019-06-27,-12,4386,16,amyklobuchar,140883,710946,9179
2019-06-28,-9,3294,8,amyklobuchar,140874,714240,9187
2019-06-29,-8,1708,7,amyklobuchar,140866,715948,9194
2019-06-30,0,1685,6,amyklobuchar,140866,717633,9200
2019-07-01,-6,1502,5,amyklobuchar,140860,719135,9205
2019-07-02,-24,882,6,amyklobuchar,140836,720017,9211
2019-07-03,-21,890,7,amyklobuchar,140815,720907,9218
2019-07-04,-7,700,7,amyklobuchar,140808,721607,9225
2019-07-05,-6,705,6,amyklobuchar,140802,722312,9231
2019-07-06,0,611,4,amyklobuchar,140802,722923,9235
2019-07-07,-10,561,6,amyklobuchar,140792,723484,9241
2019-07-08,-6,574,6,amyklobuchar,140786,724058,9247
2019-07-09,5,770,5,amyklobuchar,140791,724828,9252
2019-07-10,-9,736,6,amyklobuchar,140782,725564,9258
2019-07-11,-13,545,5,amyklobuchar,140769,726109,9263
2019-07-12,-6,405,5,amyklobuchar,140763,726514,9268
2019-07-13,-3,391,6,amyklobuchar,140760,726905,9274
2019-07-14,-7,439,6,amyklobuchar,140753,727344,9280
2019-07-15,-12,490,11,amyklobuchar,140741,727834,9291
2019-07-16,-14,713,9,amyklobuchar,140727,728547,9300
2019-07-17,-9,400,6,amyklobuchar,140718,728947,9306
2019-07-18,-22,204,7,amyklobuchar,140696,729151,9313
2019-07-19,-38,555,7,amyklobuchar,140658,729706,9320
2019-07-20,-11,404,5,amyklobuchar,140647,730110,9325
2019-07-21,-4,262,4,amyklobuchar,140643,730372,9329
2019-07-22,-20,318,5,amyklobuchar,140623,730690,9334
2019-07-23,-14,276,5,amyklobuchar,140609,730966,9339
2019-07-24,-9,552,6,amyklobuchar,140600,731518,9345
2019-07-25,-4,344,6,amyklobuchar,140596,731862,9351
2019-07-26,-17,258,9,amyklobuchar,140579,732120,9360
2019-07-27,-18,2,7,amyklobuchar,140561,732122,9367
2019-07-28,-6,233,5,amyklobuchar,140555,732355,9372
2019-07-29,-14,345,6,amyklobuchar,140541,732700,9378
2019-07-30,-11,216,5,amyklobuchar,140530,732916,9383
2019-07-31,-23,1639,15,amyklobuchar,140507,734555,9398
2019-08-01,-9,1220,6,amyklobuchar,140498,735775,9404
2019-08-02,-9,798,7,amyklobuchar,140489,736573,9411
2019-08-03,-12,670,6,amyklobuchar,140477,737243,9417
2019-08-04,-9,818,3,amyklobuchar,140468,738061,9420
2019-08-05,-7,1241,3,amyklobuchar,140461,739302,9423
2019-08-06,-21,527,6,amyklobuchar,140440,739829,9429
2019-08-07,-8,782,4,amyklobuchar,140432,740611,9433
2019-08-08,-15,993,8,amyklobuchar,140417,741604,9441
2019-08-09,-10,747,7,amyklobuchar,140407,742351,9448
2019-08-10,-9,390,7,amyklobuchar,140398,742741,9455
2019-08-11,-10,396,6,amyklobuchar,140388,743137,9461
2019-08-12,-4,472,6,amyklobuchar,140384,743609,9467
2019-08-13,-14,348,5,amyklobuchar,140370,743957,9472
2019-08-14,-18,378,7,amyklobuchar,140352,744335,9479
2016-06-22,-1,21373,7,realDonaldTrump,39,9239930,32338
2016-06-23,1,19126,16,realDonaldTrump,40,9259056,32354
2016-06-24,0,32294,12,realDonaldTrump,40,9291350,32366
2016-06-25,1,23319,8,realDonaldTrump,41,9314669,32374
2016-06-26,0,19617,16,realDonaldTrump,41,9334286,32390
2016-06-27,0,20358,2,realDonaldTrump,41,9354644,32392
2016-06-28,0,26782,13,realDonaldTrump,41,9381426,32405
2016-06-29,0,11094,5,realDonaldTrump,41,9392520,32410
2016-06-30,0,27660,15,realDonaldTrump,41,9420180,32425
2016-07-01,0,17291,11,realDonaldTrump,41,9437471,32436
2016-07-02,0,16970,12,realDonaldTrump,41,9454441,32448
2016-07-03,0,18965,8,realDonaldTrump,41,9473406,32456
2016-07-04,0,21374,13,realDonaldTrump,41,9494780,32469
2016-07-05,0,40465,7,realDonaldTrump,41,9535245,32476
2016-07-06,0,22598,15,realDonaldTrump,41,9557843,32491
2016-07-07,0,22661,6,realDonaldTrump,41,9580504,32497
2016-07-08,0,30094,5,realDonaldTrump,41,9610598,32502
2016-07-09,1,17962,2,realDonaldTrump,42,9628560,32504
2016-07-10,0,16068,4,realDonaldTrump,42,9644628,32508
2016-07-11,-1,15027,5,realDonaldTrump,41,9659655,32513
2016-07-12,0,21272,13,realDonaldTrump,41,9680927,32526
2016-07-13,0,19161,15,realDonaldTrump,41,9700088,32541
2016-07-14,0,26236,7,realDonaldTrump,41,9726324,32548
2016-07-15,0,41797,3,realDonaldTrump,41,9768121,32551
2016-07-16,1,23491,7,realDonaldTrump,42,9791612,32558
2016-07-17,0,25613,17,realDonaldTrump,42,9817225,32575
2016-07-18,0,17165,7,realDonaldTrump,42,9834390,32582
2016-07-19,0,40872,6,realDonaldTrump,42,9875262,32588
2016-07-20,0,50109,9,realDonaldTrump,42,9925371,32597
2016-07-21,0,55161,16,realDonaldTrump,42,9980532,32613
2016-07-22,1,58413,7,realDonaldTrump,43,10038945,32620
2016-07-23,0,36713,16,realDonaldTrump,43,10075658,32636
2016-07-24,0,36781,17,realDonaldTrump,43,10112439,32653
2016-07-25,1,48552,18,realDonaldTrump,44,10160991,32671
2016-07-26,0,80744,16,realDonaldTrump,44,10241735,32687
2016-07-27,0,60172,20,realDonaldTrump,44,10301907,32707
2016-07-28,0,60582,16,realDonaldTrump,44,10362489,32723
2016-07-29,0,75921,30,realDonaldTrump,44,10438410,32753
2016-07-30,0,36362,24,realDonaldTrump,44,10474772,32777
2016-07-31,0,36590,6,realDonaldTrump,44,10511362,32783
2016-08-01,0,38431,21,realDonaldTrump,44,10549793,32804
2016-08-02,0,39684,14,realDonaldTrump,44,10589477,32818
2016-08-03,0,34596,7,realDonaldTrump,44,10624073,32825
2016-08-04,0,29774,5,realDonaldTrump,44,10653847,32830
2016-08-05,1,27123,11,realDonaldTrump,45,10680970,32841
2016-08-06,0,25051,8,realDonaldTrump,45,10706021,32849
2016-08-07,0,25865,8,realDonaldTrump,45,10731886,32857
2016-08-08,0,26680,11,realDonaldTrump,45,10758566,32868
2016-08-09,0,28568,13,realDonaldTrump,45,10787134,32881
2016-08-10,0,27937,11,realDonaldTrump,45,10815071,32892
2016-08-11,0,27462,4,realDonaldTrump,45,10842533,32896
2016-08-12,0,25157,11,realDonaldTrump,45,10867690,32907
2016-08-13,0,22574,7,realDonaldTrump,45,10890264,32914
2016-08-14,0,23858,9,realDonaldTrump,45,10914122,32923
2016-08-15,0,23828,4,realDonaldTrump,45,10937950,32927
2016-08-16,0,22353,3,realDonaldTrump,45,10960303,32930
2016-08-17,0,19521,10,realDonaldTrump,45,10979824,32940
2016-08-18,0,21695,5,realDonaldTrump,45,11001519,32945
2016-08-19,0,19715,7,realDonaldTrump,45,11021234,32952
2016-08-20,0,19559,11,realDonaldTrump,45,11040793,32963
2016-08-21,1,18552,2,realDonaldTrump,46,11059345,32965
2016-08-22,0,19252,13,realDonaldTrump,46,11078597,32978
2016-08-23,-4,20725,7,realDonaldTrump,42,11099322,32985
2016-08-24,0,16300,8,realDonaldTrump,42,11115622,32993
2016-08-25,0,16936,9,realDonaldTrump,42,11132558,33002
2016-08-26,0,15243,21,realDonaldTrump,42,11147801,33023
2016-08-27,0,16428,7,realDonaldTrump,42,11164229,33030
2016-08-28,0,16535,9,realDonaldTrump,42,11180764,33039
2016-08-29,0,17935,13,realDonaldTrump,42,11198699,33052
2016-08-30,0,16498,4,realDonaldTrump,42,11215197,33056
2016-08-31,0,20193,8,realDonaldTrump,42,11235390,33064
2016-09-01,0,26864,11,realDonaldTrump,42,11262254,33075
2016-09-02,0,21791,4,realDonaldTrump,42,11284045,33079
2016-09-03,0,18039,5,realDonaldTrump,42,11302084,33084
2016-09-04,0,17946,9,realDonaldTrump,42,11320030,33093
2016-09-05,0,20209,11,realDonaldTrump,42,11340239,33104
2016-09-06,0,16929,11,realDonaldTrump,42,11357168,33115
2016-09-07,0,19365,6,realDonaldTrump,42,11376533,33121
2016-09-08,0,20174,14,realDonaldTrump,42,11396707,33135
2016-09-09,0,15627,9,realDonaldTrump,42,11412334,33144
2016-09-10,0,19444,11,realDonaldTrump,42,11431778,33155
2016-09-11,1,22772,2,realDonaldTrump,43,11454550,33157
2016-09-12,0,20897,5,realDonaldTrump,43,11475447,33162
2016-09-13,-2,21178,7,realDonaldTrump,41,11496625,33169
2016-09-14,0,22678,14,realDonaldTrump,41,11519303,33183
2016-09-15,0,19254,13,realDonaldTrump,41,11538557,33196
2016-09-16,0,20835,5,realDonaldTrump,41,11559392,33201
2016-09-17,1,19555,9,realDonaldTrump,42,11578947,33210
2016-09-18,0,22367,4,realDonaldTrump,42,11601314,33214
2016-09-19,0,19251,12,realDonaldTrump,42,11620565,33226
2016-09-20,0,18466,6,realDonaldTrump,42,11639031,33232
2016-09-21,1,20308,9,realDonaldTrump,43,11659339,33241
2016-09-22,0,16618,2,realDonaldTrump,43,11675957,33243
2016-09-23,0,16028,7,realDonaldTrump,43,11691985,33250
2016-09-24,-2,16093,7,realDonaldTrump,41,11708078,33257
2016-09-25,1,17512,5,realDonaldTrump,42,11725590,33262
2016-09-26,0,29994,6,realDonaldTrump,42,11755584,33268
2016-09-27,0,96202,50,realDonaldTrump,42,11851786,33318
2016-09-28,-1,31771,10,realDonaldTrump,41,11883557,33328
2016-09-29,0,20956,7,realDonaldTrump,41,11904513,33335
2016-09-30,0,41674,13,realDonaldTrump,41,11946187,33348
2016-10-01,0,30956,5,realDonaldTrump,41,11977143,33353
2016-10-02,0,28756,6,realDonaldTrump,41,12005899,33359
2016-10-03,0,23090,3,realDonaldTrump,41,12028989,33362
2016-10-04,0,29749,10,realDonaldTrump,41,12058738,33372
2016-10-05,0,59387,58,realDonaldTrump,41,12118125,33430
2016-10-06,0,16149,14,realDonaldTrump,41,12134274,33444
2016-10-07,0,16332,1,realDonaldTrump,41,12150606,33445
2016-10-08,0,38538,6,realDonaldTrump,41,12189144,33451
2016-10-09,0,40071,13,realDonaldTrump,41,12229215,33464
2016-10-10,0,82576,61,realDonaldTrump,41,12311791,33525
2016-10-11,0,53509,19,realDonaldTrump,41,12365300,33544
2016-10-12,0,39861,6,realDonaldTrump,41,12405161,33550
2016-10-13,0,30912,11,realDonaldTrump,41,12436073,33561
2016-10-14,0,22758,5,realDonaldTrump,41,12458831,33566
2016-10-15,0,18721,15,realDonaldTrump,41,12477552,33581
2016-10-16,0,28659,16,realDonaldTrump,41,12506211,33597
2016-10-17,0,27959,23,realDonaldTrump,41,12534170,33620
2016-10-18,0,20334,11,realDonaldTrump,41,12554504,33631
2016-10-19,0,24496,20,realDonaldTrump,41,12579000,33651
2016-10-20,0,43543,84,realDonaldTrump,41,12622543,33735
2016-10-21,0,20648,13,realDonaldTrump,41,12643191,33748
2016-10-22,0,20392,15,realDonaldTrump,41,12663583,33763
2016-10-23,0,18818,13,realDonaldTrump,41,12682401,33776
2016-10-24,0,19041,17,realDonaldTrump,41,12701442,33793
2016-10-25,0,16397,19,realDonaldTrump,41,12717839,33812
2016-10-26,0,22408,3,realDonaldTrump,41,12740247,33815
2016-10-27,0,18299,21,realDonaldTrump,41,12758546,33836
2016-10-28,0,20763,9,realDonaldTrump,41,12779309,33845
2016-10-29,0,19264,10,realDonaldTrump,41,12798573,33855
2016-10-30,1,20065,9,realDonaldTrump,42,12818638,33864
2016-10-31,-1,18935,8,realDonaldTrump,41,12837573,33872
2016-11-01,0,17730,15,realDonaldTrump,41,12855303,33887
2016-11-02,0,24944,13,realDonaldTrump,41,12880247,33900
2016-11-03,0,22497,10,realDonaldTrump,41,12902744,33910
2016-11-04,0,21073,13,realDonaldTrump,41,12923817,33923
2016-11-05,0,22419,10,realDonaldTrump,41,12946236,33933
2016-11-06,0,25608,10,realDonaldTrump,41,12971844,33943
2016-11-07,0,36770,14,realDonaldTrump,41,13008614,33957
2016-11-08,0,132796,16,realDonaldTrump,41,13141410,33973
2016-11-09,0,887738,1,realDonaldTrump,41,14029148,33974
2016-11-10,0,254302,1,realDonaldTrump,41,14283450,33975
2016-11-11,0,339679,5,realDonaldTrump,41,14623129,33980
2016-11-12,0,151732,1,realDonaldTrump,41,14774861,33981
2016-11-13,0,172878,8,realDonaldTrump,41,14947739,33989
2016-11-14,0,131424,0,realDonaldTrump,41,15079163,33989
2016-11-15,0,90009,2,realDonaldTrump,41,15169172,33991
2016-11-16,0,122548,5,realDonaldTrump,41,15291720,33996
2016-11-17,0,73716,1,realDonaldTrump,41,15365436,33997
2016-11-18,0,62517,7,realDonaldTrump,41,15427953,34004
2016-11-19,0,85364,3,realDonaldTrump,41,15513317,34007
2016-11-20,0,97633,3,realDonaldTrump,41,15610950,34010
2016-11-21,0,75875,1,realDonaldTrump,41,15686825,34011
2016-11-22,0,91216,11,realDonaldTrump,41,15778041,34022
2016-11-23,0,87816,0,realDonaldTrump,41,15865857,34022
2016-11-24,0,60680,3,realDonaldTrump,41,15926537,34025
2016-11-25,0,58831,0,realDonaldTrump,41,15985368,34025
2016-11-26,0,94044,2,realDonaldTrump,41,16079412,34027
2016-11-27,-1,71851,12,realDonaldTrump,40,16151263,34039
2016-11-28,0,72050,2,realDonaldTrump,40,16223313,34041
2016-11-29,0,84461,12,realDonaldTrump,40,16307774,34053
2016-11-30,0,101021,11,realDonaldTrump,40,16408795,34064
2016-12-01,0,52107,4,realDonaldTrump,40,16460902,34068
2016-12-02,0,42971,3,realDonaldTrump,40,16503873,34071
2016-12-03,0,70131,4,realDonaldTrump,40,16574004,34075
2016-12-04,0,89022,9,realDonaldTrump,40,16663026,34084
2016-12-05,0,106797,3,realDonaldTrump,40,16769823,34087
2016-12-06,1,93429,5,realDonaldTrump,41,16863252,34092
2016-12-07,0,85068,6,realDonaldTrump,41,16948320,34098
2016-12-08,0,65531,3,realDonaldTrump,41,17013851,34101
2016-12-09,0,48539,2,realDonaldTrump,41,17062390,34103
2016-12-10,0,46117,9,realDonaldTrump,41,17108507,34112
2016-12-11,-1,44864,6,realDonaldTrump,40,17153371,34118
2016-12-12,0,50394,6,realDonaldTrump,40,17203765,34124
2016-12-13,0,45937,8,realDonaldTrump,40,17249702,34132
2016-12-14,0,48626,2,realDonaldTrump,40,17298328,34134
2016-12-15,0,38460,6,realDonaldTrump,40,17336788,34140
2016-12-16,0,39987,3,realDonaldTrump,40,17376775,34143
2016-12-17,0,47280,8,realDonaldTrump,40,17424055,34151
2016-12-18,0,73895,1,realDonaldTrump,40,17497950,34152
2016-12-19,0,64107,3,realDonaldTrump,40,17562057,34155
2016-12-20,1,58217,5,realDonaldTrump,41,17620274,34160
2016-12-21,0,49140,3,realDonaldTrump,41,17669414,34163
2016-12-22,0,50513,6,realDonaldTrump,41,17719927,34169
2016-12-23,0,80688,6,realDonaldTrump,41,17800615,34175
2016-12-24,0,59137,4,realDonaldTrump,41,17859752,34179
2016-12-25,0,48415,1,realDonaldTrump,41,17908167,34180
2016-12-26,0,48805,3,realDonaldTrump,41,17956972,34183
2016-12-27,0,59377,2,realDonaldTrump,41,18016349,34185
2016-12-28,0,66612,4,realDonaldTrump,41,18082961,34189
2016-12-29,0,52566,1,realDonaldTrump,41,18135527,34190
2016-12-30,0,61965,3,realDonaldTrump,41,18197492,34193
2016-12-31,0,87371,3,realDonaldTrump,41,18284863,34196
2017-01-01,1,78958,6,realDonaldTrump,42,18363821,34202
2017-01-02,0,69372,5,realDonaldTrump,42,18433193,34207
2017-01-03,0,102679,11,realDonaldTrump,42,18535872,34218
2017-01-04,0,92807,11,realDonaldTrump,42,18628679,34229
2017-01-05,0,114896,5,realDonaldTrump,42,18743575,34234
2017-01-06,0,143542,12,realDonaldTrump,42,18887117,34246
2017-01-07,0,108952,7,realDonaldTrump,42,18996069,34253
2017-01-08,0,93065,7,realDonaldTrump,42,19089134,34260
2017-01-09,0,162313,8,realDonaldTrump,42,19251447,34268
2017-01-10,0,114590,4,realDonaldTrump,42,19366037,34272
2017-01-11,0,183485,7,realDonaldTrump,42,19549522,34279
2017-01-12,0,122544,6,realDonaldTrump,42,19672066,34285
2017-01-13,0,91763,8,realDonaldTrump,42,19763829,34293
2017-01-14,0,88641,3,realDonaldTrump,42,19852470,34296
2017-01-15,0,97152,8,realDonaldTrump,42,19949622,34304
2017-01-16,0,109075,3,realDonaldTrump,42,20058697,34307
2017-01-17,0,115820,13,realDonaldTrump,42,20174517,34320
2017-01-18,0,118162,8,realDonaldTrump,42,20292679,34328
2017-01-19,0,126158,8,realDonaldTrump,42,20418837,34336
2017-01-20,0,386510,13,realDonaldTrump,42,20805347,34349
2017-01-21,-1,365651,2,realDonaldTrump,41,21170998,34351
2017-01-22,0,205909,5,realDonaldTrump,41,21376907,34356
2017-01-23,0,247049,1,realDonaldTrump,41,21623956,34357
2017-01-24,0,148458,2,realDonaldTrump,41,21772414,34359
2017-01-25,0,202799,9,realDonaldTrump,41,21975213,34368
2017-01-26,0,243264,8,realDonaldTrump,41,22218477,34376
2017-01-27,0,209211,7,realDonaldTrump,41,22427688,34383
2017-01-28,0,133582,7,realDonaldTrump,41,22561270,34390
2017-01-29,0,152253,3,realDonaldTrump,41,22713523,34393
2017-01-30,0,182119,10,realDonaldTrump,41,22895642,34403
2017-01-31,0,164369,4,realDonaldTrump,41,23060011,34407
2017-02-01,0,122859,4,realDonaldTrump,41,23182870,34411
2017-02-02,0,140788,7,realDonaldTrump,41,23323658,34418
2017-02-03,0,166057,7,realDonaldTrump,41,23489715,34425
2017-02-04,0,161020,7,realDonaldTrump,41,23650735,34432
2017-02-05,0,177796,5,realDonaldTrump,41,23828531,34437
2017-02-06,0,171494,8,realDonaldTrump,41,24000025,34445
2017-02-07,0,115602,4,realDonaldTrump,41,24115627,34449
2017-02-08,0,94499,6,realDonaldTrump,41,24210126,34455
2017-02-09,0,116865,12,realDonaldTrump,41,24326991,34467
2017-02-10,1,147418,-4,realDonaldTrump,42,24474409,34463
2017-02-11,0,101359,5,realDonaldTrump,42,24575768,34468
2017-02-12,0,96844,12,realDonaldTrump,42,24672612,34480
2017-02-13,0,97677,4,realDonaldTrump,42,24770289,34484
2017-02-14,0,52800,3,realDonaldTrump,42,24823089,34487
2017-02-15,1,71982,10,realDonaldTrump,43,24895071,34497
2017-02-16,0,95457,9,realDonaldTrump,43,24990528,34506
2017-02-17,0,75615,5,realDonaldTrump,43,25066143,34511
2017-02-18,0,69573,5,realDonaldTrump,43,25135716,34516
2017-02-19,0,66489,1,realDonaldTrump,43,25202205,34517
2017-02-20,0,72327,2,realDonaldTrump,43,25274532,34519
2017-02-21,0,64398,2,realDonaldTrump,43,25338930,34521
2017-02-22,0,51445,4,realDonaldTrump,43,25390375,34525
2017-02-23,0,44068,0,realDonaldTrump,43,25434443,34525
2017-02-24,0,51217,7,realDonaldTrump,43,25485660,34532
2017-02-25,0,40693,4,realDonaldTrump,43,25526353,34536
2017-02-26,0,56579,5,realDonaldTrump,43,25582932,34541
2017-02-27,0,105357,2,realDonaldTrump,43,25688289,34543
2017-02-28,0,56697,3,realDonaldTrump,43,25744986,34546
2017-03-01,0,52144,3,realDonaldTrump,43,25797130,34549
2017-03-02,0,34953,-1,realDonaldTrump,43,25832083,34548
2017-03-03,0,46744,6,realDonaldTrump,43,25878827,34554
2017-03-04,0,58238,11,realDonaldTrump,43,25937065,34565
2017-03-05,0,82256,2,realDonaldTrump,43,26019321,34567
2017-03-06,0,63644,1,realDonaldTrump,43,26082965,34568
2017-03-07,0,53954,11,realDonaldTrump,43,26136919,34579
2017-03-08,0,54640,3,realDonaldTrump,43,26191559,34582
2017-03-09,0,54080,3,realDonaldTrump,43,26245639,34585
2017-03-10,0,46937,6,realDonaldTrump,43,26292576,34591
2017-03-11,0,47506,1,realDonaldTrump,43,26340082,34592
2017-03-12,-2,43740,1,realDonaldTrump,41,26383822,34593
2017-03-13,0,42447,1,realDonaldTrump,41,26426269,34594
2017-03-14,1,42112,4,realDonaldTrump,42,26468381,34598
2017-03-15,0,47565,6,realDonaldTrump,42,26515946,34604
2017-03-16,-1,44488,5,realDonaldTrump,41,26560434,34609
2017-03-17,0,57587,13,realDonaldTrump,41,26618021,34622
2017-03-18,0,48541,2,realDonaldTrump,41,26666562,34624
2017-03-19,0,55001,0,realDonaldTrump,41,26721563,34624
2017-03-20,0,47683,6,realDonaldTrump,41,26769246,34630
2017-03-21,2,56670,3,realDonaldTrump,43,26825916,34633
2017-03-22,0,46491,4,realDonaldTrump,43,26872407,34637
2017-03-23,0,33837,5,realDonaldTrump,43,26906244,34642
2017-03-24,0,53815,4,realDonaldTrump,43,26960059,34646
2017-03-25,0,45762,4,realDonaldTrump,43,27005821,34650
2017-03-26,0,40174,2,realDonaldTrump,43,27045995,34652
2017-03-27,0,40521,1,realDonaldTrump,43,27086516,34653
2017-03-28,0,36916,7,realDonaldTrump,43,27123432,34660
2017-03-29,0,39787,5,realDonaldTrump,43,27163219,34665
2017-03-30,0,34358,5,realDonaldTrump,43,27197577,34670
2017-03-31,0,14725,8,realDonaldTrump,43,27212302,34678
2017-04-01,0,44223,9,realDonaldTrump,43,27256525,34687
2017-04-02,0,34545,7,realDonaldTrump,43,27291070,34694
2017-04-03,0,35779,5,realDonaldTrump,43,27326849,34699
2017-04-04,0,40902,3,realDonaldTrump,43,27367751,34702
2017-04-05,0,37276,3,realDonaldTrump,43,27405027,34705
2017-04-06,0,24892,2,realDonaldTrump,43,27429919,34707
2017-04-07,0,81782,1,realDonaldTrump,43,27511701,34708
2017-04-08,0,49202,4,realDonaldTrump,43,27560903,34712
2017-04-09,0,42038,3,realDonaldTrump,43,27602941,34715
2017-04-10,0,40202,1,realDonaldTrump,43,27643143,34716
2017-04-11,0,51369,6,realDonaldTrump,43,27694512,34722
2017-04-12,0,64399,4,realDonaldTrump,43,27758911,34726
2017-04-13,0,33118,5,realDonaldTrump,43,27792029,34731
2017-04-14,0,81647,2,realDonaldTrump,43,27873676,34733
2017-04-15,0,52246,2,realDonaldTrump,43,27925922,34735
2017-04-16,0,74977,6,realDonaldTrump,43,28000899,34741
2017-04-17,0,23859,5,realDonaldTrump,43,28024758,34746
2017-04-18,0,39633,7,realDonaldTrump,43,28064391,34753
2017-04-19,0,37459,4,realDonaldTrump,43,28101850,34757
2017-04-20,0,37210,4,realDonaldTrump,43,28139060,34761
2017-04-21,2,44270,6,realDonaldTrump,45,28183330,34767
2017-04-22,0,28554,6,realDonaldTrump,45,28211884,34773
2017-04-23,0,37729,9,realDonaldTrump,45,28249613,34782
2017-04-24,0,34527,6,realDonaldTrump,45,28284140,34788
2017-04-25,0,37222,5,realDonaldTrump,45,28321362,34793
2017-04-26,0,37612,7,realDonaldTrump,45,28358974,34800
2017-04-27,0,37986,13,realDonaldTrump,45,28396960,34813
2017-04-28,0,35754,5,realDonaldTrump,45,28432714,34818
2017-04-29,0,43193,5,realDonaldTrump,45,28475907,34823
2017-04-30,0,39841,7,realDonaldTrump,45,28515748,34830
2017-05-01,0,37347,0,realDonaldTrump,45,28553095,34830
2017-05-02,0,36994,5,realDonaldTrump,45,28590089,34835
2017-05-03,0,40543,3,realDonaldTrump,45,28630632,34838
2017-05-04,0,42274,8,realDonaldTrump,45,28672906,34846
2017-05-05,0,42212,7,realDonaldTrump,45,28715118,34853
2017-05-06,0,37333,6,realDonaldTrump,45,28752451,34859
2017-05-07,0,36175,5,realDonaldTrump,45,28788626,34864
2017-05-08,0,39984,6,realDonaldTrump,45,28828610,34870
2017-05-09,0,60118,5,realDonaldTrump,45,28888728,34875
2017-05-10,0,82028,12,realDonaldTrump,45,28970756,34887
2017-05-11,0,86111,2,realDonaldTrump,45,29056867,34889
2017-05-12,0,92063,12,realDonaldTrump,45,29148930,34901
2017-05-13,0,102604,3,realDonaldTrump,45,29251534,34904
2017-05-14,0,94179,3,realDonaldTrump,45,29345713,34907
2017-05-15,0,85555,0,realDonaldTrump,45,29431268,34907
2017-05-16,0,99257,5,realDonaldTrump,45,29530525,34912
2017-05-17,0,112846,1,realDonaldTrump,45,29643371,34913
2017-05-18,0,77943,3,realDonaldTrump,45,29721314,34916
2017-05-19,0,141710,3,realDonaldTrump,45,29863024,34919
2017-05-20,0,80477,3,realDonaldTrump,45,29943501,34922
2017-05-21,0,150177,3,realDonaldTrump,45,30093678,34925
2017-05-22,0,60979,1,realDonaldTrump,45,30154657,34926
2017-05-23,0,112813,5,realDonaldTrump,45,30267470,34931
2017-05-24,0,109245,1,realDonaldTrump,45,30376715,34932
2017-05-25,0,79485,2,realDonaldTrump,45,30456200,34934
2017-05-26,0,180523,5,realDonaldTrump,45,30636723,34939
2017-05-27,0,73714,5,realDonaldTrump,45,30710437,34944
2017-05-28,0,75982,11,realDonaldTrump,45,30786419,34955
2017-05-29,0,78998,7,realDonaldTrump,45,30865417,34962
2017-05-30,0,81851,5,realDonaldTrump,45,30947268,34967
2017-05-31,0,78987,6,realDonaldTrump,45,31026255,34973
2017-06-01,0,88028,5,realDonaldTrump,45,31114283,34978
2017-06-02,0,111954,11,realDonaldTrump,45,31226237,34989
2017-06-03,0,94182,1,realDonaldTrump,45,31320419,34990
2017-06-04,0,132079,7,realDonaldTrump,45,31452498,34997
2017-06-05,0,130251,6,realDonaldTrump,45,31582749,35003
2017-06-06,0,121569,11,realDonaldTrump,45,31704318,35014
2017-06-07,0,125279,6,realDonaldTrump,45,31829597,35020
2017-06-08,0,95747,0,realDonaldTrump,45,31925344,35020
2017-06-09,0,59209,4,realDonaldTrump,45,31984553,35024
2017-06-10,0,37579,3,realDonaldTrump,45,32022132,35027
2017-06-11,0,32122,5,realDonaldTrump,45,32054254,35032
2017-06-12,0,34992,5,realDonaldTrump,45,32089246,35037
2017-06-13,0,33170,11,realDonaldTrump,45,32122416,35048
2017-06-14,0,41169,6,realDonaldTrump,45,32163585,35054
2017-06-15,0,18314,3,realDonaldTrump,45,32181899,35057
2017-06-16,0,225625,9,realDonaldTrump,45,32407524,35066
2017-06-17,0,55006,5,realDonaldTrump,45,32462530,35071
2017-06-18,0,66060,7,realDonaldTrump,45,32528590,35078
2017-06-19,0,29545,1,realDonaldTrump,45,32558135,35079
2017-06-20,0,44283,13,realDonaldTrump,45,32602418,35092
2017-06-21,0,46054,9,realDonaldTrump,45,32648472,35101
2017-06-22,0,-2842,8,realDonaldTrump,45,32645630,35109
2017-06-23,0,55828,11,realDonaldTrump,45,32701458,35120
2017-06-24,0,43551,4,realDonaldTrump,45,32745009,35124
2017-06-25,0,44573,6,realDonaldTrump,45,32789582,35130
2017-06-26,0,43301,5,realDonaldTrump,45,32832883,35135
2017-06-27,0,53202,15,realDonaldTrump,45,32886085,35150
2017-06-28,0,54853,11,realDonaldTrump,45,32940938,35161
2017-06-29,0,-26348,4,realDonaldTrump,45,32914590,35165
2017-06-30,0,67479,13,realDonaldTrump,45,32982069,35178
2017-07-01,0,53204,8,realDonaldTrump,45,33035273,35186
2017-07-02,0,59786,8,realDonaldTrump,45,33095059,35194
2017-07-03,0,89161,8,realDonaldTrump,45,33184220,35202
2017-07-04,0,80106,8,realDonaldTrump,45,33264326,35210
2017-07-05,0,69315,6,realDonaldTrump,45,33333641,35216
2017-07-06,0,23467,2,realDonaldTrump,45,33357108,35218
2017-07-07,0,70673,8,realDonaldTrump,45,33427781,35226
2017-07-08,0,68267,2,realDonaldTrump,45,33496048,35228
2017-07-09,0,62071,13,realDonaldTrump,45,33558119,35241
2017-07-10,0,62365,13,realDonaldTrump,45,33620484,35254
2017-07-11,0,61866,7,realDonaldTrump,45,33682350,35261
2017-07-12,0,61126,9,realDonaldTrump,45,33743476,35270
2017-07-13,0,-43696,7,realDonaldTrump,45,33699780,35277
2017-07-14,0,66234,11,realDonaldTrump,45,33766014,35288
2017-07-15,0,63838,4,realDonaldTrump,45,33829852,35292
2017-07-16,0,57898,12,realDonaldTrump,45,33887750,35304
2017-07-17,0,66716,5,realDonaldTrump,45,33954466,35309
2017-07-18,0,68504,5,realDonaldTrump,45,34022970,35314
2017-07-19,0,70046,5,realDonaldTrump,45,34093016,35319
2017-07-20,0,61858,1,realDonaldTrump,45,34154874,35320
2017-07-21,0,68189,5,realDonaldTrump,45,34223063,35325
2017-07-22,0,64099,15,realDonaldTrump,45,34287162,35340
2017-07-23,0,67742,3,realDonaldTrump,45,34354904,35343
2017-07-24,1,64596,10,realDonaldTrump,46,34419500,35353
2017-07-25,0,67114,18,realDonaldTrump,46,34486614,35371
2017-07-26,-1,80120,12,realDonaldTrump,45,34566734,35383
2017-07-27,0,88774,8,realDonaldTrump,45,34655508,35391
2017-07-28,0,90892,8,realDonaldTrump,45,34746400,35399
2017-07-29,0,61600,12,realDonaldTrump,45,34808000,35411
2017-07-30,0,57184,8,realDonaldTrump,45,34865184,35419
2017-07-31,0,56904,3,realDonaldTrump,45,34922088,35422
2017-08-01,0,62535,4,realDonaldTrump,45,34984623,35426
2017-08-02,0,63841,2,realDonaldTrump,45,35048464,35428
2017-08-03,0,57471,8,realDonaldTrump,45,35105935,35436
2017-08-04,0,47865,17,realDonaldTrump,45,35153800,35453
2017-08-05,0,44729,2,realDonaldTrump,45,35198529,35455
2017-08-06,0,41871,9,realDonaldTrump,45,35240400,35464
2017-08-07,0,43068,12,realDonaldTrump,45,35283468,35476
2017-08-08,0,47548,9,realDonaldTrump,45,35331016,35485
2017-08-09,0,62610,12,realDonaldTrump,45,35393626,35497
2017-08-10,0,70695,8,realDonaldTrump,45,35464321,35505
2017-08-11,0,86095,8,realDonaldTrump,45,35550416,35513
2017-08-12,0,90854,4,realDonaldTrump,45,35641270,35517
2017-08-13,0,97906,9,realDonaldTrump,45,35739176,35526
2017-08-14,0,79734,7,realDonaldTrump,45,35818910,35533
2017-08-15,0,74880,13,realDonaldTrump,45,35893790,35546
2017-08-16,0,88905,10,realDonaldTrump,45,35982695,35556
2017-08-17,0,100541,14,realDonaldTrump,45,36083236,35570
2017-08-18,0,104071,9,realDonaldTrump,45,36187307,35579
2017-08-19,0,76918,5,realDonaldTrump,45,36264225,35584
2017-08-20,0,73474,5,realDonaldTrump,45,36337699,35589
2017-08-21,0,70670,4,realDonaldTrump,45,36408369,35593
2017-08-22,0,69252,5,realDonaldTrump,45,36477621,35598
2017-08-23,0,70407,10,realDonaldTrump,45,36548028,35608
2017-08-24,0,76204,8,realDonaldTrump,45,36624232,35616
2017-08-25,0,71763,11,realDonaldTrump,45,36695995,35627
2017-08-26,0,68104,13,realDonaldTrump,45,36764099,35640
2017-08-27,0,70095,12,realDonaldTrump,45,36834194,35652
2017-08-28,0,72571,5,realDonaldTrump,45,36906765,35657
2017-08-29,0,84952,5,realDonaldTrump,45,36991717,35662
2017-08-30,0,79333,5,realDonaldTrump,45,37071050,35667
2017-08-31,0,110549,5,realDonaldTrump,45,37181599,35672
2017-09-01,0,64424,5,realDonaldTrump,45,37246023,35677
2017-09-02,0,66128,5,realDonaldTrump,45,37312151,35682
2017-09-03,0,82410,12,realDonaldTrump,45,37394561,35694
2017-09-04,0,91869,2,realDonaldTrump,45,37486430,35696
2017-09-05,0,84241,6,realDonaldTrump,45,37570671,35702
2017-09-06,0,91428,6,realDonaldTrump,45,37662099,35708
2017-09-07,0,99405,12,realDonaldTrump,45,37761504,35720
2017-09-08,0,73131,11,realDonaldTrump,45,37834635,35731
2017-09-09,0,72835,2,realDonaldTrump,45,37907470,35733
2017-09-10,0,70920,12,realDonaldTrump,45,37978390,35745
2017-09-11,0,69325,0,realDonaldTrump,45,38047715,35745
2017-09-12,0,69731,5,realDonaldTrump,45,38117446,35750
2017-09-13,0,65819,5,realDonaldTrump,45,38183265,35755
2017-09-14,0,90196,8,realDonaldTrump,45,38273461,35763
2017-09-15,0,71340,13,realDonaldTrump,45,38344801,35776
2017-09-16,0,70343,6,realDonaldTrump,45,38415144,35782
2017-09-17,0,66308,17,realDonaldTrump,45,38481452,35799
2017-09-18,0,77491,2,realDonaldTrump,45,38558943,35801
2017-09-19,0,65931,8,realDonaldTrump,45,38624874,35809
2017-09-20,0,86286,23,realDonaldTrump,45,38711160,35832
2017-09-21,0,101077,11,realDonaldTrump,45,38812237,35843
2017-09-22,0,77645,12,realDonaldTrump,45,38889882,35855
2017-09-23,0,84166,10,realDonaldTrump,45,38974048,35865
2017-09-24,0,101659,9,realDonaldTrump,45,39075707,35874
2017-09-25,0,114425,14,realDonaldTrump,45,39190132,35888
2017-09-26,0,112771,16,realDonaldTrump,45,39302903,35904
2017-09-27,0,97766,13,realDonaldTrump,45,39400669,35917
2017-09-28,0,105183,5,realDonaldTrump,45,39505852,35922
2017-09-29,0,74836,12,realDonaldTrump,45,39580688,35934
2017-09-30,0,71758,23,realDonaldTrump,45,39652446,35957
2017-10-01,0,59561,20,realDonaldTrump,45,39712007,35977
2017-10-02,0,116941,3,realDonaldTrump,45,39828948,35980
2017-10-03,0,85431,1,realDonaldTrump,45,39914379,35981
2017-10-04,0,63550,15,realDonaldTrump,45,39977929,35996
2017-10-05,0,25045,11,realDonaldTrump,45,40002974,36007
2017-10-06,0,55651,3,realDonaldTrump,45,40058625,36010
2017-10-07,0,54224,7,realDonaldTrump,45,40112849,36017
2017-10-08,0,60643,10,realDonaldTrump,45,40173492,36027
2017-10-09,0,63752,8,realDonaldTrump,45,40237244,36035
2017-10-10,0,55428,10,realDonaldTrump,45,40292672,36045
2017-10-11,0,66704,9,realDonaldTrump,45,40359376,36054
2017-10-12,0,76196,13,realDonaldTrump,45,40435572,36067
2017-10-13,0,59787,11,realDonaldTrump,45,40495359,36078
2017-10-14,0,54424,15,realDonaldTrump,45,40549783,36093
2017-10-15,0,52209,6,realDonaldTrump,45,40601992,36099
2017-10-16,0,51075,8,realDonaldTrump,45,40653067,36107
2017-10-17,0,43409,3,realDonaldTrump,45,40696476,36110
2017-10-18,0,41852,17,realDonaldTrump,45,40738328,36127
2017-10-19,0,47994,13,realDonaldTrump,45,40786322,36140
2017-10-20,0,48434,8,realDonaldTrump,45,40834756,36148
2017-10-21,0,54873,10,realDonaldTrump,45,40889629,36158
2017-10-22,0,52646,11,realDonaldTrump,45,40942275,36169
2017-10-23,0,56639,3,realDonaldTrump,45,40998914,36172
2017-10-24,0,65073,7,realDonaldTrump,45,41063987,36179
2017-10-25,0,143353,8,realDonaldTrump,45,41207340,36187
2017-10-26,0,40362,17,realDonaldTrump,45,41247702,36204
2017-10-27,0,48149,11,realDonaldTrump,45,41295851,36215
2017-10-28,0,50055,9,realDonaldTrump,45,41345906,36224
2017-10-29,0,53014,12,realDonaldTrump,45,41398920,36236
2017-10-30,0,67957,4,realDonaldTrump,45,41466877,36240
2017-10-31,0,50986,7,realDonaldTrump,45,41517863,36247
2017-11-01,0,70751,16,realDonaldTrump,45,41588614,36263
2017-11-02,0,107999,15,realDonaldTrump,45,41696613,36278
2017-11-03,0,28186,11,realDonaldTrump,45,41724799,36289
2017-11-04,0,144245,20,realDonaldTrump,45,41869044,36309
2017-11-05,0,99333,5,realDonaldTrump,45,41968377,36314
2017-11-06,0,67636,3,realDonaldTrump,45,42036013,36317
2017-11-07,0,81259,14,realDonaldTrump,45,42117272,36331
2017-11-08,0,122027,13,realDonaldTrump,45,42239299,36344
2017-11-09,0,87635,1,realDonaldTrump,45,42326934,36345
2017-11-10,0,56147,10,realDonaldTrump,45,42383081,36355
2017-11-11,0,47388,2,realDonaldTrump,45,42430469,36357
2017-11-12,0,85394,9,realDonaldTrump,45,42515863,36366
2017-11-13,0,79484,4,realDonaldTrump,45,42595347,36370
2017-11-14,0,56244,7,realDonaldTrump,45,42651591,36377
2017-11-15,0,56580,15,realDonaldTrump,45,42708171,36392
2017-11-16,0,90287,5,realDonaldTrump,45,42798458,36397
2017-11-17,0,59710,8,realDonaldTrump,45,42858168,36405
2017-11-18,0,59422,5,realDonaldTrump,45,42917590,36410
2017-11-19,0,60545,0,realDonaldTrump,45,42978135,36410
2017-11-20,0,69121,8,realDonaldTrump,45,43047256,36418
2017-11-21,0,63622,0,realDonaldTrump,45,43110878,36418
2017-11-22,0,62497,9,realDonaldTrump,45,43173375,36427
2017-11-23,0,56203,9,realDonaldTrump,45,43229578,36436
2017-11-24,0,53964,10,realDonaldTrump,45,43283542,36446
2017-11-25,0,58739,2,realDonaldTrump,45,43342281,36448
2017-11-26,0,55493,7,realDonaldTrump,45,43397774,36455
2017-11-27,0,56317,5,realDonaldTrump,45,43454091,36460
2017-11-28,0,58439,11,realDonaldTrump,45,43512530,36471
2017-11-29,0,72908,20,realDonaldTrump,45,43585438,36491
2017-11-30,0,84649,14,realDonaldTrump,45,43670087,36505
2017-12-01,0,70198,9,realDonaldTrump,45,43740285,36514
2017-12-02,0,72193,5,realDonaldTrump,45,43812478,36519
2017-12-03,0,159283,16,realDonaldTrump,45,43971761,36535
2017-12-04,0,59660,4,realDonaldTrump,45,44031421,36539
2017-12-05,0,58358,0,realDonaldTrump,45,44089779,36539
2017-12-06,0,60775,5,realDonaldTrump,45,44150554,36544
2017-12-07,0,80958,7,realDonaldTrump,45,44231512,36551
2017-12-08,0,47879,8,realDonaldTrump,45,44279391,36559
2017-12-09,0,44516,11,realDonaldTrump,45,44323907,36570
2017-12-10,0,46169,8,realDonaldTrump,45,44370076,36578
2017-12-11,0,50087,2,realDonaldTrump,45,44420163,36580
2017-12-12,0,49527,4,realDonaldTrump,45,44469690,36584
2017-12-13,0,66900,5,realDonaldTrump,45,44536590,36589
2017-12-14,0,178239,8,realDonaldTrump,45,44714829,36597
2017-12-15,0,25468,3,realDonaldTrump,45,44740297,36600
2017-12-16,0,27332,9,realDonaldTrump,45,44767629,36609
2017-12-17,0,17730,0,realDonaldTrump,45,44785359,36609
2017-12-18,0,28532,5,realDonaldTrump,45,44813891,36614
2017-12-19,0,29754,14,realDonaldTrump,45,44843645,36628
2017-12-20,0,33182,4,realDonaldTrump,45,44876827,36632
2017-12-21,0,79641,-26,realDonaldTrump,45,44956468,36606
2017-12-22,0,46182,7,realDonaldTrump,45,45002650,36613
2017-12-23,0,35294,4,realDonaldTrump,45,45037944,36617
2017-12-24,0,37265,9,realDonaldTrump,45,45075209,36626
2017-12-25,0,41381,4,realDonaldTrump,45,45116590,36630
2017-12-26,0,46379,4,realDonaldTrump,45,45162969,36634
2017-12-27,0,50164,1,realDonaldTrump,45,45213133,36635
2017-12-28,0,97453,6,realDonaldTrump,45,45310586,36641
2017-12-29,0,78901,14,realDonaldTrump,45,45389487,36655
2017-12-30,0,54241,1,realDonaldTrump,45,45443728,36656
2017-12-31,0,50018,9,realDonaldTrump,45,45493746,36665
2018-01-01,0,57812,8,realDonaldTrump,45,45551558,36673
2018-01-02,0,71313,8,realDonaldTrump,45,45622871,36681
2018-01-03,0,139316,8,realDonaldTrump,45,45762187,36689
2018-01-04,0,140967,9,realDonaldTrump,45,45903154,36698
2018-01-05,0,122777,7,realDonaldTrump,45,46025931,36705
2018-01-06,0,87393,7,realDonaldTrump,45,46113324,36712
2018-01-07,0,95121,3,realDonaldTrump,45,46208445,36715
2018-01-08,0,74621,5,realDonaldTrump,45,46283066,36720
2018-01-09,0,67100,4,realDonaldTrump,45,46350166,36724
2018-01-10,0,61032,11,realDonaldTrump,45,46411198,36735
2018-01-11,0,77196,11,realDonaldTrump,45,46488394,36746
2018-01-12,0,76346,14,realDonaldTrump,45,46564740,36760
2018-01-13,0,41084,5,realDonaldTrump,45,46605824,36765
2018-01-14,0,43855,12,realDonaldTrump,45,46649679,36777
2018-01-15,0,43235,3,realDonaldTrump,45,46692914,36780
2018-01-16,0,39350,14,realDonaldTrump,45,46732264,36794
2018-01-17,0,42863,5,realDonaldTrump,45,46775127,36799
2018-01-18,0,47728,13,realDonaldTrump,45,46822855,36812
2018-01-19,0,64469,6,realDonaldTrump,45,46887324,36818
2018-01-20,0,36824,9,realDonaldTrump,45,46924148,36827
2018-01-21,0,43189,11,realDonaldTrump,45,46967337,36838
2018-01-22,0,37812,4,realDonaldTrump,45,47005149,36842
2018-01-23,0,26758,5,realDonaldTrump,45,47031907,36847
2018-01-24,0,29882,3,realDonaldTrump,45,47061789,36850
2018-01-25,0,39894,3,realDonaldTrump,45,47101683,36853
2018-01-26,0,40318,7,realDonaldTrump,45,47142001,36860
2018-01-27,0,35109,4,realDonaldTrump,45,47177110,36864
2018-01-28,-1,32057,6,realDonaldTrump,44,47209167,36870
2018-01-29,1,39410,0,realDonaldTrump,45,47248577,36870
2018-01-30,0,-11521,1,realDonaldTrump,45,47237056,36871
2018-01-31,0,6088,1,realDonaldTrump,45,47243144,36872
2018-02-01,0,49057,3,realDonaldTrump,45,47292201,36875
2018-02-02,0,-2587,6,realDonaldTrump,45,47289614,36881
2018-02-03,0,46724,4,realDonaldTrump,45,47336338,36885
2018-02-04,0,52905,4,realDonaldTrump,45,47389243,36889
2018-02-05,0,47570,6,realDonaldTrump,45,47436813,36895
2018-02-06,0,52412,4,realDonaldTrump,45,47489225,36899
2018-02-07,0,53721,5,realDonaldTrump,45,47542946,36904
2018-02-08,0,46853,4,realDonaldTrump,45,47589799,36908
2018-02-09,0,38196,8,realDonaldTrump,45,47627995,36916
2018-02-10,0,32905,4,realDonaldTrump,45,47660900,36920
2018-02-11,0,84785,5,realDonaldTrump,45,47745685,36925
2018-02-12,0,47340,6,realDonaldTrump,45,47793025,36931
2018-02-13,0,20108,3,realDonaldTrump,45,47813133,36934
2018-02-14,0,35301,0,realDonaldTrump,45,47848434,36934
2018-02-15,0,35494,6,realDonaldTrump,45,47883928,36940
2018-02-16,0,10366,7,realDonaldTrump,45,47894294,36947
2018-02-17,0,42702,2,realDonaldTrump,45,47936996,36949
2018-02-18,0,23905,17,realDonaldTrump,45,47960901,36966
2018-02-19,0,46692,4,realDonaldTrump,45,48007593,36970
2018-02-20,0,47828,8,realDonaldTrump,45,48055421,36978
2018-02-21,0,30637,6,realDonaldTrump,45,48086058,36984
2018-02-22,0,44199,11,realDonaldTrump,45,48130257,36995
2018-02-23,0,48511,6,realDonaldTrump,45,48178768,37001
2018-02-24,0,43807,7,realDonaldTrump,45,48222575,37008
2018-02-25,0,46281,13,realDonaldTrump,45,48268856,37021
2018-02-26,0,43287,1,realDonaldTrump,45,48312143,37022
2018-02-27,0,45005,4,realDonaldTrump,45,48357148,37026
2018-02-28,0,37229,9,realDonaldTrump,45,48394377,37035
2018-03-01,0,35309,6,realDonaldTrump,45,48429686,37041
2018-03-02,0,23943,14,realDonaldTrump,45,48453629,37055
2018-03-03,0,38154,2,realDonaldTrump,45,48491783,37057
2018-03-04,0,52728,3,realDonaldTrump,45,48544511,37060
2018-03-05,0,53687,6,realDonaldTrump,45,48598198,37066
2018-03-06,0,54433,9,realDonaldTrump,45,48652631,37075
2018-03-07,0,56557,6,realDonaldTrump,45,48709188,37081
2018-03-08,0,46125,1,realDonaldTrump,45,48755313,37082
2018-03-09,0,45020,6,realDonaldTrump,45,48800333,37088
2018-03-10,0,39629,7,realDonaldTrump,45,48839962,37095
2018-03-11,0,40318,12,realDonaldTrump,45,48880280,37107
2018-03-12,0,39754,5,realDonaldTrump,45,48920034,37112
2018-03-13,0,48727,7,realDonaldTrump,45,48968761,37119
2018-03-14,0,54049,7,realDonaldTrump,45,49022810,37126
2018-03-15,0,46343,6,realDonaldTrump,45,49069153,37132
2018-03-16,0,41375,5,realDonaldTrump,45,49110528,37137
2018-03-17,0,41691,4,realDonaldTrump,45,49152219,37141
2018-03-18,0,41727,6,realDonaldTrump,45,49193946,37147
2018-03-19,0,44623,2,realDonaldTrump,45,49238569,37149
2018-03-20,0,37762,3,realDonaldTrump,45,49276331,37152
2018-03-21,0,40849,4,realDonaldTrump,45,49317180,37156
2018-03-22,0,42612,6,realDonaldTrump,45,49359792,37162
2018-03-23,0,52992,7,realDonaldTrump,45,49412784,37169
2018-03-24,0,43740,3,realDonaldTrump,45,49456524,37172
2018-03-25,0,41374,8,realDonaldTrump,45,49497898,37180
2018-03-26,0,44170,3,realDonaldTrump,45,49542068,37183
2018-03-27,0,44730,3,realDonaldTrump,45,49586798,37186
2018-03-28,0,38842,4,realDonaldTrump,45,49625640,37190
2018-03-29,0,42196,7,realDonaldTrump,45,49667836,37197
2018-03-30,0,38950,3,realDonaldTrump,45,49706786,37200
2018-03-31,0,37820,4,realDonaldTrump,45,49744606,37204
2018-04-01,0,37452,4,realDonaldTrump,45,49782058,37208
2018-04-02,0,42845,8,realDonaldTrump,45,49824903,37216
2018-04-03,0,41097,11,realDonaldTrump,45,49866000,37227
2018-04-04,0,46247,8,realDonaldTrump,45,49912247,37235
2018-04-05,0,47208,3,realDonaldTrump,45,49959455,37238
2018-04-06,0,47539,6,realDonaldTrump,45,50006994,37244
2018-04-07,0,47740,3,realDonaldTrump,45,50054734,37247
2018-04-08,0,52442,13,realDonaldTrump,45,50107176,37260
2018-04-09,0,63110,2,realDonaldTrump,45,50170286,37262
2018-04-10,0,60488,6,realDonaldTrump,45,50230774,37268
2018-04-11,0,117542,10,realDonaldTrump,45,50348316,37278
2018-04-12,0,129519,8,realDonaldTrump,45,50477835,37286
2018-04-13,0,74665,8,realDonaldTrump,45,50552500,37294
2018-04-14,0,108010,5,realDonaldTrump,45,50660510,37299
2018-04-15,1,83809,10,realDonaldTrump,46,50744319,37309
2018-04-16,0,71363,2,realDonaldTrump,46,50815682,37311
2018-04-17,0,59471,10,realDonaldTrump,46,50875153,37321
2018-04-18,0,46650,27,realDonaldTrump,46,50921803,37348
2018-04-19,0,31151,8,realDonaldTrump,46,50952954,37356
2018-04-20,0,33235,14,realDonaldTrump,46,50986189,37370
2018-04-21,0,37473,12,realDonaldTrump,46,51023662,37382
2018-04-22,0,35707,10,realDonaldTrump,46,51059369,37392
2018-04-23,0,35951,7,realDonaldTrump,46,51095320,37399
2018-04-24,0,49640,2,realDonaldTrump,46,51144960,37401
2018-04-25,0,33098,11,realDonaldTrump,46,51178058,37412
2018-04-26,0,42504,4,realDonaldTrump,46,51220562,37416
2018-04-27,0,40099,9,realDonaldTrump,46,51260661,37425
2018-04-28,0,36639,9,realDonaldTrump,46,51297300,37434
2018-04-29,0,32440,5,realDonaldTrump,46,51329740,37439
2018-04-30,0,34180,5,realDonaldTrump,46,51363920,37444
2018-05-01,0,42871,9,realDonaldTrump,46,51406791,37453
2018-05-02,0,23012,6,realDonaldTrump,46,51429803,37459
2018-05-03,0,27002,9,realDonaldTrump,46,51456805,37468
2018-05-04,0,17663,9,realDonaldTrump,46,51474468,37477
2018-05-05,0,24029,7,realDonaldTrump,46,51498497,37484
2018-05-06,0,28298,1,realDonaldTrump,46,51526795,37485
2018-05-07,0,29190,9,realDonaldTrump,46,51555985,37494
2018-05-08,0,40884,5,realDonaldTrump,46,51596869,37499
2018-05-09,0,46567,10,realDonaldTrump,46,51643436,37509
2018-05-10,0,39145,7,realDonaldTrump,46,51682581,37516
2018-05-11,0,47900,1,realDonaldTrump,46,51730481,37517
2018-05-12,0,33047,4,realDonaldTrump,46,51763528,37521
2018-05-13,0,54057,5,realDonaldTrump,46,51817585,37526
2018-05-14,0,55782,6,realDonaldTrump,46,51873367,37532
2018-05-15,0,29535,8,realDonaldTrump,46,51902902,37540
2018-05-16,0,47909,9,realDonaldTrump,46,51950811,37549
2018-05-17,0,33691,9,realDonaldTrump,46,51984502,37558
2018-05-18,0,27237,11,realDonaldTrump,46,52011739,37569
2018-05-19,0,33029,7,realDonaldTrump,46,52044768,37576
2018-05-20,0,35153,9,realDonaldTrump,46,52079921,37585
2018-05-21,0,39938,11,realDonaldTrump,46,52119859,37596
2018-05-22,0,29226,1,realDonaldTrump,46,52149085,37597
2018-05-23,0,18255,15,realDonaldTrump,46,52167340,37612
2018-05-24,0,36152,9,realDonaldTrump,46,52203492,37621
2018-05-25,0,-22177,15,realDonaldTrump,46,52181315,37636
2018-05-26,0,26170,13,realDonaldTrump,46,52207485,37649
2018-05-27,0,28719,7,realDonaldTrump,46,52236204,37656
2018-05-28,0,27051,7,realDonaldTrump,46,52263255,37663
2018-05-29,0,19165,12,realDonaldTrump,46,52282420,37675
2018-05-30,0,27590,5,realDonaldTrump,46,52310010,37680
2018-05-31,0,17765,19,realDonaldTrump,46,52327775,37699
2018-06-01,0,28321,6,realDonaldTrump,46,52356096,37705
2018-06-02,0,30060,5,realDonaldTrump,46,52386156,37710
2018-06-03,0,26793,15,realDonaldTrump,46,52412949,37725
2018-06-04,0,26390,9,realDonaldTrump,46,52439339,37734
2018-06-05,0,24562,18,realDonaldTrump,46,52463901,37752
2018-06-06,0,20334,18,realDonaldTrump,46,52484235,37770
2018-06-07,0,20417,15,realDonaldTrump,46,52504652,37785
2018-06-08,0,32365,11,realDonaldTrump,46,52537017,37796
2018-06-09,0,4317,2,realDonaldTrump,46,52541334,37798
2018-06-10,0,32639,10,realDonaldTrump,46,52573973,37808
2018-06-11,0,42462,8,realDonaldTrump,46,52616435,37816
2018-06-12,0,79347,18,realDonaldTrump,46,52695782,37834
2018-06-13,0,28303,9,realDonaldTrump,46,52724085,37843
2018-06-14,0,35771,8,realDonaldTrump,46,52759856,37851
2018-06-15,0,32679,15,realDonaldTrump,46,52792535,37866
2018-06-16,0,27347,11,realDonaldTrump,46,52819882,37877
2018-06-17,0,23725,13,realDonaldTrump,46,52843607,37890
2018-06-18,0,26737,13,realDonaldTrump,46,52870344,37903
2018-06-19,0,31225,7,realDonaldTrump,46,52901569,37910
2018-06-20,0,32659,12,realDonaldTrump,46,52934228,37922
2018-06-21,0,32189,16,realDonaldTrump,46,52966417,37938
2018-06-22,0,27859,21,realDonaldTrump,46,52994276,37959
2018-06-23,1,5449,21,realDonaldTrump,47,52999725,37980
2018-06-24,0,26558,10,realDonaldTrump,47,53026283,37990
2018-06-25,0,28288,12,realDonaldTrump,47,53054571,38002
2018-06-26,0,27392,18,realDonaldTrump,47,53081963,38020
2018-06-27,0,24927,13,realDonaldTrump,47,53106890,38033
2018-06-28,0,-75802,16,realDonaldTrump,47,53031088,38049
2018-06-29,0,24863,3,realDonaldTrump,47,53055951,38052
2018-06-30,0,23173,14,realDonaldTrump,47,53079124,38066
2018-07-01,0,24407,7,realDonaldTrump,47,53103531,38073
2018-07-02,0,45889,3,realDonaldTrump,47,53149420,38076
2018-07-03,0,29206,12,realDonaldTrump,47,53178626,38088
2018-07-04,0,22067,10,realDonaldTrump,47,53200693,38098
2018-07-05,0,25084,5,realDonaldTrump,47,53225777,38103
2018-07-06,0,25223,6,realDonaldTrump,47,53251000,38109
2018-07-07,0,23036,7,realDonaldTrump,47,53274036,38116
2018-07-08,0,24604,4,realDonaldTrump,47,53298640,38120
2018-07-09,0,29177,6,realDonaldTrump,47,53327817,38126
2018-07-10,0,29346,17,realDonaldTrump,47,53357163,38143
2018-07-11,0,25322,10,realDonaldTrump,47,53382485,38153
2018-07-12,0,-326118,20,realDonaldTrump,47,53056367,38173
2018-07-13,0,34271,4,realDonaldTrump,47,53090638,38177
2018-07-14,0,22868,9,realDonaldTrump,47,53113506,38186
2018-07-15,0,24143,9,realDonaldTrump,47,53137649,38195
2018-07-16,0,31243,10,realDonaldTrump,47,53168892,38205
2018-07-17,0,27996,11,realDonaldTrump,47,53196888,38216
2018-07-18,0,-19151,10,realDonaldTrump,47,53177737,38226
2018-07-19,0,-32080,16,realDonaldTrump,47,53145657,38242
2018-07-20,0,6780,11,realDonaldTrump,47,53152437,38253
2018-07-21,0,19723,4,realDonaldTrump,47,53172160,38257
2018-07-22,0,20007,9,realDonaldTrump,47,53192167,38266
2018-07-23,0,39179,12,realDonaldTrump,47,53231346,38278
2018-07-24,0,33882,12,realDonaldTrump,47,53265228,38290
2018-07-25,0,11596,12,realDonaldTrump,47,53276824,38302
2018-07-26,0,27982,14,realDonaldTrump,47,53304806,38316
2018-07-27,0,29494,14,realDonaldTrump,47,53334300,38330
2018-07-28,0,18133,8,realDonaldTrump,47,53352433,38338
2018-07-29,0,17644,11,realDonaldTrump,47,53370077,38349
2018-07-30,0,19974,10,realDonaldTrump,47,53390051,38359
2018-07-31,0,17729,24,realDonaldTrump,47,53407780,38383
2018-08-01,0,18858,16,realDonaldTrump,47,53426638,38399
2018-08-02,0,23273,10,realDonaldTrump,47,53449911,38409
2018-08-03,0,20060,8,realDonaldTrump,47,53469971,38417
2018-08-04,0,22543,27,realDonaldTrump,47,53492514,38444
2018-08-05,0,27279,16,realDonaldTrump,47,53519793,38460
2018-08-06,0,25730,8,realDonaldTrump,47,53545523,38468
2018-08-07,0,24486,7,realDonaldTrump,47,53570009,38475
2018-08-08,0,23538,9,realDonaldTrump,47,53593547,38484
2018-08-09,0,22933,3,realDonaldTrump,47,53616480,38487
2018-08-10,0,44396,9,realDonaldTrump,47,53660876,38496
2018-08-11,0,40815,8,realDonaldTrump,47,53701691,38504
2018-08-12,0,22355,8,realDonaldTrump,47,53724046,38512
2018-08-13,0,22308,4,realDonaldTrump,47,53746354,38516
2018-08-14,0,6510,25,realDonaldTrump,47,53752864,38541
2018-08-15,0,20757,14,realDonaldTrump,47,53773621,38555
2018-08-16,0,20753,14,realDonaldTrump,47,53794374,38569
2018-08-17,0,20692,17,realDonaldTrump,47,53815066,38586
2018-08-18,0,9982,6,realDonaldTrump,47,53825048,38592
2018-08-19,0,27928,17,realDonaldTrump,47,53852976,38609
2018-08-20,0,17252,7,realDonaldTrump,47,53870228,38616
2018-08-21,0,14920,14,realDonaldTrump,47,53885148,38630
2018-08-22,0,28428,9,realDonaldTrump,47,53913576,38639
2018-08-23,0,33956,12,realDonaldTrump,47,53947532,38651
2018-08-24,0,26476,12,realDonaldTrump,47,53974008,38663
2018-08-25,0,22071,17,realDonaldTrump,47,53996079,38680
2018-08-26,0,29793,8,realDonaldTrump,47,54025872,38688
2018-08-27,0,24681,5,realDonaldTrump,47,54050553,38693
2018-08-28,0,23552,12,realDonaldTrump,47,54074105,38705
2018-08-29,0,17468,20,realDonaldTrump,47,54091573,38725
2018-08-30,0,17891,20,realDonaldTrump,47,54109464,38745
2018-08-31,0,19875,3,realDonaldTrump,47,54129339,38748
2018-09-01,0,10808,16,realDonaldTrump,47,54140147,38764
2018-09-02,0,17716,13,realDonaldTrump,47,54157863,38777
2018-09-03,0,16599,7,realDonaldTrump,47,54174462,38784
2018-09-04,0,16008,8,realDonaldTrump,47,54190470,38792
2018-09-05,0,20919,21,realDonaldTrump,47,54211389,38813
2018-09-06,0,33778,9,realDonaldTrump,47,54245167,38822
2018-09-07,0,16554,8,realDonaldTrump,47,54261721,38830
2018-09-08,0,26904,11,realDonaldTrump,47,54288625,38841
2018-09-09,0,23603,15,realDonaldTrump,47,54312228,38856
2018-09-10,0,22152,16,realDonaldTrump,47,54334380,38872
2018-09-11,0,26369,15,realDonaldTrump,47,54360749,38887
2018-09-12,0,26649,13,realDonaldTrump,47,54387398,38900
2018-09-13,0,25825,16,realDonaldTrump,47,54413223,38916
2018-09-14,0,24222,26,realDonaldTrump,47,54437445,38942
2018-09-15,0,23598,13,realDonaldTrump,47,54461043,38955
2018-09-16,0,19857,12,realDonaldTrump,47,54480900,38967
2018-09-17,0,18129,29,realDonaldTrump,47,54499029,38996
2018-09-18,0,6622,15,realDonaldTrump,47,54505651,39011
2018-09-19,0,31272,9,realDonaldTrump,47,54536923,39020
2018-09-20,0,18447,10,realDonaldTrump,47,54555370,39030
2018-09-21,0,16352,21,realDonaldTrump,47,54571722,39051
2018-09-22,0,15851,19,realDonaldTrump,47,54587573,39070
2018-09-23,0,16565,1,realDonaldTrump,47,54604138,39071
2018-09-24,0,17889,5,realDonaldTrump,47,54622027,39076
2018-09-25,0,18927,14,realDonaldTrump,47,54640954,39090
2018-09-26,0,20090,11,realDonaldTrump,47,54661044,39101
2018-09-27,0,21330,10,realDonaldTrump,47,54682374,39111
2018-09-28,0,26781,1,realDonaldTrump,47,54709155,39112
2018-09-29,0,23047,1,realDonaldTrump,47,54732202,39113
2018-09-30,0,19869,5,realDonaldTrump,47,54752071,39118
2018-10-01,0,22957,7,realDonaldTrump,47,54775028,39125
2018-10-02,0,22706,5,realDonaldTrump,47,54797734,39130
2018-10-03,0,22803,22,realDonaldTrump,47,54820537,39152
2018-10-04,0,38972,7,realDonaldTrump,47,54859509,39159
2018-10-05,0,33347,13,realDonaldTrump,47,54892856,39172
2018-10-06,0,28811,4,realDonaldTrump,47,54921667,39176
2018-10-07,0,37332,7,realDonaldTrump,47,54958999,39183
2018-10-08,0,34359,1,realDonaldTrump,47,54993358,39184
2018-10-09,0,-5636,16,realDonaldTrump,47,54987722,39200
2018-10-10,0,22443,22,realDonaldTrump,47,55010165,39222
2018-10-11,0,44885,16,realDonaldTrump,47,55055050,39238
2018-10-12,0,39675,9,realDonaldTrump,47,55094725,39247
2018-10-13,0,23548,12,realDonaldTrump,47,55118273,39259
2018-10-14,0,9384,10,realDonaldTrump,47,55127657,39269
2018-10-15,0,22135,10,realDonaldTrump,47,55149792,39279
2018-10-16,0,23940,15,realDonaldTrump,47,55173732,39294
2018-10-17,0,21842,19,realDonaldTrump,47,55195574,39313
2018-10-18,0,12847,19,realDonaldTrump,47,55208421,39332
2018-10-19,-1,19896,13,realDonaldTrump,46,55228317,39345
2018-10-20,0,25971,13,realDonaldTrump,46,55254288,39358
2018-10-21,0,18036,4,realDonaldTrump,46,55272324,39362
2018-10-22,0,22686,10,realDonaldTrump,46,55295010,39372
2018-10-23,0,-5261,17,realDonaldTrump,46,55289749,39389
2018-10-24,0,-5049,10,realDonaldTrump,46,55284700,39399
2018-10-25,0,2225,7,realDonaldTrump,46,55286925,39406
2018-10-26,0,15379,18,realDonaldTrump,46,55302304,39424
2018-10-27,0,65883,17,realDonaldTrump,46,55368187,39441
2018-10-28,0,23037,7,realDonaldTrump,46,55391224,39448
2018-10-29,0,65612,8,realDonaldTrump,46,55456836,39456
2018-10-30,0,39113,16,realDonaldTrump,46,55495949,39472
2018-10-31,0,27344,12,realDonaldTrump,46,55523293,39484
2018-11-01,0,22329,11,realDonaldTrump,46,55545622,39495
2018-11-02,0,28999,11,realDonaldTrump,46,55574621,39506
2018-11-03,0,36819,14,realDonaldTrump,46,55611440,39520
2018-11-04,0,-23167,38,realDonaldTrump,46,55588273,39558
2018-11-05,0,-15726,15,realDonaldTrump,46,55572547,39573
2018-11-06,0,23043,33,realDonaldTrump,46,55595590,39606
2018-11-07,0,-5915,18,realDonaldTrump,46,55589675,39624
2018-11-08,0,23641,4,realDonaldTrump,46,55613316,39628
2018-11-09,0,-79222,5,realDonaldTrump,46,55534094,39633
2018-11-10,0,7885,12,realDonaldTrump,46,55541979,39645
2018-11-11,0,29690,9,realDonaldTrump,46,55571669,39654
2018-11-12,0,29633,8,realDonaldTrump,46,55601302,39662
2018-11-13,0,43198,12,realDonaldTrump,46,55644500,39674
2018-11-14,0,31482,2,realDonaldTrump,46,55675982,39676
2018-11-15,0,24939,10,realDonaldTrump,46,55700921,39686
2018-11-16,0,23766,4,realDonaldTrump,46,55724687,39690
2018-11-17,0,16406,14,realDonaldTrump,46,55741093,39704
2018-11-18,0,20466,2,realDonaldTrump,46,55761559,39706
2018-11-19,0,21276,10,realDonaldTrump,46,55782835,39716
2018-11-20,0,29190,4,realDonaldTrump,46,55812025,39720
2018-11-21,0,26624,7,realDonaldTrump,46,55838649,39727
2018-11-22,0,14012,15,realDonaldTrump,46,55852661,39742
2018-11-23,0,21554,4,realDonaldTrump,46,55874215,39746
2018-11-24,0,20706,2,realDonaldTrump,46,55894921,39748
2018-11-25,0,21171,8,realDonaldTrump,46,55916092,39756
2018-11-26,0,24545,9,realDonaldTrump,46,55940637,39765
2018-11-27,0,22288,12,realDonaldTrump,46,55962925,39777
2018-11-28,0,12973,5,realDonaldTrump,46,55975898,39782
2018-12-01,0,32725,44,realDonaldTrump,46,56008623,39826
2018-12-02,0,21915,2,realDonaldTrump,46,56030538,39828
2018-12-03,0,25297,2,realDonaldTrump,46,56055835,39830
2018-12-04,0,26311,12,realDonaldTrump,46,56082146,39842
2018-12-05,0,17442,11,realDonaldTrump,46,56099588,39853
2018-12-06,0,2308,9,realDonaldTrump,46,56101896,39862
2018-12-07,0,-7435,7,realDonaldTrump,46,56094461,39869
2018-12-08,0,3433,18,realDonaldTrump,46,56097894,39887
2018-12-09,0,29652,12,realDonaldTrump,46,56127546,39899
2018-12-10,0,25938,4,realDonaldTrump,46,56153484,39903
2018-12-11,0,12308,4,realDonaldTrump,46,56165792,39907
2018-12-12,0,-3396,7,realDonaldTrump,46,56162396,39914
2018-12-13,0,14071,3,realDonaldTrump,46,56176467,39917
2018-12-14,0,20864,10,realDonaldTrump,46,56197331,39927
2018-12-15,0,23264,9,realDonaldTrump,46,56220595,39936
2018-12-16,0,26239,5,realDonaldTrump,46,56246834,39941
2018-12-17,0,15512,10,realDonaldTrump,46,56262346,39951
2018-12-18,0,32295,5,realDonaldTrump,46,56294641,39956
2018-12-19,0,24673,16,realDonaldTrump,46,56319314,39972
2018-12-20,-1,29614,10,realDonaldTrump,45,56348928,39982
2018-12-21,0,30299,16,realDonaldTrump,45,56379227,39998
2018-12-22,0,30509,20,realDonaldTrump,45,56409736,40018
2018-12-23,0,33620,10,realDonaldTrump,45,56443356,40028
2018-12-24,0,31391,13,realDonaldTrump,45,56474747,40041
2018-12-25,0,37619,13,realDonaldTrump,45,56512366,40054
2018-12-26,0,38785,2,realDonaldTrump,45,56551151,40056
2018-12-27,0,34059,1,realDonaldTrump,45,56585210,40057
2018-12-28,0,30867,10,realDonaldTrump,45,56616077,40067
2018-12-29,0,34963,5,realDonaldTrump,45,56651040,40072
2018-12-30,0,31909,9,realDonaldTrump,45,56682949,40081
2018-12-31,0,29909,3,realDonaldTrump,45,56712858,40084
2019-01-01,0,22807,15,realDonaldTrump,45,56735665,40099
2019-01-02,0,61104,17,realDonaldTrump,45,56796769,40116
2019-01-03,0,45081,1,realDonaldTrump,45,56841850,40117
2019-01-04,0,37716,8,realDonaldTrump,45,56879566,40125
2019-01-05,0,39529,6,realDonaldTrump,45,56919095,40131
2019-01-06,0,41156,16,realDonaldTrump,45,56960251,40147
2019-01-07,0,45724,7,realDonaldTrump,45,57005975,40154
2019-01-08,0,38589,6,realDonaldTrump,45,57044564,40160
2019-01-09,0,43977,6,realDonaldTrump,45,57088541,40166
2019-01-10,0,41348,12,realDonaldTrump,45,57129889,40178
2019-01-11,0,31622,12,realDonaldTrump,45,57161511,40190
2019-01-12,0,36995,10,realDonaldTrump,45,57198506,40200
2019-01-13,0,37124,14,realDonaldTrump,45,57235630,40214
2019-01-14,0,41868,13,realDonaldTrump,45,57277498,40227
2019-01-15,0,16234,18,realDonaldTrump,45,57293732,40245
2019-01-16,0,39855,18,realDonaldTrump,45,57333587,40263
2019-01-17,0,40290,2,realDonaldTrump,45,57373877,40265
2019-01-18,0,38709,8,realDonaldTrump,45,57412586,40273
2019-01-19,0,39078,28,realDonaldTrump,45,57451664,40301
2019-01-20,0,43711,7,realDonaldTrump,45,57495375,40308
2019-01-21,0,37420,41,realDonaldTrump,45,57532795,40349
2019-01-22,0,34973,11,realDonaldTrump,45,57567768,40360
2019-01-23,0,31590,12,realDonaldTrump,45,57599358,40372
2019-01-24,0,61858,8,realDonaldTrump,45,57661216,40380
2019-01-25,0,38812,10,realDonaldTrump,45,57700028,40390
2019-01-26,0,40863,3,realDonaldTrump,45,57740891,40393
2019-01-27,0,34223,12,realDonaldTrump,45,57775114,40405
2019-01-28,0,32730,11,realDonaldTrump,45,57807844,40416
2019-01-29,0,27305,6,realDonaldTrump,45,57835149,40422
2019-01-30,0,20378,2,realDonaldTrump,45,57855527,40424
2019-01-31,0,37525,10,realDonaldTrump,45,57893052,40434
2019-02-01,0,26326,20,realDonaldTrump,45,57919378,40454
2019-02-02,0,25531,8,realDonaldTrump,45,57944909,40462
2019-02-03,0,26175,4,realDonaldTrump,45,57971084,40466
2019-02-04,0,29731,2,realDonaldTrump,45,58000815,40468
2019-02-05,0,21393,1,realDonaldTrump,45,58022208,40469
2019-02-06,0,26274,6,realDonaldTrump,45,58048482,40475
2019-02-07,0,11498,1,realDonaldTrump,45,58059980,40476
2019-02-10,0,57347,32,realDonaldTrump,45,58117327,40508
2019-02-11,0,29217,14,realDonaldTrump,45,58146544,40522
2019-02-12,0,28398,9,realDonaldTrump,45,58174942,40531
2019-02-13,0,21222,11,realDonaldTrump,45,58196164,40542
2019-02-14,0,24887,9,realDonaldTrump,45,58221051,40551
2019-02-15,0,29351,5,realDonaldTrump,45,58250402,40556
2019-02-16,0,44604,4,realDonaldTrump,45,58295006,40560
2019-02-17,0,33506,9,realDonaldTrump,45,58328512,40569
2019-02-18,0,33374,13,realDonaldTrump,45,58361886,40582
2019-02-19,0,32087,17,realDonaldTrump,45,58393973,40599
2019-02-20,0,28071,8,realDonaldTrump,45,58422044,40607
2019-02-21,0,27364,9,realDonaldTrump,45,58449408,40616
2019-02-22,0,25865,7,realDonaldTrump,45,58475273,40623
2019-02-23,0,24793,6,realDonaldTrump,45,58500066,40629
2019-02-24,0,44994,14,realDonaldTrump,45,58545060,40643
2019-02-25,0,32584,10,realDonaldTrump,45,58577644,40653
2019-02-26,0,31686,20,realDonaldTrump,45,58609330,40673
2019-02-27,0,39096,7,realDonaldTrump,45,58648426,40680
2019-02-28,0,45875,7,realDonaldTrump,45,58694301,40687
2019-03-01,0,35130,7,realDonaldTrump,45,58729431,40694
2019-03-02,0,25978,10,realDonaldTrump,45,58755409,40704
2019-03-03,0,25427,13,realDonaldTrump,45,58780836,40717
2019-03-04,0,21451,15,realDonaldTrump,45,58802287,40732
2019-03-05,0,9658,11,realDonaldTrump,45,58811945,40743
2019-03-06,0,20029,18,realDonaldTrump,45,58831974,40761
2019-03-07,0,23406,6,realDonaldTrump,45,58855380,40767
2019-03-08,0,11757,2,realDonaldTrump,45,58867137,40769
2019-03-09,0,25140,35,realDonaldTrump,45,58892277,40804
2019-03-10,0,16540,17,realDonaldTrump,45,58908817,40821
2019-03-11,0,16214,11,realDonaldTrump,45,58925031,40832
2019-03-12,0,14809,4,realDonaldTrump,45,58939840,40836
2019-03-13,0,18662,20,realDonaldTrump,45,58958502,40856
2019-03-14,0,26794,19,realDonaldTrump,45,58985296,40875
2019-03-15,0,27990,14,realDonaldTrump,45,59013286,40889
2019-03-16,0,35814,10,realDonaldTrump,45,59049100,40899
2019-03-17,0,26311,20,realDonaldTrump,45,59075411,40919
2019-03-18,0,23827,30,realDonaldTrump,45,59099238,40949
2019-03-19,0,28003,15,realDonaldTrump,45,59127241,40964
2019-03-20,0,27181,13,realDonaldTrump,45,59154422,40977
2019-03-21,0,28775,10,realDonaldTrump,45,59183197,40987
2019-03-22,0,31296,6,realDonaldTrump,45,59214493,40993
2019-03-23,0,29967,11,realDonaldTrump,45,59244460,41004
2019-03-24,0,29850,0,realDonaldTrump,45,59274310,41004
2019-03-25,0,38057,2,realDonaldTrump,45,59312367,41006
2019-03-26,0,24959,17,realDonaldTrump,45,59337326,41023
2019-03-27,0,19156,10,realDonaldTrump,45,59356482,41033
2019-03-28,0,12928,8,realDonaldTrump,45,59369410,41041
2019-03-29,0,26710,16,realDonaldTrump,45,59396120,41057
2019-03-30,0,20458,10,realDonaldTrump,45,59416578,41067
2019-03-31,0,22861,4,realDonaldTrump,45,59439439,41071
2019-04-01,0,23725,2,realDonaldTrump,45,59463164,41073
2019-04-02,0,18071,14,realDonaldTrump,45,59481235,41087
2019-04-03,0,17303,11,realDonaldTrump,45,59498538,41098
2019-04-04,0,19040,4,realDonaldTrump,45,59517578,41102
2019-04-05,0,20011,11,realDonaldTrump,45,59537589,41113
2019-04-06,0,26088,34,realDonaldTrump,45,59563677,41147
2019-04-07,0,6692,5,realDonaldTrump,45,59570369,41152
2019-04-08,0,15756,7,realDonaldTrump,45,59586125,41159
2019-04-09,0,14422,13,realDonaldTrump,45,59600547,41172
2019-04-10,0,4630,19,realDonaldTrump,45,59605177,41191
2019-04-11,0,15966,8,realDonaldTrump,45,59621143,41199
2019-04-12,0,5240,11,realDonaldTrump,45,59626383,41210
2019-04-13,0,23741,17,realDonaldTrump,45,59650124,41227
2019-04-14,0,15489,11,realDonaldTrump,45,59665613,41238
2019-04-15,0,17657,10,realDonaldTrump,45,59683270,41248
2019-04-16,0,34149,16,realDonaldTrump,45,59717419,41264
2019-04-17,0,23168,11,realDonaldTrump,45,59740587,41275
2019-04-18,0,18314,7,realDonaldTrump,45,59758901,41282
2019-04-19,0,12722,20,realDonaldTrump,45,59771623,41302
2019-04-20,0,25171,13,realDonaldTrump,45,59796794,41315
2019-04-21,1,12996,20,realDonaldTrump,46,59809790,41335
2019-04-22,0,24370,8,realDonaldTrump,46,59834160,41343
2019-04-23,0,16938,43,realDonaldTrump,46,59851098,41386
2019-04-24,0,11674,18,realDonaldTrump,46,59862772,41404
2019-04-25,0,-2226,15,realDonaldTrump,46,59860546,41419
2019-04-26,0,579,22,realDonaldTrump,46,59861125,41441
2019-04-27,0,21024,11,realDonaldTrump,46,59882149,41452
2019-04-28,0,15167,15,realDonaldTrump,46,59897316,41467
2019-04-29,0,15055,1,realDonaldTrump,46,59912371,41468
2019-04-30,0,13161,13,realDonaldTrump,46,59925532,41481
2019-05-01,0,21681,8,realDonaldTrump,46,59947213,41489
2019-05-02,0,7713,79,realDonaldTrump,46,59954926,41568
2019-05-03,0,12125,12,realDonaldTrump,46,59967051,41580
2019-05-04,0,9973,19,realDonaldTrump,46,59977024,41599
2019-05-05,0,12038,28,realDonaldTrump,46,59989062,41627
2019-05-06,0,33893,25,realDonaldTrump,46,60022955,41652
2019-05-07,0,39142,9,realDonaldTrump,46,60062097,41661
2019-05-08,0,23756,14,realDonaldTrump,46,60085853,41675
2019-05-09,0,28733,30,realDonaldTrump,46,60114586,41705
2019-05-10,0,19936,13,realDonaldTrump,46,60134522,41718
2019-05-11,0,32463,23,realDonaldTrump,46,60166985,41741
2019-05-12,0,19451,90,realDonaldTrump,46,60186436,41831
2019-05-14,0,46327,45,realDonaldTrump,46,60232763,41876
2019-05-15,0,10993,5,realDonaldTrump,46,60243756,41881
2019-05-16,0,25212,8,realDonaldTrump,46,60268968,41889
2019-05-17,0,22941,8,realDonaldTrump,46,60291909,41897
2019-05-18,0,23910,15,realDonaldTrump,46,60315819,41912
2019-05-19,0,33094,22,realDonaldTrump,46,60348913,41934
2019-05-20,0,30393,13,realDonaldTrump,46,60379306,41947
2019-05-21,0,38366,17,realDonaldTrump,46,60417672,41964
2019-05-22,0,21089,16,realDonaldTrump,46,60438761,41980
2019-05-23,1,24438,34,realDonaldTrump,47,60463199,42014
2019-05-24,0,36330,28,realDonaldTrump,47,60499529,42042
2019-05-25,0,30929,13,realDonaldTrump,47,60530458,42055
2019-05-26,0,30498,21,realDonaldTrump,47,60560956,42076
2019-05-27,0,39222,8,realDonaldTrump,47,60600178,42084
2019-05-28,0,29139,16,realDonaldTrump,47,60629317,42100
2019-05-29,0,23983,10,realDonaldTrump,47,60653300,42110
2019-05-30,0,26719,8,realDonaldTrump,47,60680019,42118
2019-05-31,0,22559,18,realDonaldTrump,47,60702578,42136
2019-06-01,0,20464,11,realDonaldTrump,47,60723042,42147
2019-06-02,0,17941,24,realDonaldTrump,47,60740983,42171
2019-06-03,0,21256,14,realDonaldTrump,47,60762239,42185
2019-06-04,0,46358,17,realDonaldTrump,47,60808597,42202
2019-06-05,0,28328,14,realDonaldTrump,47,60836925,42216
2019-06-06,0,22783,10,realDonaldTrump,47,60859708,42226
2019-06-07,0,15661,9,realDonaldTrump,47,60875369,42235
2019-06-08,0,21181,15,realDonaldTrump,47,60896550,42250
2019-06-09,0,23600,15,realDonaldTrump,47,60920150,42265
2019-06-10,0,19338,21,realDonaldTrump,47,60939488,42286
2019-06-11,0,20336,20,realDonaldTrump,47,60959824,42306
2019-06-12,0,18134,18,realDonaldTrump,47,60977958,42324
2019-06-13,0,13291,19,realDonaldTrump,47,60991249,42343
2019-06-14,0,15869,19,realDonaldTrump,47,61007118,42362
2019-06-15,0,17489,12,realDonaldTrump,47,61024607,42374
2019-06-16,0,17662,44,realDonaldTrump,47,61042269,42418
2019-06-17,0,24602,17,realDonaldTrump,47,61066871,42435
2019-06-18,0,21834,11,realDonaldTrump,47,61088705,42446
2019-06-19,0,28580,15,realDonaldTrump,47,61117285,42461
2019-06-20,0,23506,11,realDonaldTrump,47,61140791,42472
2019-06-21,0,49858,5,realDonaldTrump,47,61190649,42477
2019-06-22,0,47171,10,realDonaldTrump,47,61237820,42487
2019-06-23,0,67718,21,realDonaldTrump,47,61305538,42508
2019-06-24,0,6380,0,realDonaldTrump,47,61311918,42508
2019-06-25,0,28423,11,realDonaldTrump,47,61340341,42519
2019-06-26,0,27577,14,realDonaldTrump,47,61367918,42533
2019-06-27,0,41799,46,realDonaldTrump,47,61409717,42579
2019-06-28,0,48259,7,realDonaldTrump,47,61457976,42586
2019-06-29,0,39841,4,realDonaldTrump,47,61497817,42590
2019-06-30,0,41126,7,realDonaldTrump,47,61538943,42597
2019-07-01,0,42499,5,realDonaldTrump,47,61581442,42602
2019-07-02,0,24915,14,realDonaldTrump,47,61606357,42616
2019-07-03,0,30886,20,realDonaldTrump,47,61637243,42636
2019-07-04,0,32507,14,realDonaldTrump,47,61669750,42650
2019-07-05,0,30494,44,realDonaldTrump,47,61700244,42694
2019-07-06,0,24428,7,realDonaldTrump,47,61724672,42701
2019-07-07,0,22021,15,realDonaldTrump,47,61746693,42716
2019-07-08,0,29386,16,realDonaldTrump,47,61776079,42732
2019-07-09,0,25352,11,realDonaldTrump,47,61801431,42743
2019-07-10,0,25172,24,realDonaldTrump,47,61826603,42767
2019-07-11,0,22330,18,realDonaldTrump,47,61848933,42785
2019-07-12,0,4363,40,realDonaldTrump,47,61853296,42825
2019-07-13,0,35830,72,realDonaldTrump,47,61889126,42897
2019-07-14,0,6890,4,realDonaldTrump,47,61896016,42901
2019-07-15,0,35887,41,realDonaldTrump,47,61931903,42942
2019-07-16,0,27689,8,realDonaldTrump,47,61959592,42950
2019-07-17,0,40340,14,realDonaldTrump,47,61999932,42964
2019-07-18,0,37690,15,realDonaldTrump,47,62037622,42979
2019-07-19,0,29793,11,realDonaldTrump,47,62067415,42990
2019-07-20,0,38958,19,realDonaldTrump,47,62106373,43009
2019-07-21,0,35149,31,realDonaldTrump,47,62141522,43040
2019-07-22,0,30092,15,realDonaldTrump,47,62171614,43055
2019-07-23,0,36654,17,realDonaldTrump,47,62208268,43072
2019-07-24,0,37695,20,realDonaldTrump,47,62245963,43092
2019-07-25,0,34289,40,realDonaldTrump,47,62280252,43132
2019-07-26,0,33139,16,realDonaldTrump,47,62313391,43148
2019-07-27,0,33435,15,realDonaldTrump,47,62346826,43163
2019-07-28,0,30086,24,realDonaldTrump,47,62376912,43187
2019-07-29,0,21236,14,realDonaldTrump,47,62398148,43201
2019-07-30,0,35848,47,realDonaldTrump,47,62433996,43248
2019-07-31,0,19036,3,realDonaldTrump,47,62453032,43251
2019-08-01,0,37967,20,realDonaldTrump,47,62490999,43271
2019-08-02,0,41701,16,realDonaldTrump,47,62532700,43287
2019-08-03,0,47970,9,realDonaldTrump,47,62580670,43296
2019-08-04,0,49924,17,realDonaldTrump,47,62630594,43313
2019-08-05,0,57619,4,realDonaldTrump,47,62688213,43317
2019-08-06,0,48925,14,realDonaldTrump,47,62737138,43331
2019-08-07,0,49864,15,realDonaldTrump,47,62787002,43346
2019-08-08,0,44198,25,realDonaldTrump,47,62831200,43371
2019-08-09,0,41541,11,realDonaldTrump,47,62872741,43382
2019-08-10,0,37498,8,realDonaldTrump,47,62910239,43390
2019-08-11,0,37320,13,realDonaldTrump,47,62947559,43403
2019-08-12,0,39029,9,realDonaldTrump,47,62986588,43412
2019-08-13,0,35225,13,realDonaldTrump,47,63021813,43425
2019-08-14,0,48189,48,realDonaldTrump,47,63070002,43473
