Date,Daily Followers Gained,Total Follower Count,Daily Followed Users,Total Followed Users,Daily Tweets Posted,Total Tweets Posted,Name
2016-07-27,3285,1706879,0,89450,1,55478,CoryBooker
2016-07-28,4060,1710939,-1,89449,41,55519,CoryBooker
2016-07-29,3324,1714263,12,89461,48,55567,CoryBooker
2016-07-30,1514,1715777,24,89485,19,55586,CoryBooker
2016-07-31,1065,1716842,43,89528,80,55666,CoryBooker
2016-08-01,1099,1717941,88,89616,94,55760,CoryBooker
2016-08-02,1868,1719809,30,89646,12,55772,CoryBooker
2016-08-03,1932,1721741,17,89663,24,55796,CoryBooker
2016-08-04,1414,1723155,2,89665,40,55836,CoryBooker
2016-08-05,1422,1724577,16,89681,42,55878,CoryBooker
2016-08-06,1527,1726104,22,89703,38,55916,CoryBooker
2016-08-07,1555,1727659,-1,89702,5,55921,CoryBooker
2016-08-08,1846,1729505,6,89708,19,55940,CoryBooker
2016-08-09,1694,1731199,14,89722,32,55972,CoryBooker
2016-08-10,1231,1732430,17,89739,30,56002,CoryBooker
2016-08-11,1062,1733492,29,89768,30,56032,CoryBooker
2016-08-12,982,1734474,47,89815,31,56063,CoryBooker
2016-08-13,848,1735322,6,89821,2,56065,CoryBooker
2016-08-14,859,1736181,4,89825,14,56079,CoryBooker
2016-08-15,876,1737057,-3,89822,20,56099,CoryBooker
2016-08-16,810,1737867,-2,89820,2,56101,CoryBooker
2016-08-17,698,1738565,-6,89814,1,56102,CoryBooker
2016-08-18,681,1739246,-5,89809,1,56103,CoryBooker
2016-08-19,568,1739814,-6,89803,3,56106,CoryBooker
2016-08-20,589,1740403,-5,89798,9,56115,CoryBooker
2016-08-21,690,1741093,-3,89795,2,56117,CoryBooker
2016-08-22,686,1741779,-4,89791,1,56118,CoryBooker
2016-08-23,696,1742475,2,89793,1,56119,CoryBooker
2016-08-24,748,1743223,-7,89786,2,56121,CoryBooker
2016-08-25,748,1743971,-3,89783,0,56121,CoryBooker
2016-08-26,737,1744708,-2,89781,2,56123,CoryBooker
2016-08-27,677,1745385,1,89782,1,56124,CoryBooker
2016-08-28,683,1746068,-5,89777,1,56125,CoryBooker
2016-08-29,845,1746913,-8,89769,1,56126,CoryBooker
2016-08-30,770,1747683,-3,89766,1,56127,CoryBooker
2016-08-31,254,1747937,-3,89763,0,56127,CoryBooker
2016-09-01,1553,1749490,4,89767,16,56143,CoryBooker
2016-09-02,863,1750353,0,89767,0,56143,CoryBooker
2016-09-03,921,1751274,4,89771,12,56155,CoryBooker
2016-09-04,784,1752058,0,89771,0,56155,CoryBooker
2016-09-05,800,1752858,-2,89769,0,56155,CoryBooker
2016-09-06,257,1753115,-3,89766,3,56158,CoryBooker
2016-09-07,852,1753967,1,89767,1,56159,CoryBooker
2016-09-08,543,1754510,1,89768,11,56170,CoryBooker
2016-09-09,638,1755148,-4,89764,1,56171,CoryBooker
2016-09-10,708,1755856,-7,89757,3,56174,CoryBooker
2016-09-11,767,1756623,26,89783,25,56199,CoryBooker
2016-09-12,779,1757402,-5,89778,2,56201,CoryBooker
2016-09-13,1306,1758708,10,89788,30,56231,CoryBooker
2016-09-14,1296,1760004,11,89799,6,56237,CoryBooker
2016-09-15,968,1760972,2,89801,21,56258,CoryBooker
2016-09-16,909,1761881,-10,89791,3,56261,CoryBooker
2016-09-17,884,1762765,6,89797,13,56274,CoryBooker
2016-09-18,1217,1763982,1,89798,6,56280,CoryBooker
2016-09-19,1243,1765225,17,89815,19,56299,CoryBooker
2016-09-20,1303,1766528,2,89817,8,56307,CoryBooker
2016-09-21,1909,1768437,1,89818,7,56314,CoryBooker
2016-09-22,1887,1770324,21,89839,54,56368,CoryBooker
2016-09-23,1171,1771495,12,89851,6,56374,CoryBooker
2016-09-24,1048,1772543,-3,89848,3,56377,CoryBooker
2016-09-25,1089,1773632,-3,89845,3,56380,CoryBooker
2016-09-26,1138,1774770,-1,89844,4,56384,CoryBooker
2016-09-27,4491,1779261,3,89847,50,56434,CoryBooker
2016-09-28,2639,1781900,2,89849,3,56437,CoryBooker
2016-09-29,1817,1783717,2,89851,7,56444,CoryBooker
2016-09-30,1767,1785484,0,89851,4,56448,CoryBooker
2016-10-01,1163,1786647,18,89869,19,56467,CoryBooker
2016-10-02,1116,1787763,22,89891,34,56501,CoryBooker
2016-10-03,1635,1789398,14,89905,34,56535,CoryBooker
2016-10-04,2868,1792266,10,89915,8,56543,CoryBooker
2016-10-05,4602,1796868,2,89917,15,56558,CoryBooker
2016-10-06,2439,1799307,-1,89916,3,56561,CoryBooker
2016-10-07,2436,1801743,10,89926,28,56589,CoryBooker
2016-10-08,3526,1805269,38,89964,38,56627,CoryBooker
2016-10-09,3637,1808906,15,89979,18,56645,CoryBooker
2016-10-10,5224,1814130,55,90034,19,56664,CoryBooker
2016-10-11,3611,1817741,97,90131,75,56739,CoryBooker
2016-10-12,5323,1823064,19,90150,4,56743,CoryBooker
2016-10-13,3450,1826514,25,90175,22,56765,CoryBooker
2016-10-14,3131,1829645,-1,90174,7,56772,CoryBooker
2016-10-15,2625,1832270,7,90181,29,56801,CoryBooker
2016-10-16,3394,1835664,9,90190,22,56823,CoryBooker
2016-10-17,3844,1839508,1,90191,21,56844,CoryBooker
2016-10-18,3169,1842677,4,90195,1,56845,CoryBooker
2016-10-19,4799,1847476,4,90199,10,56855,CoryBooker
2016-10-20,5716,1853192,-1,90198,42,56897,CoryBooker
2016-10-21,2628,1855820,5,90203,7,56904,CoryBooker
2016-10-22,2432,1858252,28,90231,15,56919,CoryBooker
2016-10-23,2254,1860506,-1,90230,2,56921,CoryBooker
2016-10-24,2283,1862789,23,90253,28,56949,CoryBooker
2016-10-25,1276,1864065,9,90262,10,56959,CoryBooker
2016-10-26,1876,1865941,24,90286,49,57008,CoryBooker
2016-10-27,1223,1867164,19,90305,24,57032,CoryBooker
2016-10-28,1528,1868692,1,90306,3,57035,CoryBooker
2016-10-29,1385,1870077,8,90314,13,57048,CoryBooker
2016-10-30,1571,1871648,1,90315,13,57061,CoryBooker
2016-10-31,1463,1873111,7,90322,12,57073,CoryBooker
2016-11-01,1441,1874552,-5,90317,3,57076,CoryBooker
2016-11-02,1504,1876056,8,90325,12,57088,CoryBooker
2016-11-03,1657,1877713,6,90331,10,57098,CoryBooker
2016-11-04,1688,1879401,27,90358,14,57112,CoryBooker
2016-11-05,1455,1880856,12,90370,41,57153,CoryBooker
2016-11-06,683,1881539,10,90380,18,57171,CoryBooker
2016-11-07,1747,1883286,38,90418,55,57226,CoryBooker
2016-11-08,2883,1886169,47,90465,51,57277,CoryBooker
2016-11-09,7474,1893643,62,90527,7,57284,CoryBooker
2016-11-10,5361,1899004,84,90611,5,57289,CoryBooker
2016-11-11,5156,1904160,99,90710,5,57294,CoryBooker
2016-11-12,4816,1908976,5,90715,4,57298,CoryBooker
2016-11-13,7369,1916345,75,90790,18,57316,CoryBooker
2016-11-14,4081,1920426,26,90816,7,57323,CoryBooker
2016-11-15,2850,1923276,56,90872,11,57334,CoryBooker
2016-11-16,3282,1926558,22,90894,7,57341,CoryBooker
2016-11-17,2821,1929379,4,90898,3,57344,CoryBooker
2016-11-18,2618,1931997,-4,90894,3,57347,CoryBooker
2016-11-19,2810,1934807,13,90907,3,57350,CoryBooker
2016-11-20,2797,1937604,6,90913,5,57355,CoryBooker
2016-11-21,2243,1939847,-10,90903,0,57355,CoryBooker
2016-11-22,1112,1940959,5,90908,15,57370,CoryBooker
2016-11-23,2918,1943877,26,90934,7,57377,CoryBooker
2016-11-24,2261,1946138,14,90948,10,57387,CoryBooker
2016-11-25,2086,1948224,31,90979,18,57405,CoryBooker
2016-11-26,2358,1950582,18,90997,8,57413,CoryBooker
2016-11-27,2404,1952986,6,91003,1,57414,CoryBooker
2016-11-28,2531,1955517,-7,90996,0,57414,CoryBooker
2016-11-29,2701,1958218,3,90999,4,57418,CoryBooker
2016-11-30,2480,1960698,24,91023,20,57438,CoryBooker
2016-12-01,2313,1963011,21,91044,5,57443,CoryBooker
2016-12-02,3071,1966082,26,91070,11,57454,CoryBooker
2016-12-03,3086,1969168,6,91076,8,57462,CoryBooker
2016-12-04,3494,1972662,23,91099,14,57476,CoryBooker
2016-12-05,3956,1976618,6,91105,6,57482,CoryBooker
2016-12-06,3884,1980502,83,91188,8,57490,CoryBooker
2016-12-07,1975,1982477,31,91219,12,57502,CoryBooker
2016-12-08,1116,1983593,19,91238,5,57507,CoryBooker
2016-12-09,2911,1986504,26,91264,28,57535,CoryBooker
2016-12-10,1691,1988195,-7,91257,6,57541,CoryBooker
2016-12-11,1875,1990070,22,91279,24,57565,CoryBooker
2016-12-12,1627,1991697,9,91288,8,57573,CoryBooker
2016-12-13,1317,1993014,20,91308,17,57590,CoryBooker
2016-12-14,621,1993635,120,91428,39,57629,CoryBooker
2016-12-15,3172,1996807,43,91471,33,57662,CoryBooker
2016-12-16,3367,2000174,24,91495,22,57684,CoryBooker
2016-12-17,3870,2004044,3,91498,2,57686,CoryBooker
2016-12-18,3513,2007557,-1,91497,2,57688,CoryBooker
2016-12-19,3806,2011363,4,91501,6,57694,CoryBooker
2016-12-20,3071,2014434,-4,91497,2,57696,CoryBooker
2016-12-21,3318,2017752,-8,91489,6,57702,CoryBooker
2016-12-22,2849,2020601,6,91495,9,57711,CoryBooker
2016-12-23,3021,2023622,16,91511,7,57718,CoryBooker
2016-12-24,2382,2026004,10,91521,3,57721,CoryBooker
2016-12-25,2559,2028563,1,91522,1,57722,CoryBooker
2016-12-26,2343,2030906,-5,91517,1,57723,CoryBooker
2016-12-27,2659,2033565,4,91521,5,57728,CoryBooker
2016-12-28,3720,2037285,4,91525,2,57730,CoryBooker
2016-12-29,2832,2040117,-2,91523,2,57732,CoryBooker
2016-12-30,2457,2042574,-4,91519,1,57733,CoryBooker
2016-12-31,3075,2045649,0,91519,3,57736,CoryBooker
2017-01-01,2941,2048590,-6,91513,1,57737,CoryBooker
2017-01-02,2489,2051079,-2,91511,2,57739,CoryBooker
2017-01-03,6606,2057685,-8,91503,8,57747,CoryBooker
2017-01-04,5269,2062954,1,91504,3,57750,CoryBooker
2017-01-05,5763,2068717,0,91504,7,57757,CoryBooker
2017-01-06,5723,2074440,-2,91502,3,57760,CoryBooker
2017-01-07,5404,2079844,2,91504,3,57763,CoryBooker
2017-01-08,5822,2085666,39,91543,49,57812,CoryBooker
2017-01-09,5353,2091019,-4,91539,3,57815,CoryBooker
2017-01-10,8520,2099539,70,91609,12,57827,CoryBooker
2017-01-11,12095,2111634,7,91616,7,57834,CoryBooker
2017-01-12,9004,2120638,3,91619,1,57835,CoryBooker
2017-01-13,7247,2127885,-12,91607,20,57855,CoryBooker
2017-01-14,4235,2132120,-6,91601,2,57857,CoryBooker
2017-01-15,5171,2137291,-1,91600,1,57858,CoryBooker
2017-01-16,4465,2141756,1,91601,0,57858,CoryBooker
2017-01-17,4440,2146196,-1,91600,5,57863,CoryBooker
2017-01-18,5917,2152113,-9,91591,6,57869,CoryBooker
2017-01-19,3878,2155991,-1,91590,12,57881,CoryBooker
2017-01-20,7196,2163187,3,91593,-4,57877,CoryBooker
2017-01-21,11299,2174486,0,91593,5,57882,CoryBooker
2017-01-22,7260,2181746,0,91593,0,57882,CoryBooker
2017-01-23,10228,2191974,-3,91590,3,57885,CoryBooker
2017-01-24,9348,2201322,-4,91586,2,57887,CoryBooker
2017-01-25,8263,2209585,-6,91580,7,57894,CoryBooker
2017-01-26,12199,2221784,-2,91578,5,57899,CoryBooker
2017-01-27,14363,2236147,-3,91575,16,57915,CoryBooker
2017-01-28,11340,2247487,11,91586,13,57928,CoryBooker
2017-01-29,20643,2268130,138,91724,32,57960,CoryBooker
2017-01-30,18935,2287065,18,91742,34,57994,CoryBooker
2017-01-31,12130,2299195,-7,91735,11,58005,CoryBooker
2017-02-01,7404,2306599,-13,91722,3,58008,CoryBooker
2017-02-02,7274,2313873,34,91756,6,58014,CoryBooker
2017-02-03,6402,2320275,6,91762,6,58020,CoryBooker
2017-02-04,8651,2328926,9,91771,12,58032,CoryBooker
2017-02-05,9823,2338749,0,91771,3,58035,CoryBooker
2017-02-06,8563,2347312,-3,91768,13,58048,CoryBooker
2017-02-07,8761,2356073,38,91806,12,58060,CoryBooker
2017-02-08,9729,2365802,-1,91805,14,58074,CoryBooker
2017-02-09,12599,2378401,5,91810,16,58090,CoryBooker
2017-02-10,10306,2388707,24,91834,30,58120,CoryBooker
2017-02-11,6957,2395664,-6,91828,7,58127,CoryBooker
2017-02-12,7603,2403267,-7,91821,4,58131,CoryBooker
2017-02-13,8187,2411454,-15,91806,2,58133,CoryBooker
2017-02-14,4686,2416140,-4,91802,2,58135,CoryBooker
2017-02-15,6587,2422727,-2,91800,11,58146,CoryBooker
2017-02-16,7842,2430569,0,91800,2,58148,CoryBooker
2017-02-17,9620,2440189,-2,91798,8,58156,CoryBooker
2017-02-18,8138,2448327,5,91803,8,58164,CoryBooker
2017-02-19,7774,2456101,1,91804,0,58164,CoryBooker
2017-02-20,7252,2463353,-5,91799,1,58165,CoryBooker
2017-02-21,8154,2471507,-1,91798,5,58170,CoryBooker
2017-02-22,7554,2479061,0,91798,1,58171,CoryBooker
2017-02-23,10520,2489581,11,91809,4,58175,CoryBooker
2017-02-24,10312,2499893,2,91811,1,58176,CoryBooker
2017-02-25,8046,2507939,-4,91807,1,58177,CoryBooker
2017-02-26,9998,2517937,4,91811,0,58177,CoryBooker
2017-02-27,10203,2528140,-4,91807,0,58177,CoryBooker
2017-02-28,9044,2537184,9,91816,8,58185,CoryBooker
2017-03-01,10142,2547326,-3,91813,17,58202,CoryBooker
2017-03-02,12416,2559742,84,91897,111,58313,CoryBooker
2017-03-03,11817,2571559,7,91904,11,58324,CoryBooker
2017-03-04,9826,2581385,0,91904,3,58327,CoryBooker
2017-03-05,11069,2592454,1,91905,0,58327,CoryBooker
2017-03-06,10255,2602709,-3,91902,5,58332,CoryBooker
2017-03-07,10598,2613307,49,91951,32,58364,CoryBooker
2017-03-08,10819,2624126,4,91955,32,58396,CoryBooker
2017-03-09,17811,2641937,24,91979,15,58411,CoryBooker
2017-03-10,10365,2652302,21,92000,36,58447,CoryBooker
2017-03-11,7910,2660212,7,92007,26,58473,CoryBooker
2017-03-12,8570,2668782,23,92030,28,58501,CoryBooker
2017-03-13,8901,2677683,3,92033,39,58540,CoryBooker
2017-03-14,8933,2686616,2,92035,16,58556,CoryBooker
2017-03-15,8188,2694804,-1,92034,3,58559,CoryBooker
2017-03-16,8894,2703698,12,92046,22,58581,CoryBooker
2017-03-17,14900,2718598,9,92055,17,58598,CoryBooker
2017-03-18,7509,2726107,2,92057,17,58615,CoryBooker
2017-03-19,7660,2733767,14,92071,12,58627,CoryBooker
2017-03-20,7104,2740871,0,92071,0,58627,CoryBooker
2017-03-21,7891,2748762,0,92071,13,58640,CoryBooker
2017-03-22,6862,2755624,-1,92070,3,58643,CoryBooker
2017-03-23,4110,2759734,0,92070,4,58647,CoryBooker
2017-03-24,13752,2773486,11,92081,22,58669,CoryBooker
2017-03-25,9121,2782607,17,92098,6,58675,CoryBooker
2017-03-26,6867,2789474,-1,92097,-2,58673,CoryBooker
2017-03-27,6236,2795710,-3,92094,1,58674,CoryBooker
2017-03-28,5739,2801449,20,92114,26,58700,CoryBooker
2017-03-29,5660,2807109,2,92116,1,58701,CoryBooker
2017-03-30,4570,2811679,5,92121,13,58714,CoryBooker
2017-03-31,-1247,2810432,27,92148,11,58725,CoryBooker
2017-04-01,7635,2818067,-2,92146,5,58730,CoryBooker
2017-04-02,4475,2822542,-6,92140,23,58753,CoryBooker
2017-04-03,4642,2827184,-8,92132,1,58754,CoryBooker
2017-04-04,4691,2831875,10,92142,12,58766,CoryBooker
2017-04-05,4804,2836679,44,92186,32,58798,CoryBooker
2017-04-06,-3028,2833651,10,92196,14,58812,CoryBooker
2017-04-07,9108,2842759,0,92196,5,58817,CoryBooker
2017-04-08,5045,2847804,-6,92190,9,58826,CoryBooker
2017-04-09,4573,2852377,12,92202,9,58835,CoryBooker
2017-04-10,4678,2857055,9,92211,14,58849,CoryBooker
2017-04-11,5264,2862319,-1,92210,16,58865,CoryBooker
2017-04-12,5167,2867486,16,92226,13,58878,CoryBooker
2017-04-13,-347,2867139,-3,92223,1,58879,CoryBooker
2017-04-14,4589,2871728,3,92226,0,58879,CoryBooker
2017-04-15,4857,2876585,-2,92224,1,58880,CoryBooker
2017-04-16,4704,2881289,-2,92222,1,58881,CoryBooker
2017-04-17,4253,2885542,39,92261,47,58928,CoryBooker
2017-04-18,5180,2890722,1,92262,11,58939,CoryBooker
2017-04-19,5251,2895973,8,92270,8,58947,CoryBooker
2017-04-20,4742,2900715,11,92281,19,58966,CoryBooker
2017-04-21,-198,2900517,-6,92275,1,58967,CoryBooker
2017-04-22,2369,2902886,4,92279,20,58987,CoryBooker
2017-04-23,6102,2908988,16,92295,10,58997,CoryBooker
2017-04-24,6058,2915046,-1,92294,6,59003,CoryBooker
2017-04-25,6379,2921425,0,92294,1,59004,CoryBooker
2017-04-26,6564,2927989,17,92311,7,59011,CoryBooker
2017-04-27,286,2928275,-6,92305,0,59011,CoryBooker
2017-04-28,4976,2933251,56,92361,39,59050,CoryBooker
2017-04-29,4257,2937508,25,92386,32,59082,CoryBooker
2017-04-30,3875,2941383,9,92395,6,59088,CoryBooker
2017-05-01,3513,2944896,-3,92392,0,59088,CoryBooker
2017-05-02,3491,2948387,-2,92390,14,59102,CoryBooker
2017-05-03,3887,2952274,92,92482,39,59141,CoryBooker
2017-05-04,4643,2956917,124,92606,52,59193,CoryBooker
2017-05-05,3772,2960689,33,92639,9,59202,CoryBooker
2017-05-06,4450,2965139,7,92646,20,59222,CoryBooker
2017-05-07,3986,2969125,53,92699,28,59250,CoryBooker
2017-05-08,3359,2972484,2,92701,2,59252,CoryBooker
2017-05-09,2606,2975090,15,92716,23,59275,CoryBooker
2017-05-10,4667,2979757,-1,92715,12,59287,CoryBooker
2017-05-11,3221,2982978,19,92734,8,59295,CoryBooker
2017-05-12,2694,2985672,-4,92730,1,59296,CoryBooker
2017-05-13,2802,2988474,9,92739,5,59301,CoryBooker
2017-05-14,4102,2992576,11,92750,4,59305,CoryBooker
2017-05-15,3974,2996550,0,92750,0,59305,CoryBooker
2017-05-16,4482,3001032,87,92837,26,59331,CoryBooker
2017-05-17,5244,3006276,43,92880,21,59352,CoryBooker
2017-05-18,1118,3007394,15,92895,12,59364,CoryBooker
2017-05-19,5186,3012580,9,92904,17,59381,CoryBooker
2017-05-20,3745,3016325,14,92918,11,59392,CoryBooker
2017-05-21,5345,3021670,8,92926,32,59424,CoryBooker
2017-05-22,5861,3027531,8,92934,8,59432,CoryBooker
2017-05-23,6504,3034035,5,92939,14,59446,CoryBooker
2017-05-24,5785,3039820,10,92949,11,59457,CoryBooker
2017-05-25,1606,3041426,0,92949,7,59464,CoryBooker
2017-05-26,8844,3050270,-2,92947,4,59468,CoryBooker
2017-05-27,3697,3053967,10,92957,10,59478,CoryBooker
2017-05-28,2226,3056193,-1,92956,3,59481,CoryBooker
2017-05-29,1839,3058032,-3,92953,0,59481,CoryBooker
2017-05-30,2116,3060148,-2,92951,2,59483,CoryBooker
2017-05-31,2261,3062409,-5,92946,1,59484,CoryBooker
2017-06-01,2806,3065215,0,92946,4,59488,CoryBooker
2017-06-02,5308,3070523,-10,92936,9,59497,CoryBooker
2017-06-03,5232,3075755,4,92940,19,59516,CoryBooker
2017-06-04,5555,3081310,-1,92939,8,59524,CoryBooker
2017-06-05,6092,3087402,-6,92933,7,59531,CoryBooker
2017-06-06,6711,3094113,2,92935,4,59535,CoryBooker
2017-06-07,6172,3100285,21,92956,12,59547,CoryBooker
2017-06-08,6764,3107049,1,92957,2,59549,CoryBooker
2017-06-09,6071,3113120,0,92957,23,59572,CoryBooker
2017-06-10,4669,3117789,45,93002,43,59615,CoryBooker
2017-06-11,4267,3122056,20,93022,21,59636,CoryBooker
2017-06-12,4892,3126948,33,93055,64,59700,CoryBooker
2017-06-13,4842,3131790,11,93066,16,59716,CoryBooker
2017-06-14,5827,3137617,30,93096,50,59766,CoryBooker
2017-06-15,594,3138211,-4,93092,-1,59765,CoryBooker
2017-06-16,4694,3142905,0,93092,8,59773,CoryBooker
2017-06-17,3079,3145984,9,93101,9,59782,CoryBooker
2017-06-18,2831,3148815,-5,93096,0,59782,CoryBooker
2017-06-19,3059,3151874,1,93097,3,59785,CoryBooker
2017-06-20,3245,3155119,11,93108,25,59810,CoryBooker
2017-06-21,3688,3158807,13,93121,30,59840,CoryBooker
2017-06-22,3457,3162264,7,93128,15,59855,CoryBooker
2017-06-23,4191,3166455,19,93147,41,59896,CoryBooker
2017-06-24,3270,3169725,1,93148,0,59896,CoryBooker
2017-06-25,2925,3172650,-6,93142,6,59902,CoryBooker
2017-06-26,2945,3175595,1,93143,2,59904,CoryBooker
2017-06-27,4993,3180588,9,93152,19,59923,CoryBooker
2017-06-28,834,3181422,0,93152,7,59930,CoryBooker
2017-06-29,1193,3182615,0,93152,10,59940,CoryBooker
2017-06-30,4205,3186820,0,93152,13,59953,CoryBooker
2017-07-01,3683,3190503,1,93153,8,59961,CoryBooker
2017-07-02,3408,3193911,1,93154,12,59973,CoryBooker
2017-07-03,3696,3197607,-8,93146,0,59973,CoryBooker
2017-07-04,3534,3201141,6,93152,18,59991,CoryBooker
2017-07-05,4074,3205215,-1,93151,2,59993,CoryBooker
2017-07-06,3156,3208371,26,93177,19,60012,CoryBooker
2017-07-07,1906,3210277,27,93204,26,60038,CoryBooker
2017-07-08,1881,3212158,-3,93201,4,60042,CoryBooker
2017-07-09,1801,3213959,-4,93197,7,60049,CoryBooker
2017-07-10,1470,3215429,89,93286,126,60175,CoryBooker
2017-07-11,1968,3217397,-1,93285,9,60184,CoryBooker
2017-07-12,1807,3219204,-6,93279,2,60186,CoryBooker
2017-07-13,-1332,3217872,-4,93275,9,60195,CoryBooker
2017-07-14,1667,3219539,-6,93269,1,60196,CoryBooker
2017-07-15,1569,3221108,0,93269,0,60196,CoryBooker
2017-07-16,1568,3222676,-5,93264,0,60196,CoryBooker
2017-07-17,1565,3224241,5,93269,0,60196,CoryBooker
2017-07-18,839,3225080,-5,93264,1,60197,CoryBooker
2017-07-19,2703,3227783,47,93311,66,60263,CoryBooker
2017-07-20,-869,3226914,3,93314,29,60292,CoryBooker
2017-07-21,685,3227599,-2,93312,2,60294,CoryBooker
2017-07-22,989,3228588,4,93316,5,60299,CoryBooker
2017-07-23,966,3229554,0,93316,0,60299,CoryBooker
2017-07-24,1064,3230618,-7,93309,6,60305,CoryBooker
2017-07-25,1290,3231908,-6,93303,0,60305,CoryBooker
2017-07-26,1632,3233540,6,93309,12,60317,CoryBooker
2017-07-27,-1151,3232389,4,93313,9,60326,CoryBooker
2017-07-28,2137,3234526,35,93348,11,60337,CoryBooker
2017-07-29,1447,3235973,24,93372,8,60345,CoryBooker
2017-07-30,1340,3237313,-4,93368,3,60348,CoryBooker
2017-07-31,1209,3238522,-5,93363,5,60353,CoryBooker
2017-08-01,1480,3240002,-1,93362,11,60364,CoryBooker
2017-08-02,3672,3243674,13,93375,26,60390,CoryBooker
2017-08-03,2502,3246176,-2,93373,2,60392,CoryBooker
2017-08-04,1609,3247785,-3,93370,10,60402,CoryBooker
2017-08-05,1313,3249098,2,93372,6,60408,CoryBooker
2017-08-06,1259,3250357,9,93381,14,60422,CoryBooker
2017-08-07,2018,3252375,-2,93379,0,60422,CoryBooker
2017-08-08,1338,3253713,-3,93376,2,60424,CoryBooker
2017-08-09,1380,3255093,-3,93373,1,60425,CoryBooker
2017-08-10,-1566,3253527,-6,93367,1,60426,CoryBooker
2017-08-11,1034,3254561,0,93367,0,60426,CoryBooker
2017-08-12,1357,3255918,-4,93363,11,60437,CoryBooker
2017-08-13,2080,3257998,4,93367,4,60441,CoryBooker
2017-08-14,1941,3259939,19,93386,3,60444,CoryBooker
2017-08-15,1601,3261540,-10,93376,3,60447,CoryBooker
2017-08-16,5844,3267384,1,93377,5,60452,CoryBooker
2017-08-17,6401,3273785,-1,93376,11,60463,CoryBooker
2017-08-18,5861,3279646,1,93377,0,60463,CoryBooker
2017-08-19,5553,3285199,0,93377,1,60464,CoryBooker
2017-08-20,5042,3290241,-2,93375,1,60465,CoryBooker
2017-08-21,5002,3295243,4,93379,3,60468,CoryBooker
2017-08-22,4945,3300188,-5,93374,5,60473,CoryBooker
2017-08-23,5529,3305717,-5,93369,3,60476,CoryBooker
2017-08-24,5630,3311347,2,93371,4,60480,CoryBooker
2017-08-25,6249,3317596,2,93373,19,60499,CoryBooker
2017-08-26,6173,3323769,13,93386,9,60508,CoryBooker
2017-08-27,6171,3329940,0,93386,1,60509,CoryBooker
2017-08-28,5848,3335788,-1,93385,0,60509,CoryBooker
2017-08-29,5540,3341328,31,93416,0,60509,CoryBooker
2017-08-30,5304,3346632,2,93418,0,60509,CoryBooker
2017-08-31,6337,3352969,-3,93415,0,60509,CoryBooker
2017-09-01,4164,3357133,-5,93410,0,60509,CoryBooker
2017-09-02,3597,3360730,-1,93409,0,60509,CoryBooker
2017-09-03,3042,3363772,3,93412,8,60517,CoryBooker
2017-09-04,3347,3367119,-4,93408,0,60517,CoryBooker
2017-09-05,3733,3370852,-6,93402,1,60518,CoryBooker
2017-09-06,4699,3375551,-7,93395,11,60529,CoryBooker
2017-09-07,3778,3379329,-4,93391,1,60530,CoryBooker
2017-09-08,2970,3382299,-2,93389,1,60531,CoryBooker
2017-09-09,2873,3385172,-1,93388,-1,60530,CoryBooker
2017-09-10,2760,3387932,-4,93384,2,60532,CoryBooker
2017-09-11,2709,3390641,-1,93383,0,60532,CoryBooker
2017-09-12,2968,3393609,0,93383,11,60543,CoryBooker
2017-09-13,2582,3396191,-1,93382,0,60543,CoryBooker
2017-09-14,2782,3398973,-1,93381,6,60549,CoryBooker
2017-09-15,2211,3401184,1,93382,12,60561,CoryBooker
2017-09-16,2110,3403294,-7,93375,10,60571,CoryBooker
2017-09-17,2299,3405593,-4,93371,0,60571,CoryBooker
2017-09-18,2319,3407912,-5,93366,9,60580,CoryBooker
2017-09-19,2186,3410098,2,93368,0,60580,CoryBooker
2017-09-20,2412,3412510,5,93373,15,60595,CoryBooker
2017-09-21,2650,3415160,-3,93370,1,60596,CoryBooker
2017-09-22,2150,3417310,-3,93367,10,60606,CoryBooker
2017-09-23,2177,3419487,5,93372,6,60612,CoryBooker
2017-09-24,2841,3422328,-1,93371,0,60612,CoryBooker
2017-09-25,3183,3425511,-9,93362,0,60612,CoryBooker
2017-09-26,2996,3428507,-2,93360,2,60614,CoryBooker
2017-09-27,3140,3431647,24,93384,7,60621,CoryBooker
2017-09-28,2988,3434635,-5,93379,13,60634,CoryBooker
2017-09-29,2068,3436703,-10,93369,-1,60633,CoryBooker
2017-09-30,2044,3438747,1,93370,0,60633,CoryBooker
2017-10-01,2376,3441123,-4,93366,0,60633,CoryBooker
2017-10-02,2700,3443823,0,93366,4,60637,CoryBooker
2017-10-03,2653,3446476,-5,93361,1,60638,CoryBooker
2017-10-04,2317,3448793,-7,93354,2,60640,CoryBooker
2017-10-05,-3377,3445416,-3,93351,4,60644,CoryBooker
2017-10-06,1571,3446987,3,93354,11,60655,CoryBooker
2017-10-07,2170,3449157,-7,93347,0,60655,CoryBooker
2017-10-08,2308,3451465,-3,93344,0,60655,CoryBooker
2017-10-09,2719,3454184,-4,93340,0,60655,CoryBooker
2017-10-10,2215,3456399,-7,93333,0,60655,CoryBooker
2017-10-11,2763,3459162,-1,93332,2,60657,CoryBooker
2017-10-12,3031,3462193,-3,93329,3,60660,CoryBooker
2017-10-13,2614,3464807,-6,93323,21,60681,CoryBooker
2017-10-14,2399,3467206,-1,93322,5,60686,CoryBooker
2017-10-15,2229,3469435,-1,93321,0,60686,CoryBooker
2017-10-16,2335,3471770,-9,93312,7,60693,CoryBooker
2017-10-17,3066,3474836,36,93348,25,60718,CoryBooker
2017-10-18,2508,3477344,2,93350,4,60722,CoryBooker
2017-10-19,2810,3480154,-8,93342,1,60723,CoryBooker
2017-10-20,2452,3482606,39,93381,7,60730,CoryBooker
2017-10-21,2426,3485032,-2,93379,3,60733,CoryBooker
2017-10-22,2458,3487490,-1,93378,4,60737,CoryBooker
2017-10-23,2431,3489921,44,93422,20,60757,CoryBooker
2017-10-24,3337,3493258,17,93439,21,60778,CoryBooker
2017-10-25,4257,3497515,-6,93433,6,60784,CoryBooker
2017-10-26,2165,3499680,-2,93431,12,60796,CoryBooker
2017-10-27,2246,3501926,-7,93424,6,60802,CoryBooker
2017-10-28,2457,3504383,-4,93420,0,60802,CoryBooker
2017-10-29,2404,3506787,-2,93418,0,60802,CoryBooker
2017-10-30,2900,3509687,-3,93415,5,60807,CoryBooker
2017-10-31,2839,3512526,-1,93414,3,60810,CoryBooker
2017-11-01,2435,3514961,-7,93407,3,60813,CoryBooker
2017-11-02,3010,3517971,2,93409,0,60813,CoryBooker
2017-11-03,798,3518769,-3,93406,8,60821,CoryBooker
2017-11-04,525,3519294,-4,93402,13,60834,CoryBooker
2017-11-05,1842,3521136,-9,93393,1,60835,CoryBooker
2017-11-06,1535,3522671,-6,93387,2,60837,CoryBooker
2017-11-07,1446,3524117,4,93391,16,60853,CoryBooker
2017-11-08,1556,3525673,27,93418,31,60884,CoryBooker
2017-11-09,3692,3529365,-1,93417,-1,60883,CoryBooker
2017-11-10,957,3530322,6,93423,13,60896,CoryBooker
2017-11-11,729,3531051,-7,93416,0,60896,CoryBooker
2017-11-12,183,3531234,3,93419,2,60898,CoryBooker
2017-11-13,332,3531566,2,93421,3,60901,CoryBooker
2017-11-14,426,3531992,-8,93413,-25,60876,CoryBooker
2017-11-15,526,3532518,4,93417,1,60877,CoryBooker
2017-11-16,878,3533396,-4,93413,0,60877,CoryBooker
2017-11-17,652,3534048,-8,93405,0,60877,CoryBooker
2017-11-18,45,3534093,-6,93399,0,60877,CoryBooker
2017-11-19,217,3534310,-6,93393,0,60877,CoryBooker
2017-11-20,794,3535104,30,93423,15,60892,CoryBooker
2017-11-21,418,3535522,-4,93419,3,60895,CoryBooker
2017-11-22,1243,3536765,22,93441,20,60915,CoryBooker
2017-11-23,1068,3537833,-2,93439,1,60916,CoryBooker
2017-11-24,1027,3538860,2,93441,-1,60915,CoryBooker
2017-11-25,992,3539852,-9,93432,-2,60913,CoryBooker
2017-11-26,1060,3540912,-4,93428,0,60913,CoryBooker
2017-11-27,1172,3542084,-2,93426,0,60913,CoryBooker
2017-11-28,1725,3543809,-1,93425,1,60914,CoryBooker
2017-11-29,1918,3545727,-5,93420,11,60925,CoryBooker
2017-11-30,2277,3548004,-2,93418,1,60926,CoryBooker
2017-12-01,2366,3550370,-1,93417,2,60928,CoryBooker
2017-12-02,4231,3554601,65,93482,41,60969,CoryBooker
2017-12-03,4410,3559011,-6,93476,0,60969,CoryBooker
2017-12-04,2924,3561935,-9,93467,3,60972,CoryBooker
2017-12-05,3301,3565236,-8,93459,2,60974,CoryBooker
2017-12-06,3122,3568358,-1,93458,1,60975,CoryBooker
2017-12-07,3506,3571864,-1,93457,0,60975,CoryBooker
2017-12-08,3191,3575055,19,93476,11,60986,CoryBooker
2017-12-09,2632,3577687,-3,93473,5,60991,CoryBooker
2017-12-10,4966,3582653,2,93475,9,61000,CoryBooker
2017-12-11,4788,3587441,-4,93471,1,61001,CoryBooker
2017-12-12,2028,3589469,-6,93465,1,61002,CoryBooker
2017-12-13,8850,3598319,-7,93458,7,61009,CoryBooker
2017-12-14,12067,3610386,-3,93455,15,61024,CoryBooker
2017-12-15,2318,3612704,0,93455,0,61024,CoryBooker
2017-12-16,3488,3616192,-3,93452,3,61027,CoryBooker
2017-12-17,1656,3617848,0,93452,0,61027,CoryBooker
2017-12-18,3790,3621638,-5,93447,0,61027,CoryBooker
2017-12-19,3849,3625487,-2,93445,1,61028,CoryBooker
2017-12-20,4255,3629742,0,93445,4,61032,CoryBooker
2017-12-21,6709,3636451,-5,93440,7,61039,CoryBooker
2017-12-22,7114,3643565,-5,93435,3,61042,CoryBooker
2017-12-23,5770,3649335,-2,93433,2,61044,CoryBooker
2017-12-24,7176,3656511,1,93434,3,61047,CoryBooker
2017-12-25,6335,3662846,-6,93428,-1,61046,CoryBooker
2017-12-26,6217,3669063,33,93461,26,61072,CoryBooker
2017-12-27,7031,3676094,-2,93459,0,61072,CoryBooker
2017-12-28,11539,3687633,-12,93447,0,61072,CoryBooker
2017-12-29,12756,3700389,-1,93446,2,61074,CoryBooker
2017-12-30,5096,3705485,28,93474,12,61086,CoryBooker
2017-12-31,5217,3710702,2,93476,0,61086,CoryBooker
2018-01-01,4750,3715452,-9,93467,0,61086,CoryBooker
2018-01-02,6073,3721525,-6,93461,0,61086,CoryBooker
2018-01-03,4288,3725813,94,93555,21,61107,CoryBooker
2018-01-04,10704,3736517,-3,93552,3,61110,CoryBooker
2018-01-05,13798,3750315,-1,93551,7,61117,CoryBooker
2018-01-06,3400,3753715,-1,93550,0,61117,CoryBooker
2018-01-07,4821,3758536,-3,93547,0,61117,CoryBooker
2018-01-08,6806,3765342,-7,93540,0,61117,CoryBooker
2018-01-09,1884,3767226,-3,93537,16,61133,CoryBooker
2018-01-10,3377,3770603,-4,93533,16,61149,CoryBooker
2018-01-11,12452,3783055,-5,93528,1,61150,CoryBooker
2018-01-12,8296,3791351,-1,93527,12,61162,CoryBooker
2018-01-13,518,3791869,-5,93522,9,61171,CoryBooker
2018-01-14,1459,3793328,-4,93518,0,61171,CoryBooker
2018-01-15,2349,3795677,-4,93514,3,61174,CoryBooker
2018-01-16,2196,3797873,17,93531,32,61206,CoryBooker
2018-01-17,21833,3819706,-10,93521,12,61218,CoryBooker
2018-01-18,7537,3827243,-3,93518,11,61229,CoryBooker
2018-01-19,8808,3836051,-7,93511,0,61229,CoryBooker
2018-01-20,1908,3837959,-3,93508,18,61247,CoryBooker
2018-01-21,1963,3839922,-5,93503,1,61248,CoryBooker
2018-01-22,2459,3842381,-6,93497,0,61248,CoryBooker
2018-01-23,-3363,3839018,-14,93483,8,61256,CoryBooker
2018-01-24,226,3839244,-4,93479,4,61260,CoryBooker
2018-01-25,3312,3842556,-11,93468,13,61273,CoryBooker
2018-01-26,5537,3848093,8,93476,17,61290,CoryBooker
2018-01-27,4419,3852512,-2,93474,4,61294,CoryBooker
2018-01-28,1303,3853815,-6,93468,0,61294,CoryBooker
2018-01-29,288,3854103,-6,93462,0,61294,CoryBooker
2018-01-30,2620,3856723,2,93464,28,61322,CoryBooker
2018-01-31,4539,3861262,2,93466,8,61330,CoryBooker
2018-02-01,5234,3866496,2,93468,9,61339,CoryBooker
2018-02-02,221,3866717,-7,93461,9,61348,CoryBooker
2018-02-03,5001,3871718,-4,93457,0,61348,CoryBooker
2018-02-04,6722,3878440,-4,93453,0,61348,CoryBooker
2018-02-05,2892,3881332,-1,93452,8,61356,CoryBooker
2018-02-06,2893,3884225,6,93458,1,61357,CoryBooker
2018-02-07,2868,3887093,-4,93454,4,61361,CoryBooker
2018-02-08,2854,3889947,-10,93444,2,61363,CoryBooker
2018-02-09,3515,3893462,-3,93441,8,61371,CoryBooker
2018-02-10,934,3894396,-10,93431,3,61374,CoryBooker
2018-02-11,6922,3901318,-6,93425,0,61374,CoryBooker
2018-02-12,5612,3906930,-6,93419,0,61374,CoryBooker
2018-02-13,-1937,3904993,-2,93417,0,61374,CoryBooker
2018-02-14,169,3905162,-15,93402,5,61379,CoryBooker
2018-02-15,1825,3906987,56,93458,5,61384,CoryBooker
2018-02-16,-544,3906443,-2,93456,1,61385,CoryBooker
2018-02-17,1927,3908370,-1,93455,1,61386,CoryBooker
2018-02-18,1533,3909903,3,93458,5,61391,CoryBooker
2018-02-19,1568,3911471,-5,93453,0,61391,CoryBooker
2018-02-20,1340,3912811,-7,93446,5,61396,CoryBooker
2018-02-21,1670,3914481,-9,93437,1,61397,CoryBooker
2018-02-22,3073,3917554,1,93438,0,61397,CoryBooker
2018-02-23,3805,3921359,-2,93436,2,61399,CoryBooker
2018-02-24,4058,3925417,-1,93435,7,61406,CoryBooker
2018-02-25,4587,3930004,0,93435,0,61406,CoryBooker
2018-02-26,3493,3933497,-3,93432,19,61425,CoryBooker
2018-02-27,4615,3938112,7,93439,10,61435,CoryBooker
2018-02-28,3389,3941501,0,93439,1,61436,CoryBooker
2018-03-01,2266,3943767,-9,93430,0,61436,CoryBooker
2018-03-02,-1856,3941911,-4,93426,0,61436,CoryBooker
2018-03-03,1189,3943100,-1,93425,4,61440,CoryBooker
2018-03-04,3855,3946955,0,93425,3,61443,CoryBooker
2018-03-05,4523,3951478,19,93444,1,61444,CoryBooker
2018-03-06,4871,3956349,8,93452,5,61449,CoryBooker
2018-03-07,4736,3961085,-1,93451,3,61452,CoryBooker
2018-03-08,3971,3965056,-3,93448,1,61453,CoryBooker
2018-03-09,3237,3968293,-4,93444,1,61454,CoryBooker
2018-03-10,2858,3971151,-8,93436,5,61459,CoryBooker
2018-03-11,3258,3974409,-7,93429,0,61459,CoryBooker
2018-03-12,2879,3977288,-4,93425,13,61472,CoryBooker
2018-03-13,3149,3980437,-3,93422,3,61475,CoryBooker
2018-03-14,4491,3984928,-6,93416,13,61488,CoryBooker
2018-03-15,4554,3989482,4,93420,4,61492,CoryBooker
2018-03-16,4089,3993571,-3,93417,2,61494,CoryBooker
2018-03-17,3980,3997551,-8,93409,0,61494,CoryBooker
2018-03-18,3588,4001139,-5,93404,0,61494,CoryBooker
2018-03-19,4066,4005205,0,93404,1,61495,CoryBooker
2018-03-20,3188,4008393,-8,93396,1,61496,CoryBooker
2018-03-21,3312,4011705,-13,93383,1,61497,CoryBooker
2018-03-22,3587,4015292,-6,93377,11,61508,CoryBooker
2018-03-23,4086,4019378,1,93378,10,61518,CoryBooker
2018-03-24,3798,4023176,-27,93351,1,61519,CoryBooker
2018-03-25,3965,4027141,-28,93323,0,61519,CoryBooker
2018-03-26,3925,4031066,-4,93319,0,61519,CoryBooker
2018-03-27,3868,4034934,1,93320,0,61519,CoryBooker
2018-03-28,4060,4038994,-10,93310,5,61524,CoryBooker
2018-03-29,4670,4043664,-1,93309,3,61527,CoryBooker
2018-03-30,5043,4048707,1,93310,0,61527,CoryBooker
2018-03-31,4915,4053622,-4,93306,1,61528,CoryBooker
2018-04-01,4378,4058000,-3,93303,-1,61527,CoryBooker
2018-04-02,4570,4062570,-5,93298,11,61538,CoryBooker
2018-04-03,5378,4067948,-4,93294,0,61538,CoryBooker
2018-04-04,3423,4071371,-3,93291,0,61538,CoryBooker
2018-04-05,4834,4076205,-1,93290,1,61539,CoryBooker
2018-04-06,4487,4080692,-2,93288,-1,61538,CoryBooker
2018-04-07,5526,4086218,-1,93287,0,61538,CoryBooker
2018-04-08,4404,4090622,-1,93286,0,61538,CoryBooker
2018-04-09,6143,4096765,-10,93276,0,61538,CoryBooker
2018-04-10,6406,4103171,0,93276,13,61551,CoryBooker
2018-04-11,6529,4109700,-3,93273,1,61552,CoryBooker
2018-04-12,7617,4117317,-1,93272,1,61553,CoryBooker
2018-04-13,6460,4123777,-2,93270,1,61554,CoryBooker
2018-04-14,6738,4130515,0,93270,15,61569,CoryBooker
2018-04-15,7622,4138137,-4,93266,5,61574,CoryBooker
2018-04-16,6957,4145094,-10,93256,1,61575,CoryBooker
2018-04-17,6214,4151308,3,93259,7,61582,CoryBooker
2018-04-18,3490,4154798,-4,93255,2,61584,CoryBooker
2018-04-19,3959,4158757,-7,93248,6,61590,CoryBooker
2018-04-20,4714,4163471,12,93260,0,61590,CoryBooker
2018-04-21,4214,4167685,-5,93255,2,61592,CoryBooker
2018-04-22,4529,4172214,-5,93250,0,61592,CoryBooker
2018-04-23,4276,4176490,3,93253,12,61604,CoryBooker
2018-04-24,4368,4180858,-6,93247,4,61608,CoryBooker
2018-04-25,4432,4185290,-5,93242,14,61622,CoryBooker
2018-04-26,4023,4189313,-4,93238,5,61627,CoryBooker
2018-04-27,2955,4192268,-1,93237,6,61633,CoryBooker
2018-04-28,2454,4194722,-3,93234,10,61643,CoryBooker
2018-04-29,1736,4196458,-4,93230,0,61643,CoryBooker
2018-04-30,2475,4198933,-8,93222,0,61643,CoryBooker
2018-05-01,-839,4198094,-9,93213,8,61651,CoryBooker
2018-05-02,-3222,4194872,-1,93212,2,61653,CoryBooker
2018-05-03,-1901,4192971,-13,93199,0,61653,CoryBooker
2018-05-04,-317,4192654,-24,93175,3,61656,CoryBooker
2018-05-05,-10316,4182338,-4,93171,8,61664,CoryBooker
2018-05-06,-4397,4177941,74,93245,14,61678,CoryBooker
2018-05-07,637,4178578,3,93248,6,61684,CoryBooker
2018-05-08,428,4179006,-10,93238,3,61687,CoryBooker
2018-05-09,65,4179071,-4,93234,8,61695,CoryBooker
2018-05-10,291,4179362,5,93239,1,61696,CoryBooker
2018-05-11,536,4179898,-3,93236,1,61697,CoryBooker
2018-05-12,-12764,4167134,-5,93231,13,61710,CoryBooker
2018-05-13,4750,4171884,14,93245,17,61727,CoryBooker
2018-05-14,4979,4176863,7,93252,20,61747,CoryBooker
2018-05-15,-22311,4154552,-3,93249,1,61748,CoryBooker
2018-05-16,-1961,4152591,18,93267,15,61763,CoryBooker
2018-05-17,-1438,4151153,8,93275,10,61773,CoryBooker
2018-05-18,-13385,4137768,-33,93242,9,61782,CoryBooker
2018-05-19,-318,4137450,-5,93237,3,61785,CoryBooker
2018-05-20,3063,4140513,1,93238,1,61786,CoryBooker
2018-05-21,-1699,4138814,-4,93234,10,61796,CoryBooker
2018-05-22,-370,4138444,-7,93227,0,61796,CoryBooker
2018-05-23,-11747,4126697,-11,93216,7,61803,CoryBooker
2018-05-24,-265,4126432,-9,93207,2,61805,CoryBooker
2018-05-25,-964,4125468,-4,93203,2,61807,CoryBooker
2018-05-26,-128,4125340,-22,93181,0,61807,CoryBooker
2018-05-27,-101,4125239,-3,93178,0,61807,CoryBooker
2018-05-28,-259,4124980,0,93178,0,61807,CoryBooker
2018-05-29,-511,4124469,-12,93166,0,61807,CoryBooker
2018-05-30,-520,4123949,-2,93164,-1,61806,CoryBooker
2018-05-31,-1043,4122906,-2,93162,1,61807,CoryBooker
2018-06-01,-280,4122626,-10,93152,0,61807,CoryBooker
2018-06-02,5,4122631,-9,93143,0,61807,CoryBooker
2018-06-03,93,4122724,-7,93136,0,61807,CoryBooker
2018-06-04,96,4122820,-5,93131,0,61807,CoryBooker
2018-06-05,149,4122969,-3,93128,2,61809,CoryBooker
2018-06-06,-268,4122701,-2,93126,15,61824,CoryBooker
2018-06-07,1051,4123752,4,93130,17,61841,CoryBooker
2018-06-08,-34,4123718,-2,93128,0,61841,CoryBooker
2018-06-09,-31,4123687,-1,93127,1,61842,CoryBooker
2018-06-10,-3,4123684,-1,93126,9,61851,CoryBooker
2018-06-11,-189,4123495,8,93134,4,61855,CoryBooker
2018-06-12,-83,4123412,-1,93133,2,61857,CoryBooker
2018-06-13,-443,4122969,-6,93127,0,61857,CoryBooker
2018-06-14,-49,4122920,-1,93126,1,61858,CoryBooker
2018-06-15,-45,4122875,1,93127,2,61860,CoryBooker
2018-06-16,-101,4122774,-6,93121,4,61864,CoryBooker
2018-06-17,-143,4122631,-2,93119,0,61864,CoryBooker
2018-06-18,79,4122710,-7,93112,1,61865,CoryBooker
2018-06-19,115,4122825,-5,93107,11,61876,CoryBooker
2018-06-20,218,4123043,-5,93102,0,61876,CoryBooker
2018-06-21,302,4123345,3,93105,1,61877,CoryBooker
2018-06-22,119,4123464,-5,93100,-1,61876,CoryBooker
2018-06-23,-1023,4122441,-2,93098,4,61880,CoryBooker
2018-06-24,207,4122648,-7,93091,6,61886,CoryBooker
2018-06-25,147,4122795,-23,93068,0,61886,CoryBooker
2018-06-26,369,4123164,-2,93066,0,61886,CoryBooker
2018-06-27,490,4123654,-1,93065,1,61887,CoryBooker
2018-06-28,-4740,4118914,-5,93060,1,61888,CoryBooker
2018-06-29,877,4119791,1,93061,14,61902,CoryBooker
2018-06-30,813,4120604,-2,93059,10,61912,CoryBooker
2018-07-01,584,4121188,-7,93052,0,61912,CoryBooker
2018-07-02,160,4121348,31,93083,34,61946,CoryBooker
2018-07-03,397,4121745,-4,93079,0,61946,CoryBooker
2018-07-04,-2130,4119615,-4,93075,1,61947,CoryBooker
2018-07-05,-798,4118817,-2,93073,0,61947,CoryBooker
2018-07-06,166,4118983,-8,93065,0,61947,CoryBooker
2018-07-07,174,4119157,-2,93063,0,61947,CoryBooker
2018-07-08,115,4119272,-2,93061,0,61947,CoryBooker
2018-07-09,-15,4119257,-2,93059,-1,61946,CoryBooker
2018-07-10,662,4119919,45,93104,26,61972,CoryBooker
2018-07-11,-153,4119766,-7,93097,7,61979,CoryBooker
2018-07-12,178,4119944,-4,93093,1,61980,CoryBooker
2018-07-13,-140783,3979161,-2,93091,11,61991,CoryBooker
2018-07-14,-307,3978854,15,93106,19,62010,CoryBooker
2018-07-15,-101,3978753,2,93108,5,62015,CoryBooker
2018-07-16,140,3978893,0,93108,0,62015,CoryBooker
2018-07-17,1484,3980377,4,93112,16,62031,CoryBooker
2018-07-18,-3755,3976622,-7,93105,3,62034,CoryBooker
2018-07-19,-2591,3974031,-6,93099,10,62044,CoryBooker
2018-07-20,-411,3973620,-3,93096,6,62050,CoryBooker
2018-07-21,-260,3973360,-4,93092,-2,62048,CoryBooker
2018-07-22,80,3973440,-7,93085,-1,62047,CoryBooker
2018-07-23,-276,3973164,-4,93081,-2,62045,CoryBooker
2018-07-24,-492,3972672,-8,93073,6,62051,CoryBooker
2018-07-25,-1317,3971355,-1,93072,0,62051,CoryBooker
2018-07-26,-89,3971266,-1,93071,15,62066,CoryBooker
2018-07-27,-223,3971043,-7,93064,7,62073,CoryBooker
2018-07-28,-343,3970700,-8,93056,4,62077,CoryBooker
2018-07-29,-223,3970477,-1,93055,-1,62076,CoryBooker
2018-07-30,-514,3969963,-12,93043,1,62077,CoryBooker
2018-07-31,-548,3969415,-10,93033,3,62080,CoryBooker
2018-08-01,-573,3968842,-8,93025,2,62082,CoryBooker
2018-08-02,-492,3968350,-2,93023,-2,62080,CoryBooker
2018-08-03,-454,3967896,-5,93018,1,62081,CoryBooker
2018-08-04,-81,3967815,-6,93012,1,62082,CoryBooker
2018-08-05,201,3968016,1,93013,-1,62081,CoryBooker
2018-08-06,323,3968339,-1,93012,2,62083,CoryBooker
2018-08-07,155,3968494,-7,93005,0,62083,CoryBooker
2018-08-08,127,3968621,-13,92992,12,62095,CoryBooker
2018-08-09,73,3968694,-9,92983,1,62096,CoryBooker
2018-08-10,261,3968955,-9,92974,0,62096,CoryBooker
2018-08-11,146,3969101,-8,92966,0,62096,CoryBooker
2018-08-12,102,3969203,-5,92961,6,62102,CoryBooker
2018-08-13,7,3969210,-8,92953,-1,62101,CoryBooker
2018-08-14,-39,3969171,-3,92950,0,62101,CoryBooker
2018-08-15,160,3969331,-6,92944,7,62108,CoryBooker
2018-08-16,-96,3969235,-10,92934,1,62109,CoryBooker
2018-08-17,87,3969322,-8,92926,1,62110,CoryBooker
2018-08-18,-4,3969318,-11,92915,0,62110,CoryBooker
2018-08-19,174,3969492,-4,92911,-3,62107,CoryBooker
2018-08-20,10,3969502,-5,92906,0,62107,CoryBooker
2018-08-21,5,3969507,2,92908,1,62108,CoryBooker
2018-08-22,746,3970253,3,92911,0,62108,CoryBooker
2018-08-23,72,3970325,-7,92904,6,62114,CoryBooker
2018-08-24,147,3970472,-6,92898,4,62118,CoryBooker
2018-08-25,260,3970732,-5,92893,-1,62117,CoryBooker
2018-08-26,1455,3972187,-3,92890,7,62124,CoryBooker
2018-08-27,-382,3971805,-13,92877,-2,62122,CoryBooker
2018-08-28,402,3972207,0,92877,0,62122,CoryBooker
2018-08-29,152,3972359,-4,92873,-1,62121,CoryBooker
2018-08-30,598,3972957,24,92897,2,62123,CoryBooker
2018-08-31,541,3973498,-8,92889,0,62123,CoryBooker
2018-09-01,525,3974023,-1,92888,-1,62122,CoryBooker
2018-09-02,1066,3975089,1,92889,0,62122,CoryBooker
2018-09-03,609,3975698,-2,92887,1,62123,CoryBooker
2018-09-04,916,3976614,-8,92879,5,62128,CoryBooker
2018-09-05,2260,3978874,2,92881,35,62163,CoryBooker
2018-09-06,15525,3994399,-9,92872,18,62181,CoryBooker
2018-09-07,39773,4034172,-6,92866,30,62211,CoryBooker
2018-09-08,7458,4041630,-4,92862,5,62216,CoryBooker
2018-09-09,2795,4044425,-6,92856,2,62218,CoryBooker
2018-09-10,1160,4045585,-4,92852,11,62229,CoryBooker
2018-09-11,775,4046360,-1,92851,6,62235,CoryBooker
2018-09-12,861,4047221,-5,92846,2,62237,CoryBooker
2018-09-13,849,4048070,3,92849,4,62241,CoryBooker
2018-09-14,675,4048745,-2,92847,4,62245,CoryBooker
2018-09-15,760,4049505,-3,92844,-1,62244,CoryBooker
2018-09-16,707,4050212,-7,92837,0,62244,CoryBooker
2018-09-17,548,4050760,-8,92829,0,62244,CoryBooker
2018-09-18,378,4051138,-7,92822,0,62244,CoryBooker
2018-09-19,617,4051755,-3,92819,2,62246,CoryBooker
2018-09-20,766,4052521,-11,92808,9,62255,CoryBooker
2018-09-21,627,4053148,0,92808,1,62256,CoryBooker
2018-09-22,592,4053740,-1,92807,-1,62255,CoryBooker
2018-09-23,526,4054266,-1,92806,7,62262,CoryBooker
2018-09-24,537,4054803,-15,92791,4,62266,CoryBooker
2018-09-25,622,4055425,-5,92786,8,62274,CoryBooker
2018-09-26,694,4056119,-5,92781,9,62283,CoryBooker
2018-09-27,1338,4057457,-3,92778,2,62285,CoryBooker
2018-09-28,13298,4070755,-3,92775,2,62287,CoryBooker
2018-09-29,12051,4082806,-11,92764,2,62289,CoryBooker
2018-09-30,2389,4085195,-8,92756,0,62289,CoryBooker
2018-10-01,1593,4086788,-2,92754,0,62289,CoryBooker
2018-10-02,1052,4087840,-17,92737,0,62289,CoryBooker
2018-10-03,5678,4093518,-2,92735,3,62292,CoryBooker
2018-10-04,2627,4096145,0,92735,2,62294,CoryBooker
2018-10-05,2276,4098421,-3,92732,8,62302,CoryBooker
2018-10-06,2147,4100568,-10,92722,3,62305,CoryBooker
2018-10-07,2165,4102733,-3,92719,3,62308,CoryBooker
2018-10-08,3770,4106503,-2,92717,1,62309,CoryBooker
2018-10-09,4282,4110785,-17,92700,4,62313,CoryBooker
2018-10-10,10290,4121075,378,93078,4,62317,CoryBooker
2018-10-11,3879,4124954,2,93080,2,62319,CoryBooker
2018-10-12,1341,4126295,0,93080,0,62319,CoryBooker
2018-10-13,493,4126788,-5,93075,8,62327,CoryBooker
2018-10-14,198,4126986,-6,93069,1,62328,CoryBooker
2018-10-15,297,4127283,-8,93061,6,62334,CoryBooker
2018-10-16,382,4127665,-11,93050,0,62334,CoryBooker
2018-10-17,-528,4127137,-5,93045,1,62335,CoryBooker
2018-10-18,-12,4127125,0,93045,1,62336,CoryBooker
2018-10-19,-638,4126487,-6,93039,8,62344,CoryBooker
2018-10-20,257,4126744,1,93040,2,62346,CoryBooker
2018-10-21,443,4127187,3,93043,4,62350,CoryBooker
2018-10-22,568,4127755,-6,93037,4,62354,CoryBooker
2018-10-23,-1542,4126213,-1,93036,3,62357,CoryBooker
2018-10-24,-2159,4124054,-9,93027,0,62357,CoryBooker
2018-10-25,-440,4123614,-6,93021,17,62374,CoryBooker
2018-10-26,248,4123862,-10,93011,6,62380,CoryBooker
2018-10-27,2044,4125906,-5,93006,1,62381,CoryBooker
2018-10-28,443,4126349,-9,92997,1,62382,CoryBooker
2018-10-29,294,4126643,2,92999,9,62391,CoryBooker
2018-10-30,295,4126938,-10,92989,12,62403,CoryBooker
2018-10-31,508,4127446,-6,92983,7,62410,CoryBooker
2018-11-01,37,4127483,-4,92979,8,62418,CoryBooker
2018-11-02,122,4127605,43,93022,6,62424,CoryBooker
2018-11-03,347,4127952,-4,93018,2,62426,CoryBooker
2018-11-04,-4589,4123363,8,93026,8,62434,CoryBooker
2018-11-05,-3218,4120145,3,93029,8,62442,CoryBooker
2018-11-06,280,4120425,0,93029,37,62479,CoryBooker
2018-11-07,-2107,4118318,-3,93026,24,62503,CoryBooker
2018-11-08,-3115,4115203,1,93027,19,62522,CoryBooker
2018-11-09,-27005,4088198,-7,93020,8,62530,CoryBooker
2018-11-10,-8779,4079419,-6,93014,0,62530,CoryBooker
2018-11-11,17,4079436,1,93015,1,62531,CoryBooker
2018-11-12,459,4079895,-3,93012,2,62533,CoryBooker
2018-11-13,335,4080230,-2,93010,1,62534,CoryBooker
2018-11-14,-44,4080186,-6,93004,0,62534,CoryBooker
2018-11-15,-210,4079976,1,93005,1,62535,CoryBooker
2018-11-16,620,4080596,-5,93000,10,62545,CoryBooker
2018-11-17,-33,4080563,-2,92998,1,62546,CoryBooker
2018-11-18,422,4080985,-3,92995,1,62547,CoryBooker
2018-11-19,312,4081297,-3,92992,0,62547,CoryBooker
2018-11-20,171,4081468,-2,92990,9,62556,CoryBooker
2018-11-21,350,4081818,-10,92980,-1,62555,CoryBooker
2018-11-22,-836,4080982,-3,92977,2,62557,CoryBooker
2018-11-23,244,4081226,-3,92974,0,62557,CoryBooker
2018-11-24,612,4081838,-3,92971,0,62557,CoryBooker
2018-11-25,456,4082294,-5,92966,-1,62556,CoryBooker
2018-11-26,484,4082778,-6,92960,-1,62555,CoryBooker
2018-11-27,412,4083190,12,92972,10,62565,CoryBooker
2018-11-28,287,4083477,-4,92968,0,62565,CoryBooker
2018-12-01,943,4084420,-13,92955,20,62585,CoryBooker
2018-12-02,224,4084644,4,92959,5,62590,CoryBooker
2018-12-03,237,4084881,-4,92955,0,62590,CoryBooker
2018-12-04,356,4085237,-9,92946,1,62591,CoryBooker
2018-12-05,-339,4084898,0,92946,9,62600,CoryBooker
2018-12-06,-3473,4081425,-5,92941,0,62600,CoryBooker
2018-12-07,-3272,4078153,2,92943,3,62603,CoryBooker
2018-12-08,-2919,4075234,-6,92937,-1,62602,CoryBooker
2018-12-09,23,4075257,-5,92932,0,62602,CoryBooker
2018-12-10,218,4075475,-4,92928,0,62602,CoryBooker
2018-12-11,-342,4075133,-3,92925,0,62602,CoryBooker
2018-12-12,285,4075418,-5,92920,0,62602,CoryBooker
2018-12-13,102,4075520,21,92941,1,62603,CoryBooker
2018-12-14,293,4075813,-5,92936,10,62613,CoryBooker
2018-12-15,587,4076400,0,92936,1,62614,CoryBooker
2018-12-16,513,4076913,-5,92931,0,62614,CoryBooker
2018-12-17,296,4077209,-6,92925,3,62617,CoryBooker
2018-12-18,58,4077267,30,92955,7,62624,CoryBooker
2018-12-19,257,4077524,8,92963,3,62627,CoryBooker
2018-12-20,559,4078083,-3,92960,4,62631,CoryBooker
2018-12-21,259,4078342,-5,92955,1,62632,CoryBooker
2018-12-22,314,4078656,-10,92945,0,62632,CoryBooker
2018-12-23,479,4079135,-1,92944,0,62632,CoryBooker
2018-12-24,404,4079539,-5,92939,-1,62631,CoryBooker
2018-12-25,318,4079857,-1,92938,0,62631,CoryBooker
2018-12-26,323,4080180,-3,92935,0,62631,CoryBooker
2018-12-27,331,4080511,-11,92924,0,62631,CoryBooker
2018-12-28,323,4080834,-4,92920,0,62631,CoryBooker
2018-12-29,327,4081161,65,92985,10,62641,CoryBooker
2018-12-30,626,4081787,3,92988,0,62641,CoryBooker
2018-12-31,454,4082241,-6,92982,2,62643,CoryBooker
2019-01-01,449,4082690,-9,92973,0,62643,CoryBooker
2019-01-02,442,4083132,-7,92966,0,62643,CoryBooker
2019-01-03,452,4083584,-15,92951,0,62643,CoryBooker
2019-01-04,1029,4084613,1,92952,3,62646,CoryBooker
2019-01-05,979,4085592,-4,92948,1,62647,CoryBooker
2019-01-06,776,4086368,-9,92939,-1,62646,CoryBooker
2019-01-07,733,4087101,-9,92930,-1,62645,CoryBooker
2019-01-08,714,4087815,-8,92922,2,62647,CoryBooker
2019-01-09,963,4088778,-5,92917,3,62650,CoryBooker
2019-01-10,649,4089427,-2,92915,7,62657,CoryBooker
2019-01-11,491,4089918,0,92915,13,62670,CoryBooker
2019-01-12,657,4090575,13,92928,4,62674,CoryBooker
2019-01-13,836,4091411,53,92981,4,62678,CoryBooker
2019-01-14,615,4092026,-5,92976,1,62679,CoryBooker
2019-01-15,-154,4091872,-3,92973,-1,62678,CoryBooker
2019-01-16,1034,4092906,0,92973,26,62704,CoryBooker
2019-01-17,839,4093745,-1,92972,4,62708,CoryBooker
2019-01-18,766,4094511,-7,92965,7,62715,CoryBooker
2019-01-19,711,4095222,-3,92962,7,62722,CoryBooker
2019-01-20,569,4095791,-1,92961,1,62723,CoryBooker
2019-01-21,577,4096368,-4,92957,3,62726,CoryBooker
2019-01-22,1994,4098362,-3,92954,23,62749,CoryBooker
2019-01-23,1405,4099767,-8,92946,3,62752,CoryBooker
2019-01-24,743,4100510,-7,92939,6,62758,CoryBooker
2019-01-25,599,4101109,-3,92936,1,62759,CoryBooker
2019-01-26,570,4101679,-1,92935,1,62760,CoryBooker
2019-01-27,561,4102240,-6,92929,-1,62759,CoryBooker
2019-01-28,624,4102864,-4,92925,2,62761,CoryBooker
2019-01-29,588,4103452,-12,92913,3,62764,CoryBooker
2019-01-30,-171,4103281,-5,92908,3,62767,CoryBooker
2019-01-31,451,4103732,-2,92906,0,62767,CoryBooker
2019-02-01,-8,4103724,-2,92904,0,62767,CoryBooker
2019-02-02,35846,4139570,-7,92897,42,62809,CoryBooker
2019-02-03,8020,4147590,-5,92892,5,62814,CoryBooker
2019-02-04,2567,4150157,-2,92890,3,62817,CoryBooker
2019-02-05,1485,4151642,-12,92878,6,62823,CoryBooker
2019-02-06,2872,4154514,-4,92874,5,62828,CoryBooker
2019-02-07,2183,4156697,-1,92873,4,62832,CoryBooker
2019-02-10,4721,4161418,-19,92854,12,62844,CoryBooker
2019-02-11,2882,4164300,-3,92851,4,62848,CoryBooker
2019-02-12,2360,4166660,-3,92848,0,62848,CoryBooker
2019-02-13,439,4167099,-5,92843,4,62852,CoryBooker
2019-02-14,2787,4169886,-4,92839,0,62852,CoryBooker
2019-02-15,2514,4172400,-2,92837,5,62857,CoryBooker
2019-02-16,2859,4175259,-3,92834,4,62861,CoryBooker
2019-02-17,2248,4177507,-3,92831,6,62867,CoryBooker
2019-02-18,2160,4179667,-6,92825,9,62876,CoryBooker
2019-02-19,1728,4181395,1,92826,3,62879,CoryBooker
2019-02-20,2103,4183498,-4,92822,1,62880,CoryBooker
2019-02-21,1744,4185242,0,92822,3,62883,CoryBooker
2019-02-22,1505,4186747,-3,92819,14,62897,CoryBooker
2019-02-23,1316,4188063,-3,92816,5,62902,CoryBooker
2019-02-24,1497,4189560,-4,92812,6,62908,CoryBooker
2019-02-25,1471,4191031,-2,92810,7,62915,CoryBooker
2019-02-26,988,4192019,-7,92803,4,62919,CoryBooker
2019-02-27,1119,4193138,-13,92790,5,62924,CoryBooker
2019-02-28,1234,4194372,-9,92781,5,62929,CoryBooker
2019-03-01,1149,4195521,8,92789,10,62939,CoryBooker
2019-03-02,951,4196472,-5,92784,2,62941,CoryBooker
2019-03-03,812,4197284,-3,92781,4,62945,CoryBooker
2019-03-04,794,4198078,1,92782,6,62951,CoryBooker
2019-03-05,581,4198659,-1,92781,6,62957,CoryBooker
2019-03-06,668,4199327,-6,92775,4,62961,CoryBooker
2019-03-07,605,4199932,3,92778,3,62964,CoryBooker
2019-03-08,1131,4201063,-4,92774,4,62968,CoryBooker
2019-03-09,778,4201841,-4,92770,5,62973,CoryBooker
2019-03-10,228,4202069,-6,92764,6,62979,CoryBooker
2019-03-11,738,4202807,-4,92760,5,62984,CoryBooker
2019-03-12,707,4203514,3,92763,4,62988,CoryBooker
2019-03-13,595,4204109,-4,92759,3,62991,CoryBooker
2019-03-14,667,4204776,-4,92755,5,62996,CoryBooker
2019-03-15,1059,4205835,-6,92749,8,63004,CoryBooker
2019-03-16,1400,4207235,-3,92746,7,63011,CoryBooker
2019-03-17,1418,4208653,-5,92741,3,63014,CoryBooker
2019-03-18,1318,4209971,-7,92734,3,63017,CoryBooker
2019-03-19,1629,4211600,0,92734,0,63017,CoryBooker
2019-03-20,1452,4213052,-2,92732,6,63023,CoryBooker
2019-03-21,2062,4215114,-1,92731,10,63033,CoryBooker
2019-03-22,1804,4216918,-1,92730,7,63040,CoryBooker
2019-03-23,883,4217801,1,92731,6,63046,CoryBooker
2019-03-24,1757,4219558,-3,92728,7,63053,CoryBooker
2019-03-25,1911,4221469,-4,92724,5,63058,CoryBooker
